1000
440 499
192 338
450 256
180 37
194 252
415 360
239 501
48 190
368 129
212 182
478 276
476 15
0 158
389 354
225 167
56 144
200 268
296 150
492 360
344 106
132 465
383 252
4 41
230 224
61 411
80 148
144 266
220 10
8 269
158 483
0 274
218 387
32 352
264 8
105 236
257 232
280 260
42 494
320 110
462 467
234 224
416 326
382 166
504 232
270 384
264 380
504 80
1 13
21 251
144 410
224 320
325 408
438 212
324 268
57 0
47 480
62 114
107 362
454 194
317 285
176 448
208 11
206 233
248 454
376 452
29 407
258 55
147 90
454 364
277 0
376 290
449 64
383 6
156 172
71 296
4 264
464 157
384 65
492 155
282 366
208 268
288 461
388 292
372 384
320 297
288 312
378 448
432 247
244 366
64 466
3 5
107 257
192 216
418 337
1 130
454 156
472 78
210 352
411 23
116 320
30 342
5 183
336 334
432 327
161 484
230 314
133 172
430 154
101 387
62 24
270 422
176 436
417 98
384 244
138 140
388 384
371 151
174 448
262 354
41 332
324 13
483 320
404 290
311 340
442 132
48 66
36 506
37 48
480 137
190 167
416 131
489 32
440 158
0 96
330 268
439 440
420 374
230 400
490 175
444 10
340 444
404 442
391 36
114 4
414 204
117 232
66 240
124 64
192 482
0 312
260 372
192 450
439 256
292 61
88 501
112 58
304 462
458 268
9 214
110 184
363 340
469 233
76 208
0 435
33 310
280 438
336 104
60 166
72 58
259 472
96 28
355 444
326 488
182 383
390 479
382 29
440 432
248 180
358 72
131 187
347 332
506 128
70 264
221 176
175 128
364 48
456 361
136 270
41 228
508 274
496 383
324 472
123 56
464 232
76 508
144 72
200 265
80 451
64 196
358 184
495 247
258 108
164 180
297 136
350 162
120 36
264 317
472 230
243 321
161 256
324 468
341 265
384 419
28 157
30 254
224 272
22 413
478 481
268 119
393 68
32 480
246 64
136 207
372 486
306 385
192 298
468 297
374 232
310 431
166 61
154 40
59 184
488 192
430 176
77 202
418 342
437 500
69 324
46 424
412 240
446 0
408 508
207 107
123 406
430 29
30 70
480 116
132 316
496 136
144 316
195 98
120 108
226 368
413 242
144 171
324 480
204 192
92 128
50 95
332 374
200 122
98 364
156 320
192 448
328 412
238 444
64 332
233 98
192 238
311 352
264 394
351 325
316 372
446 156
210 404
88 480
37 6
280 336
226 97
456 144
491 432
68 80
156 490
46 212
353 508
365 283
256 300
408 48
332 32
304 120
454 153
21 40
150 248
296 324
454 301
499 211
80 209
473 290
81 112
207 324
80 168
279 96
426 221
16 338
419 244
0 46
58 148
107 37
405 448
498 320
403 332
386 154
331 288
448 326
424 156
334 302
464 282
320 58
450 177
384 69
92 53
113 254
412 116
384 95
332 413
420 440
400 152
408 184
411 206
472 360
349 258
373 328
484 36
320 272
67 24
458 214
332 167
256 75
150 436
363 102
203 302
236 475
44 14
238 41
174 472
318 472
315 233
208 466
64 116
115 497
472 386
72 213
172 506
377 140
4 238
356 181
292 384
256 56
6 362
6 113
152 271
128 318
214 483
258 359
282 126
160 94
134 368
360 320
386 330
380 246
328 442
112 412
8 296
388 196
150 28
450 508
408 92
475 292
2 248
391 324
80 386
437 97
264 124
308 340
328 124
328 362
229 291
96 332
60 290
129 44
204 16
262 6
342 416
112 356
103 156
349 214
172 64
134 295
505 70
179 459
126 204
144 474
294 257
43 38
362 160
236 23
432 78
162 464
38 3
44 276
173 355
74 14
284 54
315 167
138 400
272 164
463 26
52 440
24 19
113 224
70 144
414 152
270 160
180 296
440 448
405 0
414 279
216 264
492 40
72 112
448 479
252 216
318 165
211 29
404 150
200 154
208 10
160 110
377 223
328 75
200 456
257 324
13 72
133 104
284 423
280 429
342 464
112 320
128 276
104 208
31 208
72 257
352 488
382 196
32 307
462 194
432 369
136 208
464 256
170 60
277 318
48 400
60 174
496 193
193 492
341 308
245 37
168 417
116 360
431 440
68 218
288 48
113 282
54 507
320 12
233 185
96 228
79 138
436 168
268 411
400 382
36 452
284 377
420 114
132 336
276 491
304 161
241 160
504 218
436 492
480 128
175 96
432 230
66 412
14 82
160 124
412 432
42 202
508 64
57 128
509 472
320 372
51 0
182 352
43 394
361 360
402 456
87 158
409 363
9 177
492 390
386 456
390 171
358 243
392 446
380 117
33 374
290 320
303 297
0 238
28 32
252 432
384 29
108 31
116 296
80 318
196 382
20 128
34 336
57 480
72 11
472 344
348 374
429 221
441 56
460 416
148 316
306 490
115 140
150 71
276 84
304 345
64 256
76 27
323 443
452 477
236 454
372 160
155 192
355 194
108 493
136 54
117 288
506 344
101 295
478 226
332 410
413 440
158 471
110 168
283 32
432 64
338 184
306 234
492 9
323 263
112 132
86 440
76 32
80 444
84 372
500 0
31 340
438 107
414 171
426 404
43 72
309 312
404 222
334 194
444 376
10 426
45 294
458 84
148 145
436 132
229 365
211 13
100 58
119 14
12 468
488 416
493 373
83 464
22 416
476 79
438 246
104 254
279 113
61 322
158 273
434 448
214 496
480 337
148 464
363 316
156 434
408 323
258 444
172 137
304 264
447 150
80 395
106 52
357 344
337 374
151 155
176 184
428 408
354 3
448 162
299 248
156 130
509 293
90 164
4 313
200 465
96 368
187 0
288 226
179 426
110 226
472 450
448 228
502 40
442 340
346 345
288 85
164 224
66 220
199 35
308 325
285 88
68 88
156 237
278 150
166 399
376 500
243 454
501 112
280 334
13 124
230 136
172 327
60 20
256 80
230 213
220 235
266 504
328 86
172 14
358 503
503 316
510 413
110 446
206 120
176 171
5 388
448 353
456 212
267 333
440 13
161 376
269 265
158 378
374 260
215 152
52 320
490 270
346 401
388 216
177 377
416 184
406 120
141 142
292 497
252 489
0 368
324 490
304 258
404 363
410 365
384 276
95 10
62 252
43 396
367 4
1 266
53 470
350 0
198 260
69 44
448 255
140 360
463 84
280 192
156 269
109 446
140 324
304 296
144 459
158 262
24 280
310 298
316 170
480 194
20 460
210 434
236 128
50 366
208 501
272 468
276 83
411 320
226 12
312 240
360 304
306 447
78 302
438 384
352 378
206 102
67 28
491 431
263 348
153 148
22 160
310 213
316 496
174 360
32 34
189 432
456 28
430 424
474 64
272 1
224 438
269 4
18 176
480 406
470 210
209 223
432 32
91 383
306 477
510 218
30 192
127 204
427 288
104 250
236 370
201 208
409 208
366 303
167 249
24 185
408 290
258 276
304 160
32 45
96 60
79 0
122 16
108 45
224 6
64 345
160 198
384 144
283 80
487 249
268 498
189 358
484 214
211 12
390 166
302 100
376 106
371 307
503 64
284 102
480 9
64 359
171 330
36 499
142 16
508 404
188 147
125 247
344 228
426 234
178 196
176 398
8 282
215 502
184 148
0 44
476 48
233 60
460 164
216 54
193 54
347 476
428 76
356 304
376 312
237 395
372 352
264 198
172 135
256 488
76 152
392 196
384 205
368 67
105 83
195 80
364 322
324 334
366 306
235 72
453 181
272 484
370 130
511 440
42 432
466 324
288 462
71 140
28 80
304 426
166 484
336 304
52 499
320 430
0 480
137 276
226 424
174 450
302 504
52 400
186 375
324 112
508 126
184 217
235 474
224 60
127 183
175 0
107 185
48 24
218 309
200 386
268 117
265 221
24 72
504 204
52 424
198 68
457 122
438 289
116 430
501 428
472 128
229 203
168 222
324 248
413 120
311 98
356 424
260 352
219 64
181 63
380 100
86 128
391 22
94 54
178 304
64 128
116 456
182 408
74 182
0 244
156 279
308 267
216 252
482 32
509 170
298 224
416 186
90 0
276 368
206 14
35 479
96 308
264 420
60 418
215 110
332 460
65 96
292 370
379 125
253 305
256 118
472 204
134 258
386 336
418 460
318 384
312 367
134 150
49 397
16 260
508 496
136 192
354 348
16 140
328 200
84 68
384 96
15 330
40 362
116 308
224 194
376 510
320 160
372 476
124 177
488 216
414 22
96 88
384 240
488 324
127 196
24 456
360 434
160 448
94 174
429 334
425 360
144 476
310 140
222 432
141 22
448 356
37 152
136 508
84 160
424 496
68 463
477 488
192 456
220 21
209 173
91 238
306 388
434 471
406 62
68 141
13 169
67 452
124 105
0 490
508 241
114 496
43 76
319 336
22 240
160 340
12 189
424 230
0 404
367 448
424 71
329 36
152 56
50 31
312 256
392 270
0 384
272 322
424 464
212 8
382 314
200 240
96 227
490 200
104 180
70 114
160 494
427 91
