400
313 424
509 11
200 382
180 241
202 202
16 320
1 494
242 64
250 57
0 466
479 257
260 172
208 412
392 486
440 334
48 398
207 191
224 68
150 444
462 499
427 484
268 52
201 478
380 336
413 145
48 288
500 32
336 377
128 78
134 157
232 368
504 416
496 383
42 240
268 92
444 336
441 315
444 280
284 183
306 53
504 134
312 350
16 290
128 264
193 379
147 80
394 48
184 256
384 160
437 60
227 234
251 240
186 127
488 488
114 276
0 384
32 71
172 171
98 441
312 276
83 160
196 384
390 68
238 108
384 425
216 422
274 332
102 297
248 450
443 74
192 480
10 394
476 318
42 400
328 450
58 173
220 421
494 128
184 294
420 352
504 490
330 405
38 32
447 156
322 456
3 317
440 227
486 290
296 320
334 459
124 196
0 308
296 476
1 420
418 139
247 352
422 168
239 68
416 88
288 80
33 208
96 120
272 500
499 88
364 21
323 104
344 240
359 120
326 472
347 180
248 404
29 254
317 252
414 279
61 467
480 2
190 506
288 323
15 442
96 8
388 277
160 8
435 332
408 280
75 486
146 0
86 117
253 213
24 336
504 16
57 430
300 332
84 117
0 501
274 268
8 492
76 144
176 456
509 254
418 73
272 464
36 119
364 282
490 232
247 154
120 428
229 15
248 56
478 28
44 60
416 466
123 394
320 422
296 480
62 445
347 8
56 31
170 158
457 24
364 188
178 236
102 300
36 480
491 48
209 315
120 311
238 112
206 276
337 441
224 94
64 294
468 429
179 234
8 130
360 398
416 45
382 309
496 40
344 358
347 336
500 36
509 444
400 178
126 160
19 62
432 434
480 32
89 480
256 382
427 434
443 192
344 201
275 152
426 465
108 256
393 352
322 404
58 39
61 505
254 176
29 104
336 328
334 500
88 352
358 100
74 489
248 482
393 80
132 409
179 28
350 140
301 0
378 296
204 240
4 460
428 31
176 332
312 154
244 211
450 34
428 392
188 251
434 14
79 208
423 376
251 400
266 466
408 152
126 256
128 469
4 350
202 353
156 423
248 144
186 116
1 22
398 296
40 428
300 176
390 248
308 88
148 368
504 476
196 320
453 182
212 421
58 463
313 438
395 490
26 24
214 369
462 92
293 167
54 112
448 93
251 8
478 320
418 270
198 298
55 0
254 112
336 40
224 312
68 380
224 14
377 273
336 50
388 92
172 170
102 472
0 457
509 128
67 178
404 446
274 70
458 136
80 414
18 278
462 33
508 200
198 71
292 424
429 53
1 62
448 204
196 238
134 312
120 256
259 137
500 256
442 436
32 92
480 379
480 224
188 128
405 160
330 453
408 391
363 339
87 339
256 0
304 232
115 364
0 20
42 18
289 0
324 73
338 249
218 468
240 210
195 199
431 30
0 267
299 400
321 62
48 120
388 256
250 82
320 269
293 503
400 348
190 285
208 128
19 34
103 256
180 156
2 67
108 48
272 368
452 271
452 486
464 449
384 470
154 224
492 206
104 360
116 32
480 147
436 362
256 320
4 166
143 24
489 40
80 90
308 470
16 288
144 124
288 265
376 505
66 125
213 254
96 408
12 138
24 168
282 346
340 143
90 192
348 430
4 280
256 304
207 468
60 272
284 160
352 67
452 331
420 406
284 94
275 0
88 150
256 342
80 496
156 95
224 316
414 256
69 288
508 488
72 430
100 430
284 296
510 194
234 264
208 483
504 324
116 27
492 480
28 294
238 382
360 194
110 442
344 136
208 140
286 55
48 296
156 215
499 120
352 388
424 359
304 72
32 393
358 261
