5000
0 448
380 472
977 38
528 603
590 494
933 544
116 640
47 990
994 691
742 698
354 62
730 150
896 389
33 1023
855 610
266 278
224 224
108 518
167 902
828 264
356 198
732 902
387 1016
944 1008
456 424
842 960
735 76
536 112
103 178
420 361
0 610
385 110
292 279
704 53
845 65
2 760
372 467
988 888
433 448
360 638
94 282
696 27
605 400
619 588
86 627
840 333
51 1023
12 348
907 728
574 438
604 960
404 159
152 6
548 214
640 626
888 504
514 576
592 769
597 213
300 184
42 843
530 356
60 818
91 831
620 23
700 696
946 576
138 80
160 781
276 572
952 207
440 652
450 208
330 645
761 882
904 683
656 924
152 520
193 540
757 861
254 811
148 882
156 448
548 390
748 184
384 384
405 447
0 344
110 40
440 716
351 706
696 792
568 844
372 902
478 239
440 140
294 528
595 324
794 416
308 72
832 824
820 344
427 202
445 465
840 56
726 556
674 800
996 686
514 148
848 153
334 444
433 818
446 230
107 320
723 867
428 524
31 591
236 34
398 596
272 304
431 592
52 164
939 168
363 54
515 424
1010 28
844 262
942 142
260 608
789 32
859 818
420 85
100 278
638 747
492 569
553 862
51 542
256 438
303 784
587 805
665 28
979 944
536 803
923 198
756 936
866 240
984 624
402 504
994 488
489 950
417 845
408 544
96 87
30 88
410 768
920 452
451 736
512 240
746 673
848 259
0 135
727 354
498 100
893 976
64 960
972 88
781 574
216 132
443 390
184 327
586 587
748 436
812 829
786 792
1006 466
412 736
743 702
687 676
230 597
636 1008
967 43
858 933
192 360
856 912
389 204
252 400
1016 161
29 928
644 316
747 242
116 637
16 459
1023 886
778 516
384 903
708 677
355 628
356 525
354 832
190 388
672 370
252 767
512 760
220 592
710 132
880 888
330 244
832 96
56 740
678 880
764 952
944 566
4 168
218 890
92 176
496 748
678 918
827 650
206 207
808 994
584 736
420 78
780 760
504 73
261 110
164 550
573 5
370 520
930 458
32 440
1000 1016
192 603
748 80
893 152
180 976
940 514
382 338
587 876
25 25
128 477
633 517
34 581
589 576
704 352
751 524
48 34
958 247
392 512
62 565
660 814
690 334
242 608
128 576
272 296
368 337
468 245
575 427
706 832
116 341
1009 868
980 676
250 444
500 292
408 325
454 556
268 672
872 127
1008 72
985 768
522 310
70 146
986 131
89 286
832 814
24 884
140 104
789 395
394 818
1006 192
518 300
376 329
512 511
164 180
304 766
681 165
168 512
782 943
244 749
334 192
178 361
674 436
536 750
158 560
244 36
970 732
889 720
528 808
43 698
760 960
832 616
544 578
151 832
352 338
183 439
531 128
103 326
808 504
265 154
62 179
1012 298
514 24
619 160
440 672
624 656
274 696
40 224
396 464
968 266
98 586
556 949
490 29
446 717
366 440
680 207
696 840
544 792
1006 1
960 466
76 836
159 68
211 320
24 1000
64 384
1016 30
810 954
42 248
448 302
564 920
690 1000
542 746
352 244
80 609
670 16
968 750
222 840
706 722
548 850
108 955
680 42
332 576
842 320
428 862
404 433
920 2
403 435
958 800
864 902
163 715
266 330
400 478
194 791
305 994
0 942
394 152
866 100
342 544
594 826
915 548
202 881
56 130
732 194
148 288
256 550
425 122
960 562
568 658
623 213
625 480
240 409
591 554
786 128
691 843
336 680
564 939
692 400
417 164
625 886
224 868
534 555
768 640
244 104
351 412
134 386
296 594
830 624
958 656
762 590
587 928
22 830
164 124
889 198
981 648
551 590
374 232
344 14
568 987
592 496
466 244
728 626
506 148
396 982
923 695
917 608
394 270
550 464
262 884
819 748
752 232
432 547
312 1006
434 359
939 45
312 465
330 136
516 448
572 288
40 409
230 322
322 428
358 693
80 216
600 202
251 956
382 334
692 724
320 314
997 834
776 993
96 976
140 1015
506 159
320 592
142 726
896 331
198 632
468 998
666 472
920 518
879 798
446 218
320 553
96 436
804 42
420 736
56 830
576 299
402 942
320 97
648 456
72 848
806 782
28 875
694 640
689 712
3 240
657 671
710 595
408 374
104 426
488 366
143 766
400 173
574 452
785 155
106 46
504 604
412 394
716 182
68 180
636 528
130 472
742 519
613 716
960 467
340 568
58 802
864 196
760 342
639 851
392 504
454 813
450 440
384 76
87 453
48 789
500 358
907 502
896 83
694 474
552 512
936 329
123 704
1004 563
440 326
736 952
192 1000
458 125
904 238
265 294
404 424
370 652
20 614
962 404
618 800
640 568
146 382
887 921
234 4
936 420
608 886
718 384
404 724
383 56
912 1021
487 360
733 369
826 382
256 517
466 447
692 980
89 764
895 55
944 919
752 590
311 704
980 192
66 229
991 356
680 400
904 460
421 120
650 772
840 592
728 64
418 433
143 124
388 138
504 410
662 580
681 328
368 3
392 699
164 966
756 111
332 101
792 168
982 85
728 974
25 848
599 548
525 271
600 904
222 616
52 792
394 316
580 131
126 607
182 530
455 715
544 712
824 64
313 736
880 706
99 365
584 236
940 594
210 658
615 408
736 509
264 736
808 288
710 456
692 330
480 704
982 263
707 9
566 640
550 928
64 274
595 992
401 697
980 122
805 306
512 253
82 61
1017 736
620 983
686 424
279 368
730 834
735 613
353 898
214 122
202 965
209 660
446 676
448 352
900 800
390 796
656 754
988 688
726 488
286 612
840 204
690 928
16 136
292 485
230 571
956 634
692 928
117 112
13 1006
368 784
472 548
96 36
340 26
144 296
945 810
501 766
546 396
948 143
224 886
512 301
473 745
879 548
666 288
789 38
944 792
78 121
308 42
985 380
515 960
60 46
99 156
640 896
359 93
722 32
574 0
706 1003
776 295
424 1021
188 1002
52 692
331 152
160 761
314 578
279 872
604 562
794 859
440 720
788 675
648 168
40 288
384 467
72 721
344 863
824 264
918 50
121 778
463 12
724 668
30 854
945 78
613 24
172 704
774 499
516 892
536 178
712 632
472 440
410 888
690 536
371 476
886 832
588 465
587 226
604 768
944 814
142 260
724 136
384 966
224 354
335 372
187 820
530 194
294 508
43 495
762 686
988 766
809 351
482 698
907 768
233 146
566 32
777 751
708 710
716 320
192 712
930 393
721 660
368 940
648 826
947 770
462 684
116 806
34 744
408 141
325 880
368 962
144 102
176 584
592 598
165 233
360 78
896 184
624 140
936 424
716 851
984 236
864 325
160 628
533 238
224 598
392 780
747 409
487 912
176 698
355 583
404 728
49 330
88 222
434 608
732 725
497 430
120 799
178 298
72 411
182 1015
559 982
472 412
969 608
670 56
588 436
538 791
551 290
742 806
830 932
122 466
966 327
214 216
134 640
274 820
242 557
156 342
830 308
420 712
804 1012
184 988
978 22
408 94
144 512
796 134
496 353
192 640
248 924
868 885
768 948
1022 50
744 309
412 984
854 607
275 953
921 968
250 132
126 1005
581 4
980 459
990 127
32 976
318 470
605 110
504 210
671 188
1006 448
706 1007
516 976
140 584
656 112
737 1012
353 940
304 160
418 276
744 574
864 717
134 904
320 912
595 512
620 398
616 870
231 276
648 691
314 835
487 284
617 320
528 892
800 736
206 468
910 138
303 239
604 312
473 730
408 72
464 936
548 624
364 412
718 884
562 919
1004 86
1011 854
727 1020
363 602
54 475
828 956
968 608
293 1001
791 380
30 128
394 658
736 552
914 94
800 512
208 888
495 216
448 310
371 105
774 434
569 737
457 146
518 640
296 252
488 304
280 259
30 188
403 842
749 236
64 614
1010 782
104 68
586 21
958 992
260 200
176 749
989 674
408 861
64 988
200 48
309 300
574 262
696 535
544 72
544 912
802 64
884 547
318 595
38 643
916 1010
924 942
198 887
905 282
799 720
814 532
988 845
107 24
182 864
986 656
947 238
100 214
856 574
306 489
979 236
404 749
892 124
956 359
884 34
289 398
480 208
396 357
89 530
725 344
924 827
296 672
822 718
457 67
846 768
595 384
700 990
555 594
992 655
68 260
246 904
1006 976
896 984
477 0
864 832
925 833
296 285
804 153
753 374
368 716
440 668
8 762
352 752
789 546
399 944
121 581
248 210
538 226
707 648
364 385
494 472
728 985
702 246
354 60
128 388
648 725
211 146
588 38
52 960
746 844
336 972
928 674
820 166
958 480
118 846
377 756
88 290
656 132
364 712
745 640
341 548
196 61
398 446
728 218
848 301
280 0
648 698
369 15
624 800
752 194
417 799
258 506
743 904
96 824
616 496
111 566
811 518
568 281
452 1000
787 936
440 96
352 434
340 856
612 176
64 871
444 389
512 736
963 992
884 320
424 763
464 843
832 789
900 100
512 843
449 12
429 184
656 0
194 1005
110 680
822 272
86 646
144 560
493 400
800 272
492 831
172 388
154 360
272 517
1023 812
876 1014
518 775
910 674
86 814
240 62
83 799
48 834
660 463
528 350
114 39
956 184
260 591
830 84
192 152
604 460
749 235
832 854
918 901
536 927
586 236
320 360
205 792
320 136
546 1018
268 184
165 420
401 266
539 601
408 646
638 576
406 299
1013 307
1000 958
320 976
282 952
755 990
392 434
810 143
272 120
791 409
786 874
862 635
577 548
392 672
880 550
192 740
864 505
438 208
544 302
282 88
823 8
666 667
12 664
512 40
321 763
169 513
924 360
270 640
128 652
597 456
855 1004
661 334
648 520
88 442
740 284
792 864
408 494
430 232
854 780
486 148
252 348
647 287
514 996
690 27
848 281
95 383
84 624
168 976
0 102
328 1000
277 180
714 481
624 584
739 960
603 393
922 897
312 872
96 544
980 275
61 83
167 972
528 382
684 988
762 416
554 864
128 232
788 473
400 552
896 245
772 80
511 23
820 217
847 649
913 167
711 547
81 813
64 576
250 420
790 142
216 415
287 190
480 612
7 375
112 256
359 110
291 536
505 277
588 192
184 520
576 906
0 1022
263 916
586 400
556 112
675 472
259 638
548 871
308 164
166 680
192 292
548 924
376 760
236 998
423 190
464 480
787 754
331 678
960 24
904 768
416 189
896 725
963 806
905 420
56 562
236 52
828 914
519 694
616 528
263 816
488 632
752 376
362 354
477 508
1008 730
904 704
384 896
556 24
354 556
758 139
919 41
28 398
29 781
784 387
679 310
472 128
250 776
825 220
632 806
888 256
448 688
888 505
420 0
0 976
820 916
270 4
928 902
474 124
202 63
0 382
665 228
372 520
663 218
125 477
202 399
80 564
808 80
231 734
84 212
36 1014
657 856
482 175
808 864
390 413
931 205
880 419
728 156
296 735
357 87
86 968
264 198
387 796
837 852
156 1004
564 816
167 64
234 868
984 252
613 1018
579 200
128 204
911 605
332 998
0 362
770 792
777 912
522 856
418 0
332 342
154 492
736 69
288 13
646 187
608 0
910 314
288 720
302 336
698 86
541 963
512 888
892 42
158 896
630 888
76 184
741 72
428 898
614 474
632 682
397 643
780 388
356 568
900 976
120 720
272 910
2 660
436 227
16 496
360 198
896 820
960 72
106 352
412 12
371 7
919 578
409 822
391 892
16 356
56 499
575 980
762 811
463 288
780 52
868 693
993 446
670 240
498 868
688 584
96 275
359 374
276 800
496 708
356 154
990 460
892 784
544 456
148 16
348 194
200 616
82 1007
8 562
182 896
832 912
222 259
731 921
197 596
928 191
554 116
202 440
810 560
460 1005
912 492
83 542
277 895
552 712
844 172
614 80
688 452
983 112
875 404
50 980
540 345
0 850
832 772
712 864
382 704
480 160
858 64
208 456
448 996
682 36
48 320
320 219
168 708
422 464
440 176
56 588
572 186
24 882
251 720
155 704
637 536
192 590
962 301
408 1004
490 10
264 532
832 952
923 716
772 753
788 819
281 358
876 48
673 360
560 232
384 752
130 148
875 956
51 961
152 120
88 910
669 449
851 70
514 730
0 953
454 637
472 232
255 1014
728 912
648 431
506 491
676 316
852 40
512 168
244 224
750 372
983 262
43 1004
446 800
700 263
857 840
271 448
289 224
45 264
650 598
968 834
842 468
597 359
332 410
983 234
128 592
266 112
352 242
908 720
392 751
0 680
599 570
348 891
282 739
846 534
433 460
664 139
416 0
280 550
759 77
798 112
847 406
775 560
398 368
822 846
812 606
950 792
639 936
536 356
32 660
252 845
580 756
279 547
620 200
1020 146
869 523
143 156
896 704
302 500
922 368
380 412
939 993
624 801
68 42
684 244
142 377
146 690
756 704
702 909
520 760
482 265
594 640
128 539
684 248
576 473
354 839
353 986
576 451
632 454
80 448
688 816
149 475
36 136
564 343
261 340
842 980
786 160
36 832
462 222
884 312
64 456
398 557
40 208
754 724
807 662
862 846
910 144
756 282
158 112
411 991
759 266
939 316
820 800
631 764
146 96
15 413
991 128
476 512
795 904
548 513
303 594
875 924
688 609
344 976
428 7
745 816
622 1014
664 408
992 370
298 8
74 512
416 896
844 605
48 864
31 662
596 858
456 928
820 721
354 40
564 308
397 500
505 96
790 96
800 245
430 960
986 616
332 360
852 989
400 764
96 324
109 684
8 492
192 162
654 139
789 406
546 481
24 230
184 416
840 382
280 162
504 826
672 624
931 533
748 896
579 609
544 850
8 30
124 1015
766 180
782 902
889 343
724 417
275 916
512 984
210 250
36 828
134 0
616 912
272 250
950 1011
968 512
466 142
352 156
568 792
22 76
709 670
512 970
440 612
900 885
416 567
16 456
456 586
8 896
648 900
960 254
784 200
104 338
96 56
518 150
376 382
512 472
762 992
259 750
862 392
58 46
638 160
245 145
631 670
368 80
319 455
838 80
421 288
470 368
1000 60
324 146
104 208
804 432
0 653
633 655
391 254
164 830
460 201
552 850
623 485
940 81
188 141
64 570
301 488
39 334
434 680
319 272
960 392
931 236
312 712
539 670
0 754
703 911
264 134
524 220
488 665
816 88
584 592
710 719
927 876
904 866
911 901
937 631
440 976
718 1004
492 974
91 504
738 108
390 840
336 921
176 68
397 64
396 944
432 148
80 532
1008 578
562 576
870 230
346 705
384 224
308 462
420 144
994 200
236 72
911 434
497 139
0 848
456 8
215 734
604 100
846 520
252 13
828 586
972 913
164 941
548 930
512 773
234 1003
728 346
872 938
95 322
564 128
80 254
164 133
656 992
226 40
552 704
468 502
772 304
48 160
360 784
191 16
587 898
846 454
104 570
72 156
344 176
690 54
116 805
616 733
708 1023
531 496
914 894
789 924
260 911
824 699
552 40
678 329
704 38
688 228
946 624
479 652
784 78
36 716
336 678
624 122
123 148
382 672
724 620
800 256
387 946
180 312
136 924
869 736
272 895
588 776
431 476
77 324
34 900
45 502
326 181
964 999
116 962
852 760
408 179
1002 984
526 0
210 37
256 896
721 465
703 456
296 965
572 848
236 426
200 174
190 596
4 752
749 1017
400 876
887 872
252 748
1013 860
923 448
948 954
247 98
846 556
356 565
442 570
866 896
440 824
504 896
811 902
851 696
640 418
598 976
932 506
1016 899
609 849
771 586
508 706
999 152
328 658
873 38
786 24
684 839
896 53
8 2
720 3
599 966
66 976
505 131
320 416
753 244
368 366
917 407
614 224
840 160
317 276
214 536
320 458
561 467
832 945
96 350
654 955
442 757
808 666
435 976
710 737
808 84
576 669
592 802
643 648
596 542
813 206
506 312
560 974
206 784
738 382
263 548
464 162
328 1001
964 212
409 610
589 720
688 956
912 276
860 164
58 601
572 529
323 340
50 158
340 412
244 182
1016 44
608 476
224 500
76 680
904 368
174 541
112 563
428 900
172 376
49 976
250 690
652 494
752 773
276 149
996 1016
622 760
482 116
24 476
828 440
208 5
784 350
889 810
542 83
305 876
685 448
14 708
728 876
636 508
392 413
980 264
440 784
544 432
384 145
344 716
343 843
640 178
844 985
778 328
956 598
413 708
755 478
888 630
701 234
25 336
956 992
268 896
644 886
1004 742
602 540
372 468
508 739
482 990
910 999
617 379
569 10
108 976
872 548
900 540
730 846
184 779
728 352
313 831
488 641
304 943
112 969
796 951
972 1003
320 744
959 511
902 824
720 151
824 142
390 638
46 859
766 316
160 47
44 804
154 11
36 64
744 842
199 120
149 607
919 184
247 820
271 80
894 886
370 329
922 876
440 172
404 767
396 336
706 441
918 1013
4 950
889 580
205 500
652 752
323 64
612 823
58 768
177 764
799 788
508 760
722 320
658 100
228 516
809 800
13 18
726 549
972 137
960 866
10 490
694 56
942 749
144 821
864 820
619 920
123 162
667 760
433 470
825 954
844 98
13 351
642 853
849 373
184 694
620 310
73 727
978 701
880 902
327 640
19 148
552 434
96 178
82 784
64 438
477 958
216 374
866 553
854 1016
383 90
965 180
78 94
714 450
96 924
608 325
757 528
934 348
848 770
732 848
613 785
892 704
688 233
138 420
854 818
74 443
33 350
132 128
584 509
898 120
1014 718
176 242
56 198
1001 256
482 686
346 425
680 352
928 815
550 916
972 854
940 404
824 456
612 361
432 304
45 81
11 796
781 22
344 904
420 672
426 660
198 772
596 384
851 426
304 489
513 584
771 746
250 160
336 448
640 692
0 51
304 910
354 182
160 672
36 624
28 453
960 776
944 940
136 276
976 850
608 408
618 916
150 492
256 152
648 256
495 648
821 766
24 509
884 582
482 884
73 386
2 788
84 4
206 484
416 52
343 944
174 1012
435 208
144 760
806 976
164 448
596 992
314 800
192 948
838 184
512 463
32 674
81 768
43 303
448 334
590 64
808 248
104 205
966 48
988 459
918 88
576 542
392 566
399 722
770 251
812 736
956 123
948 444
191 20
153 781
3 896
24 299
320 903
632 446
480 305
680 192
854 32
411 850
40 606
602 1022
685 918
826 214
402 930
13 456
613 528
428 463
880 736
120 413
864 298
800 496
120 1009
384 558
702 608
224 966
588 758
746 166
756 112
780 986
556 893
144 696
695 252
999 521
256 752
638 866
900 938
336 173
720 602
296 382
845 892
464 816
980 401
116 417
516 800
570 130
265 188
836 829
633 721
292 92
107 56
391 521
2 4
586 372
110 649
356 832
861 890
170 715
794 838
344 210
46 335
182 299
424 208
192 720
730 948
722 704
987 138
919 72
820 112
458 671
504 499
651 656
461 656
792 932
242 476
658 240
256 546
710 130
248 286
512 292
960 224
752 303
818 464
936 981
360 336
805 72
328 649
348 504
1016 128
564 840
392 126
824 616
512 500
437 384
599 116
11 1022
379 702
839 1012
29 99
274 952
587 252
10 694
568 308
539 640
768 815
385 808
770 586
526 386
986 984
132 718
473 790
596 388
978 66
422 384
104 229
88 202
637 848
1016 980
799 64
491 192
169 914
194 5
641 8
94 675
0 364
202 984
228 972
892 158
203 1017
409 704
718 896
396 331
23 994
636 376
692 221
254 504
777 472
344 280
557 32
72 456
757 363
348 358
896 908
856 808
980 884
342 1000
147 128
594 1008
868 936
613 735
735 665
89 608
620 102
316 68
568 552
180 0
964 480
812 780
728 285
438 576
994 428
281 328
268 720
640 1010
12 112
308 868
466 426
260 294
337 596
180 172
120 98
968 840
752 759
2 752
478 56
155 124
288 22
858 640
946 22
136 251
4 356
129 832
292 488
328 550
123 261
552 972
416 242
432 776
258 636
670 187
888 333
128 434
967 304
110 364
60 549
136 778
553 320
764 36
979 903
112 916
517 914
212 280
208 816
1008 824
115 116
342 956
722 608
1020 48
139 451
614 107
504 387
723 944
904 972
590 614
32 960
589 1016
302 249
1006 388
468 256
332 939
739 968
214 44
640 330
879 192
128 67
844 912
904 408
368 531
914 542
384 788
352 256
488 288
816 322
240 694
66 468
980 3
344 500
448 332
567 766
177 5
265 776
95 30
432 999
796 448
220 703
932 496
331 180
160 584
348 416
646 912
668 327
890 833
92 895
366 733
607 668
769 356
852 440
468 768
732 557
402 570
575 742
743 942
96 184
186 974
385 7
301 1004
221 390
20 341
245 0
460 704
960 606
912 52
786 452
72 246
324 824
456 465
618 601
519 854
20 606
484 522
84 308
236 280
733 588
80 381
14 809
310 88
280 202
245 288
780 801
933 822
584 560
32 964
703 477
884 92
630 121
775 846
352 316
622 992
332 1014
948 488
915 988
512 76
93 72
450 299
768 808
6 568
158 70
792 234
191 559
807 800
86 508
824 581
502 716
854 368
450 757
616 392
260 320
624 912
377 656
312 232
600 463
361 77
260 512
361 432
944 216
146 967
356 680
532 304
906 726
220 356
345 996
576 928
64 172
750 768
851 312
789 798
622 799
259 160
960 810
64 924
784 682
24 581
473 954
868 184
310 156
31 923
967 392
434 51
672 969
48 600
988 296
620 106
24 950
914 698
914 392
256 992
992 985
226 91
82 1009
509 472
836 932
576 552
342 510
322 178
354 118
465 776
62 15
662 228
128 872
576 934
322 352
864 867
136 218
195 1013
549 720
677 280
210 466
208 329
976 833
330 688
548 256
169 574
910 964
708 624
688 224
940 797
160 88
566 411
364 82
392 932
957 454
803 968
601 668
512 287
322 975
142 117
734 625
550 404
617 688
560 736
150 152
813 43
512 823
176 82
688 591
490 984
352 415
194 951
437 408
144 928
838 752
1012 553
160 592
700 15
464 0
868 637
737 192
1012 694
360 880
417 456
544 260
404 350
12 510
34 144
708 787
1020 788
684 948
848 904
194 405
550 741
40 346
663 766
716 266
314 54
155 713
624 347
152 362
290 382
236 760
804 184
624 144
200 802
795 462
141 936
161 443
420 312
160 966
467 47
737 233
25 218
871 308
381 836
988 244
540 577
509 628
539 628
488 896
575 824
80 523
501 812
856 652
829 166
872 952
816 900
32 807
975 338
780 370
600 212
40 304
741 624
273 880
476 994
258 895
157 365
752 588
588 800
332 349
568 504
344 196
27 980
565 408
992 96
920 316
168 846
392 558
948 271
436 869
527 360
400 864
1020 222
620 123
861 274
261 4
453 766
304 381
424 164
816 840
135 258
356 484
576 305
609 60
885 582
914 774
387 684
152 637
344 281
100 190
112 664
704 992
856 778
717 360
704 952
360 946
0 575
768 720
248 344
953 478
774 859
470 654
170 287
820 452
73 495
554 686
880 782
152 1011
960 128
444 676
970 274
296 790
232 969
268 39
766 662
8 712
516 26
136 904
869 110
656 201
208 209
576 544
152 54
976 364
1000 718
95 20
876 344
95 944
495 97
276 216
350 150
582 102
89 868
304 724
900 489
898 15
194 160
384 150
959 32
212 321
192 596
984 255
496 136
89 512
667 335
847 555
526 1020
424 452
142 305
788 0
812 292
232 452
47 332
768 886
700 188
504 498
129 192
214 88
644 704
600 136
66 892
475 129
640 500
937 77
798 507
801 392
92 448
888 488
874 880
324 240
544 256
188 16
396 941
112 784
207 110
514 272
320 904
285 190
574 250
848 344
304 592
952 800
193 333
198 300
431 724
192 548
277 308
864 388
260 584
497 930
192 420
176 256
576 504
180 436
162 210
779 162
976 546
216 544
70 888
1023 684
790 133
172 0
474 344
429 403
688 477
20 80
329 128
498 626
981 456
269 36
16 260
726 158
1000 459
746 1021
288 932
784 1018
138 16
87 894
714 804
341 800
320 176
794 510
620 320
114 666
280 84
355 841
952 355
64 597
528 737
1004 299
232 504
644 838
536 520
164 402
924 295
384 318
887 956
8 189
784 971
714 328
336 474
214 358
722 970
276 304
528 939
728 50
480 641
324 257
487 704
505 394
928 475
133 281
642 776
466 787
236 744
196 736
384 880
23 718
360 992
876 947
956 198
195 248
260 596
277 156
325 492
760 584
685 760
500 864
24 392
912 752
547 440
662 44
768 560
306 640
290 432
420 339
429 176
448 964
689 325
932 1012
833 338
924 197
680 224
491 647
376 210
432 16
570 236
310 864
192 666
819 1018
127 18
70 276
138 832
436 880
664 604
712 244
189 704
792 212
1000 736
289 167
524 538
524 904
283 206
40 14
0 450
280 365
62 664
648 504
694 304
924 786
756 816
360 816
741 874
636 608
988 184
512 534
282 1022
952 857
322 249
832 766
225 624
848 374
322 27
434 819
344 242
378 94
108 96
686 236
602 991
702 496
88 294
996 984
117 107
415 239
454 61
703 27
891 136
428 972
828 908
224 467
130 60
348 112
597 565
828 776
430 192
384 158
780 820
50 225
228 613
914 552
832 384
826 344
705 1020
698 741
245 699
151 486
512 938
568 269
248 336
420 602
505 28
252 61
420 900
265 768
431 11
508 125
651 546
932 768
670 525
672 994
670 784
256 254
791 517
432 979
762 906
742 506
344 736
182 715
344 19
167 606
710 682
455 276
632 753
48 62
335 871
224 142
901 56
256 719
988 556
302 126
718 128
632 478
814 640
504 731
508 542
981 641
261 336
730 0
480 83
864 580
12 240
152 364
768 619
202 136
816 896
585 508
373 880
834 28
720 725
528 511
380 736
743 7
860 610
349 950
804 752
960 924
300 304
918 738
10 349
448 388
272 708
640 648
272 1008
636 1005
813 367
81 422
992 262
784 565
839 126
682 319
497 688
515 996
666 424
940 636
450 933
332 624
188 361
806 856
321 384
406 409
104 370
362 540
882 396
434 736
784 480
686 320
808 832
54 980
746 216
192 324
740 696
0 491
656 982
1000 266
833 27
29 185
538 934
153 116
828 384
376 886
528 192
398 971
328 754
615 49
168 480
688 568
108 922
401 653
1015 266
368 709
529 156
187 595
386 26
155 660
40 664
372 279
741 981
668 38
433 166
916 432
614 320
407 315
440 553
463 24
782 705
644 14
30 677
213 980
412 944
849 206
710 799
910 688
315 498
104 348
922 43
992 450
236 963
859 841
560 224
288 368
362 986
538 728
200 902
177 152
203 830
264 384
259 256
775 446
421 265
856 1004
384 67
175 369
368 601
104 991
584 544
610 316
372 32
132 242
1000 936
507 728
228 42
666 62
814 184
310 916
444 344
894 176
812 248
412 160
128 424
416 578
918 1012
824 864
56 672
184 792
22 1016
456 354
79 131
900 756
440 161
456 16
908 789
209 582
13 33
880 829
947 842
800 244
704 540
768 240
191 633
262 324
612 924
628 247
654 660
144 704
340 252
160 103
943 901
609 932
136 817
974 590
178 966
361 750
128 368
392 619
1010 68
322 965
250 734
896 772
1006 601
680 55
656 716
494 160
208 493
56 454
596 490
133 952
747 612
519 574
443 646
286 237
316 628
168 866
64 799
371 128
624 868
972 184
448 224
345 129
72 585
639 63
138 492
10 808
782 737
790 532
320 583
377 724
928 665
214 483
323 512
80 226
156 979
732 582
192 243
249 559
266 448
459 749
518 94
904 120
808 857
224 778
388 860
222 543
968 350
853 718
64 800
224 936
496 642
572 818
408 464
314 142
849 192
980 674
384 280
427 941
800 980
562 340
496 335
761 994
1014 798
182 820
757 286
952 280
366 444
1013 64
641 366
564 104
615 32
296 550
433 374
204 798
400 246
601 849
658 393
918 258
522 137
88 652
706 328
818 503
963 384
648 3
385 24
692 940
476 766
798 693
4 350
520 677
0 114
852 175
668 471
251 149
124 263
144 946
882 140
244 176
24 525
126 48
120 758
25 86
750 996
72 832
184 802
462 289
748 594
803 308
858 708
509 640
500 759
421 481
289 936
960 216
528 838
970 816
323 720
436 1008
160 868
441 570
748 224
924 332
750 140
368 466
689 574
548 196
496 522
184 681
902 56
605 16
696 486
87 816
694 704
977 10
65 656
569 255
918 154
514 624
432 708
842 392
528 128
858 278
31 472
146 896
794 750
324 484
944 479
128 1019
20 123
752 513
289 732
339 64
740 320
400 752
273 345
855 264
356 88
577 832
496 427
609 625
267 489
754 208
152 746
246 120
227 474
964 563
926 592
904 95
777 226
992 119
917 345
705 24
966 693
330 912
384 408
924 659
641 545
876 348
301 76
770 267
124 638
198 743
296 195
656 808
337 292
762 629
204 652
365 952
294 41
112 84
912 898
352 14
0 239
252 79
360 720
56 929
160 336
996 433
292 13
764 356
767 936
776 825
154 224
570 711
431 762
688 565
974 487
240 820
707 532
838 604
264 80
666 952
273 598
367 468
128 478
656 930
948 778
56 320
82 738
766 116
699 364
1008 55
338 932
268 113
1016 860
936 552
830 534
80 646
660 170
902 474
538 832
316 442
332 104
241 816
233 406
653 153
344 784
46 16
702 798
746 923
739 774
298 736
72 748
528 310
256 778
886 130
336 684
70 332
342 768
344 688
1010 482
736 672
364 556
50 984
252 690
353 896
260 752
512 68
256 272
324 168
792 621
344 840
272 766
60 183
474 785
951 566
411 1009
896 25
432 580
408 220
151 468
415 96
506 110
377 946
456 344
182 885
470 606
58 608
9 101
772 9
496 640
50 422
605 72
1012 790
296 800
848 552
837 334
656 341
620 889
228 896
546 64
330 222
710 376
206 699
740 584
516 16
396 32
538 888
248 163
310 644
858 516
84 20
256 920
516 516
447 785
328 896
784 624
19 852
364 907
754 25
662 3
52 784
804 192
182 476
290 114
197 964
266 770
374 912
607 714
296 320
211 64
608 662
906 352
311 377
828 536
508 616
470 710
112 154
553 394
243 1020
410 762
128 400
632 242
762 314
720 20
680 498
672 434
887 608
299 534
772 748
640 273
682 821
544 908
304 247
592 930
876 691
451 830
429 805
332 452
96 229
893 891
360 3
874 774
228 238
512 759
704 194
35 676
680 37
512 808
63 174
256 832
24 692
138 964
640 586
24 188
128 824
419 528
741 1002
372 227
400 384
756 70
574 68
62 656
931 64
1004 944
68 380
472 723
666 12
231 773
444 250
890 212
520 830
74 567
912 1009
48 364
457 578
512 868
902 343
572 320
328 907
512 820
798 436
710 946
369 16
954 212
476 261
374 458
136 361
938 464
178 934
672 71
247 702
864 545
288 376
122 40
1007 723
714 980
992 934
256 839
831 464
747 70
794 648
303 601
436 316
624 262
882 888
981 457
147 806
252 900
932 264
428 408
51 453
635 241
544 349
176 512
687 63
192 236
576 536
1008 375
908 392
746 856
526 759
46 90
53 1015
376 1005
728 60
642 744
244 306
506 96
894 264
840 50
525 704
70 770
480 423
696 278
422 24
1016 326
903 773
315 312
358 77
984 956
218 170
441 874
0 972
896 526
483 380
798 672
604 626
132 560
995 944
144 984
704 592
110 216
744 310
111 528
344 23
590 125
400 822
500 502
748 975
328 160
661 878
576 438
876 540
423 553
816 601
90 466
556 716
148 528
511 416
311 570
915 664
288 901
160 408
413 656
694 856
784 456
575 584
992 576
43 984
184 799
112 996
862 204
862 734
212 353
153 482
801 266
392 901
476 168
992 877
791 336
716 464
321 920
650 352
376 35
672 422
874 758
619 864
191 388
489 854
374 921
303 359
928 24
124 40
938 918
384 453
651 1008
904 835
352 164
386 628
738 973
655 191
882 584
780 196
574 728
104 72
864 802
835 872
249 285
258 16
250 157
20 422
480 754
264 899
311 11
746 384
448 806
1018 384
922 645
140 336
101 872
522 674
97 960
837 416
464 780
570 134
478 852
971 52
844 554
767 574
115 576
768 458
240 343
964 59
400 851
147 168
848 331
224 684
952 165
720 628
800 41
161 462
665 680
468 703
332 56
338 281
628 276
891 43
372 644
790 192
232 516
768 48
404 506
287 758
368 858
638 360
306 617
280 630
806 107
90 900
368 730
460 680
138 570
248 533
132 174
67 296
599 161
384 96
800 612
268 515
928 728
128 969
715 80
784 128
190 239
751 24
762 351
304 738
298 85
1017 636
742 262
783 604
572 944
258 720
0 194
216 105
450 182
416 689
350 322
522 627
861 768
622 200
786 840
374 80
632 90
372 956
585 620
24 253
172 731
295 880
812 270
554 549
266 421
8 844
256 200
800 936
353 232
730 584
742 817
153 106
836 8
786 731
604 817
334 996
830 588
624 792
699 606
320 192
373 984
25 539
380 980
24 652
222 825
932 816
946 113
702 188
186 753
728 845
21 74
508 713
841 88
960 138
368 71
520 318
354 623
678 532
1023 919
442 952
183 276
752 262
530 451
367 236
434 264
26 755
124 240
458 184
496 558
72 445
848 732
676 776
192 402
256 209
806 584
248 800
756 932
460 504
48 551
309 512
199 206
21 820
904 959
400 556
86 612
16 506
523 812
576 606
556 844
875 346
517 657
436 441
236 122
24 526
722 878
130 44
220 232
37 206
1010 998
521 30
848 464
757 391
858 533
731 730
952 889
773 684
216 328
918 486
282 704
980 223
816 952
230 562
401 450
464 393
946 810
508 704
636 304
750 46
984 298
842 104
48 46
506 898
682 296
840 775
898 75
179 40
376 640
785 717
896 36
486 2
686 796
266 192
308 1019
56 134
866 41
740 168
987 1004
32 612
889 410
844 881
669 996
55 277
992 664
128 190
941 320
748 260
1008 660
605 174
256 764
733 346
292 290
208 308
303 922
280 288
944 754
832 856
384 452
228 384
429 457
182 277
29 18
563 266
414 975
846 440
576 994
150 874
1022 940
480 703
792 362
140 480
908 110
742 216
543 224
320 897
936 657
920 362
139 32
628 258
233 921
673 96
688 552
402 497
976 746
830 620
466 728
138 672
561 434
970 714
924 842
746 60
992 243
724 399
851 232
452 640
1015 949
364 851
468 210
656 426
832 294
56 3
582 22
470 1012
522 823
961 318
301 489
546 654
1 714
973 279
566 558
452 516
498 16
204 926
792 728
176 544
546 628
376 695
857 535
1000 668
520 346
64 1000
590 742
771 926
914 830
416 230
693 35
802 162
546 220
725 402
7 1011
983 732
496 531
164 524
152 422
136 732
836 432
396 268
321 982
984 257
998 720
273 484
576 873
416 589
696 261
292 1016
712 852
916 876
547 14
118 246
760 282
256 395
400 946
870 665
168 365
244 640
636 594
928 116
587 766
960 670
304 568
168 80
102 945
755 921
404 655
545 384
218 366
477 720
552 549
279 193
64 792
544 904
641 272
224 266
769 168
408 254
376 706
989 297
218 1012
15 64
334 419
890 97
285 932
792 346
56 269
136 768
699 322
832 742
662 269
676 700
544 552
736 709
686 626
98 72
106 290
270 944
1002 639
561 915
428 878
814 157
159 680
90 272
778 494
433 128
383 220
677 966
471 176
930 431
96 845
257 952
776 796
791 368
434 384
208 546
1005 637
940 452
480 146
983 880
476 104
0 238
964 838
120 912
72 576
92 864
772 952
492 336
232 520
288 383
680 160
584 228
559 394
389 136
712 800
704 702
528 368
652 208
794 196
225 76
576 756
212 1004
9 180
72 151
748 64
384 242
792 492
778 446
383 448
652 672
217 57
272 110
468 298
906 47
5 140
751 358
82 264
891 824
974 636
54 726
975 237
558 80
930 507
206 91
940 395
984 974
430 934
96 828
916 521
667 90
733 448
397 1004
827 176
101 566
19 534
710 402
184 503
810 990
80 73
228 382
161 970
573 0
420 796
496 928
280 116
169 114
522 561
827 616
133 808
704 1016
1020 981
789 485
363 908
632 108
832 381
754 499
1008 175
24 368
710 1006
234 856
228 891
512 560
160 78
139 147
400 432
896 390
951 736
32 984
396 40
885 983
720 148
343 821
800 336
740 864
272 64
984 306
428 564
197 130
101 0
822 358
56 310
753 420
908 509
100 941
354 802
510 752
80 18
856 810
279 944
712 506
340 692
636 204
744 608
599 468
884 819
775 736
439 954
445 936
801 499
103 674
482 992
704 480
566 842
984 708
576 57
496 776
848 579
350 754
600 664
400 65
17 958
668 846
392 634
161 150
3 410
672 583
263 626
283 856
171 239
806 279
686 992
479 627
466 948
39 816
482 8
116 991
977 894
541 640
736 812
612 524
352 768
288 630
478 1012
150 84
250 962
353 725
222 874
653 753
832 701
388 777
904 104
940 544
269 27
772 384
728 696
508 183
882 944
236 352
728 644
264 442
634 684
976 340
728 235
76 499
464 360
978 716
650 9
592 634
128 724
376 392
192 880
952 936
462 412
408 926
982 800
544 776
532 668
418 364
690 588
648 476
434 450
246 85
519 25
389 533
654 820
403 730
329 512
560 830
768 824
228 284
264 797
832 624
698 196
704 371
352 888
321 264
474 122
694 943
384 712
704 270
584 650
106 190
790 1013
244 292
156 428
448 970
528 419
971 1008
498 856
442 404
767 1016
732 186
896 880
204 208
417 826
412 554
599 433
455 324
115 249
0 406
396 554
786 333
620 886
730 972
540 515
318 832
117 311
968 956
328 652
476 430
496 234
780 500
220 516
912 252
533 596
680 576
908 938
496 584
620 637
982 464
614 625
458 78
697 745
347 840
544 512
764 1000
100 884
132 964
920 214
747 558
924 768
1016 492
118 288
55 766
60 442
384 228
552 882
180 664
744 411
744 251
216 984
806 188
62 718
1021 948
792 992
270 898
562 185
800 761
421 1000
223 526
232 1000
0 580
496 542
346 339
322 880
512 325
667 8
721 56
241 721
590 948
147 198
680 638
304 628
154 672
672 500
860 264
224 744
604 664
1010 857
138 859
921 584
764 209
379 968
346 241
112 292
616 739
274 724
1004 267
864 588
408 356
860 816
837 896
490 285
683 942
518 144
348 652
416 200
48 674
504 863
411 1013
744 968
219 793
128 796
455 712
26 172
657 500
45 928
278 987
512 951
146 547
640 864
984 878
677 780
64 133
688 402
385 949
18 438
616 456
118 106
400 333
291 896
325 446
24 1012
625 468
171 296
278 896
688 362
856 809
488 998
972 888
984 625
802 906
666 594
896 832
96 672
484 942
229 640
644 724
758 712
704 896
783 68
158 383
259 49
250 829
214 515
819 768
812 888
964 520
640 735
222 1001
356 210
226 332
597 360
80 32
270 875
998 144
611 443
624 360
75 660
922 197
975 0
683 604
290 152
4 280
64 787
208 675
745 337
826 52
470 304
289 450
894 814
282 606
982 456
398 198
986 268
832 792
2 74
584 200
944 669
556 580
108 308
1010 4
414 29
52 324
682 811
506 8
964 879
805 832
889 300
388 707
921 70
470 980
272 262
800 744
505 868
304 690
504 400
286 443
656 407
964 662
668 424
617 398
500 677
202 862
340 828
144 510
764 384
258 888
264 933
172 800
754 464
446 614
340 424
336 112
623 252
26 269
662 54
69 948
714 551
565 64
256 96
836 473
513 72
590 136
397 442
576 96
289 883
687 653
196 14
20 684
768 224
892 636
68 999
580 190
896 707
848 38
256 1004
996 548
710 892
591 446
652 610
108 984
164 200
360 652
518 176
759 709
385 448
116 615
716 744
375 749
209 859
196 136
333 360
680 700
600 740
960 636
176 921
590 487
888 437
850 898
45 538
234 229
980 812
168 624
830 964
531 783
592 580
553 144
622 984
831 687
915 954
12 608
990 96
670 704
90 52
988 557
960 785
998 840
382 112
260 778
512 20
184 330
1006 628
488 424
188 343
576 526
72 18
160 374
616 724
302 244
547 732
454 700
644 252
631 128
352 0
688 77
728 80
94 968
606 578
973 984
524 905
569 70
266 247
816 446
602 790
864 28
822 720
246 440
712 521
92 94
79 196
16 617
973 269
560 482
744 128
35 294
128 864
894 567
118 726
448 366
352 992
474 924
406 934
57 440
528 344
842 420
304 252
689 17
282 835
276 599
140 719
102 1018
976 32
526 18
304 184
130 224
350 923
630 158
655 468
453 533
545 925
110 41
42 112
760 288
323 162
515 216
594 518
24 779
1004 964
252 946
876 532
824 32
835 177
329 364
4 32
271 888
681 400
108 833
960 678
416 416
749 620
880 744
336 532
668 939
257 76
628 381
416 908
236 320
613 560
836 684
789 236
973 346
315 165
388 52
563 684
471 1000
450 889
304 576
316 860
127 184
975 716
690 772
80 347
195 54
920 768
631 936
113 625
259 910
150 143
476 352
334 943
400 430
961 888
510 751
959 424
784 976
295 415
729 262
934 241
552 764
37 372
394 1016
790 176
45 688
296 1020
903 936
940 729
357 376
16 72
760 392
39 84
685 256
794 505
556 824
90 988
154 803
746 253
552 30
498 545
692 640
722 129
18 96
664 739
602 848
648 55
554 270
736 409
537 212
870 5
941 954
136 380
788 344
257 507
744 217
846 934
689 300
768 910
293 472
488 0
720 520
124 358
202 667
146 524
224 656
496 162
752 652
806 520
1008 912
12 43
608 416
876 583
609 686
844 423
796 535
883 865
697 234
920 429
391 847
260 782
192 384
192 196
424 693
762 28
1017 652
902 992
487 636
202 352
976 69
672 150
128 11
402 803
144 492
625 496
462 750
727 622
88 306
0 720
432 986
328 334
768 566
785 534
536 358
74 524
156 92
828 94
842 187
48 648
642 276
335 590
823 616
216 600
648 626
330 640
28 644
96 851
310 602
428 192
968 76
424 893
732 1008
572 627
332 192
565 841
156 561
1004 588
662 874
100 590
691 718
768 874
348 426
796 675
742 948
488 913
806 603
660 496
459 32
278 331
985 774
658 648
716 680
148 624
815 932
708 859
405 224
673 541
688 148
804 804
776 534
116 669
947 882
453 240
872 192
503 168
688 1000
880 913
480 899
396 804
90 20
763 188
926 898
658 578
307 572
54 384
241 849
410 1003
960 152
968 878
69 807
256 363
371 740
978 820
426 608
715 949
296 94
680 811
124 768
692 15
632 758
112 128
208 832
806 616
876 123
264 868
480 1012
1 756
568 422
928 528
580 680
348 684
746 0
562 979
458 248
1012 476
434 378
920 573
84 66
432 284
204 940
7 11
708 744
21 20
38 824
1004 321
911 305
80 482
865 872
352 626
13 864
917 624
621 196
528 251
240 946
920 258
284 78
444 48
152 610
100 481
836 588
912 630
128 224
96 592
463 145
39 121
372 390
480 404
812 764
874 34
98 426
335 112
130 887
85 744
413 975
76 94
790 600
10 246
231 338
622 436
840 577
972 600
384 606
880 178
518 74
311 2
138 1012
112 552
195 640
224 776
67 266
117 166
300 226
657 762
814 376
677 949
640 8
793 348
847 176
758 778
704 568
818 853
300 983
352 241
256 827
894 257
33 649
896 867
371 904
211 305
953 860
169 836
448 1009
646 504
992 558
162 398
360 820
36 906
898 176
214 652
374 576
384 204
904 714
568 848
568 580
576 926
974 336
290 604
384 676
202 261
424 920
371 790
571 56
606 920
832 231
635 281
842 225
805 740
188 1008
686 494
400 91
132 48
163 512
45 195
488 778
124 60
274 810
172 967
642 333
383 0
268 30
406 893
265 406
656 496
174 500
153 84
489 900
606 183
534 466
232 164
229 735
666 128
1008 677
546 219
404 756
468 40
846 600
480 522
769 559
482 720
721 789
742 39
605 208
26 582
842 348
152 503
938 138
882 74
887 72
894 14
260 944
150 998
978 894
330 278
80 1010
720 312
40 308
528 777
42 366
342 785
418 192
52 43
986 231
335 215
796 282
380 168
434 484
80 490
394 522
432 694
508 847
158 336
310 653
157 768
555 44
351 474
944 775
600 648
464 81
932 652
382 912
84 664
384 628
1016 726
196 480
564 181
432 556
797 704
706 916
592 971
664 614
596 56
644 885
295 560
520 160
552 384
210 15
654 911
344 497
996 468
85 1010
394 200
905 612
405 416
808 151
1016 912
622 184
850 20
477 160
448 512
718 492
632 698
76 396
812 712
500 1022
808 208
566 912
276 498
708 396
317 838
80 954
279 612
828 769
301 721
63 556
768 510
372 458
420 690
182 160
337 48
660 0
663 336
251 122
347 324
458 663
200 617
130 588
1017 685
553 732
200 640
272 874
179 251
593 485
12 496
958 432
640 915
336 889
442 698
249 864
267 72
80 342
808 144
566 672
668 704
68 484
37 950
538 91
952 909
588 567
297 906
300 0
704 36
207 172
136 384
138 882
22 172
206 1007
775 802
912 384
961 664
448 364
288 101
1006 848
208 358
600 954
248 392
768 184
291 346
284 850
732 574
622 360
362 340
433 304
776 184
724 383
623 169
915 512
163 813
466 952
152 712
808 528
176 1000
672 152
509 474
825 796
720 910
1020 96
215 999
404 642
268 704
597 918
528 932
213 50
676 328
152 90
216 776
508 920
422 461
106 28
553 350
1023 432
641 1016
71 578
602 736
829 880
832 386
