5000
136 462
274 78
70 54
724 117
1015 748
24 688
240 68
916 706
512 800
768 44
960 96
186 292
1010 324
844 904
256 724
24 294
964 986
176 752
212 413
299 153
1013 847
988 806
608 949
564 331
618 212
470 971
264 508
883 480
989 440
333 128
386 1014
576 941
296 948
726 549
806 73
150 614
108 860
972 297
916 545
84 1002
904 496
784 113
769 216
68 458
485 882
198 872
162 702
245 819
279 196
997 618
968 468
916 890
808 844
363 940
136 688
710 616
180 416
144 880
892 32
559 96
510 788
959 645
981 180
553 96
940 575
504 320
529 68
834 656
488 408
643 698
922 224
892 419
832 172
288 219
276 322
610 168
1004 816
432 317
663 234
520 339
196 767
348 700
656 1000
516 83
528 862
700 363
891 384
311 544
980 396
77 242
726 926
448 1012
832 303
740 250
558 809
772 27
52 367
413 207
660 337
296 104
690 256
522 805
994 922
252 652
978 32
981 657
494 862
592 372
446 1002
651 312
642 493
63 536
708 528
352 712
812 843
696 422
112 975
911 933
726 24
164 86
406 480
900 443
467 960
314 110
440 979
476 662
743 593
400 1008
667 370
231 264
784 308
298 928
321 444
224 723
31 944
340 452
130 76
283 451
648 774
926 626
946 436
52 328
751 296
255 592
708 940
235 205
857 0
782 866
489 332
116 496
432 242
770 160
744 794
49 100
246 646
926 432
793 320
96 68
928 352
416 520
950 609
368 418
422 776
64 424
148 593
548 96
992 208
206 208
920 232
612 957
288 660
63 100
198 905
455 296
716 983
454 17
688 530
51 322
316 753
226 327
212 392
808 1002
986 174
80 0
52 743
418 224
252 516
12 714
825 118
963 496
861 349
228 862
943 184
775 930
212 22
10 20
128 537
354 832
99 105
232 377
838 312
277 187
576 108
986 488
268 240
880 975
794 652
124 576
112 108
920 703
488 644
384 790
629 384
550 869
352 276
576 236
285 124
506 144
128 768
592 127
406 424
480 312
400 836
326 618
712 960
672 972
312 8
864 803
266 502
350 526
1010 360
720 480
888 336
694 425
832 264
624 526
572 472
80 879
191 819
1019 566
691 752
21 104
984 192
970 646
537 544
288 450
963 272
432 537
400 96
256 512
320 921
50 423
740 776
724 475
54 446
389 1010
462 388
602 326
4 586
280 424
966 480
49 399
707 6
480 482
552 745
851 208
395 32
527 926
252 1009
810 832
838 980
380 801
716 774
531 126
554 227
236 764
217 363
468 864
710 538
111 552
943 532
608 868
19 231
82 118
294 745
631 992
153 10
656 289
937 915
783 71
804 392
164 110
225 1012
152 658
870 94
416 544
325 659
776 12
928 6
284 444
934 101
292 428
892 904
740 796
264 856
709 426
144 514
879 292
274 613
532 298
917 208
620 448
113 0
40 418
511 20
996 600
622 868
468 900
18 1000
482 664
973 515
119 110
244 14
675 75
709 764
400 332
90 683
55 349
504 512
125 102
850 960
137 836
77 48
714 341
90 764
22 268
644 314
718 56
34 509
72 91
31 832
112 1007
568 232
146 496
659 122
212 878
56 342
249 608
972 387
200 432
12 228
4 752
822 993
816 200
276 670
932 264
376 94
928 288
448 952
231 132
552 928
714 184
238 806
744 224
432 392
877 208
473 832
396 543
530 61
593 933
606 64
96 984
640 392
308 732
831 299
940 296
601 932
880 679
208 772
998 672
824 302
184 598
127 336
928 657
420 616
251 171
486 798
267 148
602 124
712 326
694 793
322 12
695 626
608 942
760 128
572 270
763 843
361 749
40 48
501 56
430 27
548 537
31 447
115 890
738 764
248 922
941 426
354 108
222 60
376 186
960 364
978 744
384 72
567 722
912 502
812 476
1019 476
455 160
992 717
352 433
416 426
630 51
1005 298
243 308
188 832
608 396
433 837
685 858
34 753
356 272
442 140
896 389
913 9
508 145
842 944
932 288
483 181
896 226
687 112
989 700
822 120
72 562
996 288
960 128
453 998
512 846
879 809
968 270
689 1009
129 1004
1023 738
199 608
979 754
805 285
864 952
599 508
460 684
718 912
1020 446
1009 448
918 972
982 634
52 442
24 1019
798 979
234 206
987 518
29 778
62 939
696 88
142 36
895 685
752 658
483 838
71 0
276 608
434 618
273 7
204 890
466 780
452 803
620 352
618 648
864 884
727 548
296 377
770 658
900 76
763 660
800 711
390 1023
327 660
264 611
128 950
46 928
882 796
808 896
68 474
60 684
972 1012
704 353
552 670
634 506
221 320
45 285
896 185
1 148
314 508
21 897
222 580
696 211
69 32
204 993
456 604
172 948
268 640
750 0
4 544
162 640
890 376
880 798
215 407
260 985
116 64
384 672
1009 800
746 132
504 721
772 50
172 282
602 689
975 289
391 256
464 240
432 513
448 140
456 184
527 42
726 538
722 40
325 992
360 832
640 432
196 1001
759 391
598 221
240 436
172 107
582 608
42 639
348 590
448 288
342 72
224 676
304 202
976 63
566 240
866 560
446 204
680 756
264 268
441 554
139 217
62 200
214 353
624 82
15 121
174 976
851 44
964 980
766 544
576 39
14 992
100 286
0 148
374 464
167 662
872 688
196 34
812 850
750 300
890 613
336 63
424 182
782 707
160 418
988 365
108 52
592 62
669 496
167 1011
511 358
759 131
678 880
941 45
745 764
888 110
985 96
432 587
255 356
960 906
866 80
425 10
488 904
288 383
394 158
688 186
951 662
724 368
682 666
128 4
692 494
1016 593
752 360
256 60
780 833
304 64
344 913
338 288
289 282
761 755
622 200
808 830
417 521
941 858
284 64
144 664
360 177
332 714
940 992
744 647
342 184
837 425
615 561
622 138
504 299
520 760
763 680
192 584
972 142
369 436
56 728
273 404
964 319
252 880
956 144
388 712
708 376
331 806
488 720
386 356
624 803
270 659
546 581
683 126
374 688
958 992
464 200
42 889
208 386
361 84
297 722
292 320
636 960
256 843
304 538
302 660
862 602
568 398
803 896
32 166
568 326
527 232
36 718
786 528
452 623
143 987
200 794
467 819
590 580
838 756
192 1019
245 603
942 578
856 130
8 100
675 842
743 103
469 559
92 496
407 612
390 576
849 98
690 328
418 594
57 140
530 82
291 296
252 492
516 485
840 640
246 840
631 988
822 118
926 131
1000 665
808 888
296 144
293 0
356 988
616 316
838 408
384 937
912 448
512 979
732 163
537 867
422 842
152 322
260 478
457 660
804 912
960 798
40 493
840 914
642 556
720 833
506 171
568 298
472 316
576 552
314 38
140 320
1000 895
312 624
562 53
975 601
864 570
420 83
80 831
867 840
1010 176
514 312
299 92
0 740
56 425
176 160
896 284
368 552
80 124
284 340
40 712
308 132
372 232
549 265
161 215
971 913
381 16
283 900
686 735
350 166
946 472
354 0
211 262
352 666
250 18
14 961
828 704
291 704
282 832
704 672
58 553
702 408
117 1001
816 732
566 712
528 636
90 698
314 294
476 714
142 806
994 76
34 538
993 870
819 48
122 876
583 338
408 305
799 642
866 312
984 502
200 320
509 441
65 804
868 938
153 480
690 260
192 550
937 616
303 809
482 386
954 770
880 512
788 988
936 392
593 952
492 853
192 352
998 374
512 318
80 630
46 508
864 290
383 195
964 968
238 912
580 24
743 175
87 688
10 288
668 1022
186 272
160 894
771 504
256 292
202 388
186 922
684 300
184 213
554 978
653 741
592 448
892 887
274 158
815 9
470 258
956 824
7 569
858 672
448 812
608 53
957 160
240 536
82 69
600 316
40 586
30 18
132 150
1020 824
538 427
623 396
89 940
291 546
46 256
984 91
656 232
593 70
584 894
404 998
365 220
398 544
398 122
482 228
734 438
532 788
998 131
928 754
668 0
789 532
376 448
258 1012
190 779
204 695
216 84
915 765
8 608
606 952
619 72
867 416
770 860
972 48
714 920
192 546
432 652
913 848
578 292
197 896
577 1019
139 846
128 1020
554 26
408 987
774 436
288 818
612 666
357 546
236 920
899 608
154 1016
88 839
644 298
1000 492
782 488
106 44
168 154
138 948
32 604
400 592
140 544
966 100
782 160
612 444
356 983
466 978
297 276
828 576
380 432
244 518
312 812
340 664
84 416
482 432
251 649
985 990
23 262
963 320
875 674
32 50
916 681
448 922
568 920
64 566
240 512
0 14
120 504
224 402
526 858
830 671
224 310
822 241
174 156
864 555
568 412
864 164
838 816
64 160
138 936
855 47
723 463
280 916
334 860
114 185
210 16
856 768
76 928
856 879
44 0
32 48
488 68
684 500
536 256
128 0
420 36
387 868
456 104
422 138
413 674
11 163
502 229
930 59
409 36
920 464
96 135
565 816
775 270
128 416
14 946
817 704
888 44
1007 944
790 3
471 948
784 137
399 1008
168 788
61 96
838 685
912 310
432 466
222 256
355 76
0 315
620 104
980 817
128 480
942 824
174 596
80 230
874 46
182 850
376 111
0 768
827 785
91 919
231 305
773 960
619 304
35 128
287 964
660 196
541 544
865 646
556 168
586 623
306 167
894 0
781 412
941 974
894 388
875 611
752 313
175 318
992 107
368 396
696 148
452 480
1006 828
388 768
715 163
808 182
1022 320
24 11
236 320
592 872
368 706
562 398
270 990
86 937
916 301
516 357
455 218
390 96
552 467
314 584
380 305
500 524
592 378
917 528
288 896
519 992
98 894
745 382
678 568
192 710
545 200
330 383
584 829
944 324
288 214
644 982
108 556
784 754
48 441
84 408
678 976
920 704
734 258
374 860
319 584
225 582
1003 464
24 281
585 161
968 763
404 968
827 288
220 181
692 215
458 344
182 390
131 400
119 490
692 524
991 502
228 24
172 455
101 978
134 123
968 840
74 166
354 356
352 16
474 512
488 700
584 656
74 542
451 97
191 416
828 680
337 984
176 868
108 904
48 716
628 547
796 512
56 24
913 389
556 12
910 351
773 485
181 82
925 376
704 40
166 850
54 156
78 770
193 640
827 448
496 519
451 977
605 937
942 879
507 580
520 503
778 536
988 58
624 151
970 857
52 501
128 666
475 1012
322 562
668 17
586 137
14 0
80 368
622 92
275 920
190 8
603 371
972 228
1008 314
722 737
886 996
6 754
560 104
448 747
627 326
926 940
560 825
512 128
680 888
203 560
336 301
703 816
346 272
514 752
980 862
924 740
592 926
768 576
162 691
668 982
230 258
65 1010
559 563
512 471
248 563
848 592
667 450
728 192
210 202
715 296
202 624
857 640
890 188
182 881
132 338
319 464
211 690
705 349
644 32
892 846
856 180
489 912
7 619
342 249
132 782
351 668
959 98
736 552
178 584
656 723
468 952
845 746
370 821
562 480
438 638
606 632
164 540
484 465
949 312
256 156
848 254
264 874
493 960
718 477
392 409
788 766
711 480
644 84
0 285
360 943
712 480
612 140
660 564
508 594
464 646
872 844
136 844
398 151
926 500
933 636
849 247
325 230
128 655
696 800
732 190
42 575
844 347
352 689
890 664
346 510
236 576
619 870
216 540
768 0
243 753
356 986
432 14
349 381
469 472
962 500
462 723
409 403
930 4
536 640
913 984
690 266
144 309
424 204
314 168
1002 669
705 428
744 212
900 80
1014 240
988 831
256 947
163 400
1020 855
176 236
740 50
644 736
392 112
170 687
154 238
179 245
136 636
672 160
224 416
575 62
93 434
0 539
399 144
640 600
380 668
410 672
56 543
412 87
233 163
602 872
33 931
606 920
1000 1005
664 764
466 418
444 419
468 448
153 0
760 360
816 106
912 828
809 580
24 648
986 946
168 792
685 525
819 92
577 192
734 476
55 302
952 644
454 274
1018 180
48 503
451 817
274 859
861 490
560 902
72 464
40 510
516 812
328 622
270 392
288 346
664 441
815 12
261 927
322 479
954 302
536 824
564 898
404 996
336 745
162 124
78 170
768 485
456 914
282 732
546 848
612 356
872 860
608 670
122 560
772 64
438 771
849 793
438 246
37 572
585 48
59 999
349 473
39 539
788 880
747 192
996 901
766 896
23 560
896 431
563 784
992 813
348 504
792 402
406 164
92 531
150 714
668 545
496 112
294 504
848 856
968 188
937 177
104 834
278 526
584 952
624 34
581 112
485 174
976 309
758 338
720 884
102 978
165 826
796 128
433 598
449 721
848 66
516 996
722 785
955 314
420 608
753 158
422 296
778 454
123 733
208 214
258 648
438 162
704 102
307 800
962 888
246 62
229 192
184 914
909 1018
18 709
670 592
244 977
163 786
9 272
558 936
942 210
1008 532
817 154
638 205
816 532
840 50
921 924
954 123
371 730
680 815
3 994
959 742
274 912
472 228
1001 120
447 710
61 841
53 448
876 823
883 928
924 164
496 352
287 827
832 417
227 288
828 118
72 669
744 110
526 248
394 800
670 138
800 342
274 953
512 577
940 368
1015 131
144 462
912 980
533 155
72 1022
927 439
536 856
952 492
573 343
576 224
566 936
92 298
989 269
638 772
844 544
912 354
530 201
30 718
972 368
50 980
109 886
853 108
527 860
627 448
55 247
544 844
900 494
542 818
698 413
640 730
650 764
707 520
4 798
834 566
656 544
587 426
908 909
668 556
503 476
400 516
254 300
856 448
309 580
370 808
172 608
640 966
782 304
284 273
603 438
540 520
687 145
378 17
806 474
855 78
276 542
96 933
912 385
96 519
886 48
260 279
798 310
384 708
837 773
568 40
858 1012
786 59
824 853
1018 720
852 506
730 200
366 367
568 896
120 320
62 183
297 925
666 410
800 470
72 32
456 976
552 784
193 108
899 704
484 606
979 588
364 493
224 654
576 48
10 364
60 282
873 338
424 716
920 908
120 744
106 860
238 54
272 642
572 413
704 442
141 896
440 996
507 281
122 924
272 512
14 575
300 395
50 682
260 628
411 534
38 968
940 615
157 169
978 448
665 862
984 64
260 444
192 586
588 557
245 974
748 844
544 10
296 324
992 60
912 544
972 700
514 905
664 380
900 190
368 780
430 44
290 641
472 955
392 504
815 852
371 794
683 749
683 182
204 264
191 997
976 216
552 116
923 190
470 303
946 696
56 594
346 942
274 370
736 840
864 650
24 280
420 888
985 187
874 244
983 880
122 808
960 792
100 412
400 562
796 601
576 220
394 764
435 992
648 696
112 391
389 816
498 372
355 979
444 296
962 496
220 940
340 92
426 245
220 16
369 1008
169 928
951 774
494 110
176 384
900 388
188 194
260 240
784 297
288 163
132 225
992 344
780 912
192 364
1020 726
225 463
598 764
655 934
352 784
70 12
924 920
553 808
60 156
343 230
512 374
857 551
672 1016
494 458
500 580
94 716
126 711
317 818
235 104
840 380
670 868
624 934
265 517
112 830
220 308
802 192
356 640
756 610
104 893
732 124
545 946
724 1020
528 908
580 974
440 750
858 808
390 70
384 26
859 584
512 980
872 964
745 848
896 902
792 916
170 61
470 927
896 800
904 435
464 740
460 378
209 128
780 624
989 1014
840 220
127 228
860 515
707 687
184 201
959 4
260 457
830 432
988 881
376 623
128 579
240 376
616 336
16 660
368 964
768 940
148 560
372 14
943 720
491 428
624 114
636 880
304 712
1 111
512 740
704 434
766 141
789 182
680 878
102 812
971 880
918 198
918 385
798 988
452 335
328 896
841 927
255 390
864 10
402 88
975 488
380 950
3 212
374 693
0 830
467 958
236 95
839 344
541 728
196 917
839 583
944 352
670 18
832 408
1016 283
32 868
256 696
420 648
896 672
802 1020
276 153
647 80
552 523
827 256
512 265
396 46
801 747
608 398
645 412
929 66
690 960
81 825
220 828
800 168
209 944
955 354
923 688
940 173
234 728
775 88
816 311
296 32
652 880
852 1003
724 484
22 606
214 971
93 874
270 247
629 658
896 432
954 140
648 226
825 760
274 251
502 204
496 956
504 196
732 0
969 561
970 504
272 440
376 342
26 416
897 286
496 56
990 648
532 965
416 648
89 720
707 602
81 808
604 924
584 256
392 1008
878 34
372 155
836 564
518 64
924 30
404 262
678 893
558 933
90 448
45 732
215 673
289 164
48 690
148 8
516 819
616 852
144 418
50 694
283 1012
184 202
624 640
377 932
160 782
72 0
915 120
792 574
209 868
114 28
796 982
495 652
102 453
31 320
76 390
344 829
243 720
256 7
496 456
142 398
143 876
297 94
179 923
40 776
292 342
352 870
480 832
685 572
536 979
220 821
460 656
576 872
30 256
792 936
312 902
84 660
618 828
840 262
968 443
552 232
860 86
678 786
528 572
0 380
672 70
11 230
768 672
0 61
852 246
278 390
38 456
700 788
863 55
36 486
131 717
1010 300
860 774
834 420
278 388
824 876
223 106
704 704
423 534
596 568
112 726
364 680
488 712
130 941
120 726
220 453
858 552
807 113
698 896
401 354
313 1014
864 754
688 588
546 310
76 722
504 723
456 855
196 236
105 612
295 258
688 854
532 51
11 706
93 742
778 112
984 53
379 118
165 273
542 274
74 938
752 280
1000 74
176 352
370 872
969 440
544 585
436 800
506 966
918 170
849 372
292 976
588 379
132 324
957 643
235 81
940 1018
418 720
272 592
388 250
632 508
873 54
756 774
608 109
316 987
212 227
136 80
117 60
320 826
283 250
760 688
168 448
249 62
822 201
760 731
917 399
560 508
211 571
994 37
876 183
640 461
806 768
588 806
240 240
336 1004
229 560
548 837
782 444
128 238
638 972
866 815
6 232
640 484
237 984
31 1000
546 480
805 674
127 549
0 660
144 486
982 636
378 803
269 430
34 349
614 197
538 568
715 1001
162 20
115 104
134 852
838 274
440 536
1010 87
948 992
707 64
291 872
712 939
375 640
378 418
13 96
148 542
216 149
494 923
832 207
808 748
740 352
39 330
464 456
184 638
597 136
172 529
1010 612
464 116
12 256
157 204
68 960
896 534
52 672
912 582
531 96
651 652
996 974
924 807
737 486
217 467
381 860
851 236
893 168
350 92
12 900
950 418
497 56
480 868
16 754
335 270
704 869
305 672
240 324
68 361
1022 897
664 976
770 37
944 489
112 1008
638 80
657 341
104 912
918 343
619 717
656 928
273 464
484 768
692 272
785 90
43 438
128 478
478 156
208 314
432 299
130 250
245 184
202 960
774 544
704 82
214 790
213 758
972 1000
469 128
270 346
841 290
700 944
340 944
880 44
987 431
337 387
49 402
992 923
381 105
513 840
960 32
992 542
464 371
944 188
290 843
414 589
152 850
112 44
918 161
294 115
790 824
98 892
333 659
4 1016
542 171
121 676
120 549
525 912
384 328
426 32
1005 767
846 929
164 796
1009 825
76 186
88 785
748 660
902 21
672 24
312 322
285 266
64 814
216 904
1023 702
562 322
995 966
320 320
203 960
389 50
27 327
195 982
96 592
330 377
764 766
186 648
64 804
5 290
640 632
455 0
764 324
164 724
931 274
512 468
920 444
1022 44
876 72
349 579
122 72
462 840
439 824
670 389
93 716
642 247
24 284
550 27
529 222
275 996
609 934
288 151
202 732
862 108
395 616
920 450
18 65
532 127
1023 335
488 464
808 1016
556 928
788 688
796 900
956 592
88 549
160 615
644 326
800 602
952 652
191 732
485 734
1019 517
84 241
704 64
364 589
216 87
969 337
720 359
291 840
918 88
141 1008
47 588
415 824
289 639
624 266
659 300
962 692
624 102
192 481
303 398
882 352
745 346
260 750
295 421
664 116
795 102
486 784
640 182
657 784
588 680
426 983
854 524
494 32
762 512
904 788
524 320
669 572
480 136
413 1000
369 512
744 392
10 728
660 176
50 832
704 400
202 772
570 656
776 1014
256 174
606 984
840 144
726 12
886 254
440 866
846 332
671 272
994 392
608 816
1 120
853 184
695 968
724 131
463 688
160 879
754 87
4 207
452 160
612 308
759 852
384 405
881 336
560 396
662 703
81 992
108 528
24 704
55 82
781 860
942 914
976 706
814 28
877 416
864 0
270 504
216 908
996 408
664 528
208 490
673 1020
519 909
513 371
244 988
536 602
908 363
262 190
960 276
86 210
444 832
225 367
485 864
746 84
846 44
740 1004
695 309
955 834
94 168
283 744
321 630
576 608
792 70
856 683
492 427
852 347
816 755
368 381
717 122
225 540
105 193
76 192
161 73
912 894
962 260
2 668
944 944
148 278
266 507
1010 634
498 687
914 770
76 270
795 476
582 256
42 572
136 197
610 810
714 448
231 833
938 876
426 172
724 671
472 467
856 328
817 103
138 240
804 424
810 352
928 988
355 596
57 210
928 1017
512 292
340 615
551 692
74 982
814 288
964 877
0 668
640 64
436 40
982 1020
24 286
789 896
560 560
177 223
408 0
750 320
352 444
408 64
204 139
238 665
16 985
970 395
539 507
184 463
660 272
804 666
100 568
498 923
920 446
925 264
640 209
992 128
516 570
894 944
496 344
956 879
284 896
59 192
996 95
152 80
490 388
336 402
766 811
240 823
424 16
572 1000
634 1016
748 535
192 912
316 756
774 557
390 479
296 406
288 156
770 277
224 338
2 12
721 276
112 72
254 316
150 656
542 504
599 549
516 982
608 920
842 548
744 882
397 852
757 805
447 308
269 520
160 919
916 873
798 130
496 288
973 849
740 502
183 768
192 559
896 487
110 656
552 582
185 833
816 328
364 743
987 12
395 286
944 400
804 15
135 412
998 724
958 760
768 439
951 479
822 395
360 456
740 524
936 673
632 573
450 635
108 726
336 290
545 540
480 916
793 872
737 983
8 819
792 352
962 420
518 412
424 24
167 236
644 532
966 643
836 840
578 36
674 399
323 27
202 567
390 591
942 787
373 686
513 56
368 496
384 133
242 923
108 256
216 444
890 363
906 384
658 488
0 48
996 98
400 243
710 115
666 560
908 335
1020 900
487 870
116 344
90 824
460 522
832 664
1006 396
911 704
684 436
219 821
788 160
20 436
456 350
840 684
608 107
372 960
860 775
382 300
314 608
870 351
626 308
16 4
483 226
88 978
94 362
225 896
928 546
512 716
1016 532
360 440
917 202
148 992
70 723
382 142
480 691
448 746
120 0
577 952
144 586
272 194
1 60
640 276
616 632
336 202
11 688
612 320
1014 208
130 799
824 277
92 128
486 564
235 864
336 176
486 245
321 626
371 476
793 189
1000 392
838 537
404 645
267 714
965 1006
700 912
576 575
424 911
576 650
674 886
784 878
335 410
655 406
104 64
1009 366
948 768
893 400
416 137
27 134
376 36
592 751
558 879
741 375
3 342
267 281
582 598
186 732
550 172
422 28
76 1006
698 960
976 94
100 1000
10 261
992 246
674 438
457 932
509 524
434 988
546 38
874 836
99 233
352 389
617 144
138 477
28 111
868 556
464 554
390 811
272 160
403 220
518 356
290 743
544 808
768 402
942 35
420 591
155 362
756 833
928 65
1019 365
493 514
57 944
655 450
906 187
294 420
987 1002
211 728
332 668
168 512
800 152
786 624
817 251
624 540
486 966
553 415
956 567
901 883
783 238
515 976
27 780
272 301
874 680
440 668
392 824
141 353
8 368
806 12
544 542
448 362
915 570
924 441
798 995
360 896
672 992
255 0
297 624
73 944
772 224
508 304
850 794
848 558
922 785
924 958
698 344
632 340
616 430
317 128
928 178
788 610
38 283
241 447
254 414
160 362
80 449
295 248
920 987
352 70
337 888
322 736
926 91
722 798
662 368
688 205
604 345
824 451
333 502
142 896
912 821
960 834
203 405
204 896
944 628
806 744
316 957
312 200
720 823
739 234
44 805
858 548
245 498
924 82
272 928
64 113
624 570
801 632
88 877
110 777
249 38
846 294
862 893
782 804
744 972
1 946
493 84
88 651
632 126
624 488
208 103
408 280
381 364
944 735
954 849
197 992
863 704
836 16
809 283
0 118
912 648
672 130
251 110
484 433
497 599
406 634
660 428
517 771
564 810
784 484
652 659
801 600
438 273
914 701
496 631
68 480
255 1006
104 89
152 183
822 264
721 597
560 96
984 712
152 440
960 432
256 920
688 377
234 271
709 42
319 256
86 988
240 340
684 272
264 850
228 934
370 883
951 864
539 240
266 178
659 130
325 784
638 682
554 395
689 744
988 112
944 832
802 496
342 308
259 448
102 177
668 922
667 22
940 280
728 440
324 728
571 412
692 639
576 896
1009 180
372 590
952 163
898 466
56 153
571 1008
200 502
782 964
407 174
1000 396
483 708
608 912
576 696
160 680
668 420
918 600
200 316
777 288
8 664
244 212
957 98
226 256
904 875
159 860
239 666
221 762
955 842
800 664
632 935
809 409
166 762
724 720
240 379
656 1016
344 33
933 795
172 542
158 502
720 210
334 994
29 624
853 652
101 405
279 640
230 840
144 537
625 544
816 26
14 856
760 262
705 872
900 864
272 176
626 296
200 188
421 766
69 370
576 620
992 662
780 826
402 1020
40 238
296 870
764 944
662 628
658 16
886 32
372 100
394 228
128 608
516 480
972 781
911 444
196 136
326 272
806 680
692 768
288 328
499 92
650 279
73 85
153 852
147 744
956 472
672 692
242 237
788 930
712 526
123 852
254 663
572 56
748 628
568 502
336 452
836 512
900 306
0 596
339 786
164 192
576 72
364 18
886 351
1006 508
824 152
80 730
612 829
534 656
183 90
816 556
104 558
16 616
362 972
392 667
980 496
740 628
208 106
0 19
144 457
818 834
66 377
448 340
980 610
916 586
332 12
196 21
716 290
96 128
682 662
477 140
176 822
384 978
526 556
492 303
218 280
914 880
416 546
325 683
328 336
592 223
802 339
410 480
655 932
416 150
880 140
256 214
744 944
540 844
148 90
166 902
470 93
439 448
390 132
829 212
488 156
684 496
220 327
184 991
302 704
64 976
828 119
272 191
153 938
449 0
981 638
580 868
256 88
532 520
730 459
106 467
664 673
847 84
192 138
732 462
477 194
260 704
544 966
220 348
344 31
230 247
914 808
805 506
980 188
16 120
718 284
819 221
562 524
978 829
446 90
140 847
574 784
916 440
440 676
533 382
352 261
421 280
552 822
168 576
160 502
665 664
141 586
966 602
936 399
24 450
694 712
409 678
722 784
530 208
640 796
466 584
620 346
472 774
257 124
422 608
836 612
582 276
492 256
944 93
80 1000
222 242
469 719
706 453
268 677
207 851
522 408
994 132
744 320
164 329
516 1002
848 270
196 832
396 794
80 726
895 136
332 144
464 327
1000 963
109 185
504 198
518 1020
272 576
651 818
646 962
804 250
40 965
458 689
644 868
635 196
972 64
252 254
61 523
924 515
616 448
412 867
360 223
804 905
598 67
794 907
778 764
920 744
480 152
896 300
163 1008
0 117
334 821
732 316
402 304
117 92
10 704
396 370
288 180
832 390
296 230
432 552
1016 548
318 941
516 512
661 537
568 924
912 344
698 184
904 984
491 122
39 978
842 940
253 838
850 1002
420 411
428 663
382 843
2 630
572 528
304 966
932 834
940 160
350 963
914 382
166 288
89 213
676 732
88 896
755 432
570 992
694 417
523 450
564 872
444 940
944 664
664 935
748 456
512 459
1002 128
892 132
194 156
16 140
284 158
830 745
17 896
899 926
377 807
500 696
256 728
268 600
115 704
846 453
183 301
256 590
530 336
245 830
716 784
548 209
255 888
689 21
284 774
964 976
928 0
408 928
537 832
163 726
711 440
160 716
350 493
500 315
307 704
903 826
488 88
154 540
634 488
28 632
445 490
430 622
588 362
196 939
86 519
308 874
198 728
789 279
784 543
263 504
845 48
104 500
672 511
334 673
147 32
492 44
803 152
956 693
816 435
444 847
1006 772
536 194
1010 520
82 740
936 846
64 768
546 32
970 684
1002 558
512 866
262 698
41 950
563 58
738 1006
510 642
448 788
904 1002
842 53
857 278
602 760
744 47
840 346
834 568
35 708
756 612
768 714
267 324
678 224
129 661
769 348
0 336
460 584
880 296
758 972
1009 536
64 288
223 321
304 551
115 499
539 750
300 832
760 64
548 656
464 626
677 464
472 8
313 320
34 682
164 52
194 536
312 623
856 116
24 716
92 336
758 969
960 468
619 716
187 0
379 904
520 40
672 304
86 905
802 974
792 630
464 997
795 263
104 147
468 768
366 156
700 547
973 368
131 367
863 802
758 662
907 309
648 555
711 434
542 490
585 688
230 770
996 774
646 536
4 336
782 777
324 440
518 284
510 832
592 704
805 834
974 10
16 80
606 762
213 288
942 692
488 32
494 214
920 848
416 15
488 805
376 329
704 224
388 720
880 464
224 632
420 927
516 452
201 212
20 896
420 512
872 40
864 8
212 136
48 395
876 512
144 263
520 700
1020 72
880 704
484 80
400 400
879 714
606 728
85 500
256 80
571 894
357 902
428 348
756 340
690 304
32 286
395 1023
444 357
406 82
8 182
440 8
935 736
64 496
670 859
588 988
890 470
32 589
352 176
6 496
418 738
948 776
375 963
848 311
492 988
542 546
843 918
272 502
912 172
24 645
248 368
320 546
963 344
363 252
436 552
357 210
842 544
404 992
478 384
1021 220
891 110
748 394
764 342
246 793
760 659
460 594
657 528
608 210
379 386
966 38
1008 832
936 639
436 176
534 416
292 954
706 416
870 344
549 828
192 1016
716 597
825 797
492 686
252 776
792 864
512 814
1013 874
867 622
330 165
312 256
768 730
716 686
911 85
281 786
340 748
882 616
82 842
345 542
668 308
490 940
689 574
976 690
496 608
480 984
612 326
720 720
573 520
538 786
842 955
727 253
1018 369
320 896
502 1016
224 184
676 104
136 673
692 848
416 703
682 848
979 852
128 461
6 920
882 239
66 800
976 920
687 729
702 79
924 156
112 84
448 981
902 984
0 614
786 446
52 516
556 916
28 664
694 800
768 609
269 226
332 112
309 791
973 71
179 133
828 560
156 640
933 80
908 245
580 522
330 662
600 64
893 712
746 816
328 129
215 899
576 794
690 504
655 750
81 1018
528 362
132 538
388 936
138 164
406 373
192 319
48 359
752 276
828 0
860 906
738 637
852 834
620 184
384 588
472 351
883 580
449 202
676 138
420 804
691 632
574 348
841 349
78 456
964 860
973 410
312 956
784 664
304 48
23 136
171 982
250 912
31 285
116 824
308 78
936 76
128 914
962 494
235 324
116 708
140 682
816 422
776 260
244 480
1000 378
344 752
312 639
693 801
902 163
937 486
192 548
80 432
888 846
400 934
554 572
960 589
930 238
512 164
114 960
488 69
363 886
532 457
717 203
203 820
662 840
377 1007
109 629
210 560
676 450
744 620
300 290
914 392
66 87
402 176
646 674
192 544
38 972
854 91
224 62
464 885
116 819
316 19
838 50
474 184
620 176
44 440
720 885
1020 412
606 784
775 830
755 352
902 502
693 302
909 867
756 288
275 159
590 176
29 800
124 488
734 152
273 582
876 712
677 480
470 120
348 300
254 592
184 368
726 514
404 976
368 804
295 12
132 988
672 12
200 412
550 396
184 408
992 1023
632 617
133 502
822 622
315 304
230 984
144 534
901 401
114 300
478 432
170 978
712 712
156 345
706 131
240 128
541 520
416 258
362 188
754 1004
478 462
354 732
554 499
510 307
936 664
915 832
915 988
176 68
904 754
473 104
128 984
89 205
92 177
810 168
648 904
348 8
934 36
138 849
988 178
520 1019
428 410
301 424
592 830
105 136
385 100
726 910
698 176
753 921
972 508
479 37
244 750
40 288
710 332
967 306
563 720
952 180
571 998
160 827
244 808
21 363
571 636
754 424
908 896
732 370
732 405
80 768
362 837
414 528
366 903
610 781
957 748
545 12
421 588
560 332
96 222
764 144
568 941
480 882
508 552
203 860
709 474
281 964
689 616
829 134
127 743
472 634
20 695
704 319
332 224
583 90
768 331
517 520
670 123
729 1018
144 896
840 736
248 704
649 774
546 118
266 506
231 32
554 924
137 409
691 968
748 719
894 48
19 72
128 309
1016 120
315 798
718 424
799 576
490 892
660 854
615 959
16 360
484 636
520 699
722 342
728 450
710 152
382 406
578 15
300 111
191 256
828 850
958 910
432 736
748 989
32 293
444 960
625 656
360 528
112 664
241 190
513 474
324 736
1005 395
606 918
96 166
364 300
784 116
953 514
214 534
414 436
889 300
680 376
10 171
670 48
734 912
452 132
385 336
615 667
712 866
295 86
400 855
142 166
448 872
64 962
56 718
847 904
428 481
992 123
705 880
187 85
729 303
354 200
528 231
1004 511
590 724
686 552
398 672
681 140
853 119
42 1010
480 572
688 373
974 906
592 696
26 150
156 898
386 535
944 128
668 83
488 634
4 1004
61 424
480 92
612 926
563 981
919 955
975 540
215 346
852 383
448 817
863 724
444 629
512 179
684 712
869 491
960 332
99 621
138 480
522 844
860 508
756 435
394 460
779 601
472 641
628 842
169 212
322 337
185 234
961 26
973 602
368 522
572 746
306 656
576 948
298 794
184 950
456 584
216 210
572 676
800 909
312 324
144 754
501 79
792 540
494 9
148 240
384 453
354 194
0 948
590 496
1000 942
736 856
1020 74
229 174
693 896
7 106
880 456
836 573
666 725
19 470
926 481
500 48
54 464
854 385
360 80
215 548
920 662
123 326
271 948
831 241
252 391
288 496
726 672
131 344
721 463
984 842
794 331
736 986
120 458
634 432
773 448
1008 580
820 326
107 611
760 852
674 891
602 480
812 648
370 400
320 108
332 829
926 504
759 240
753 556
532 214
360 504
973 215
115 544
927 220
402 142
62 6
728 400
30 280
544 629
226 32
112 576
521 518
598 969
118 334
124 552
176 864
188 881
928 987
992 728
894 431
208 118
966 940
144 0
1000 754
450 168
554 314
96 220
474 474
217 724
663 870
865 896
552 818
148 600
423 128
284 392
335 836
234 906
772 384
868 976
204 998
30 578
888 740
220 862
895 51
226 410
201 462
640 52
697 724
78 182
447 470
908 782
632 830
974 829
887 768
263 312
456 65
948 546
752 701
691 404
940 112
1016 869
866 732
429 249
816 446
1000 288
167 317
556 956
70 620
606 428
1004 756
244 484
0 224
101 120
832 335
848 832
88 834
326 1005
611 937
752 81
316 112
739 550
308 576
652 720
146 270
1014 848
110 8
552 918
316 218
52 470
537 791
164 512
508 136
187 458
976 108
224 808
754 74
612 681
885 12
638 613
0 60
124 0
788 260
487 113
192 146
375 754
144 608
625 52
0 996
156 282
752 412
106 632
924 376
603 645
8 870
806 518
80 43
148 214
318 892
582 904
411 64
88 228
529 359
437 336
510 202
128 354
305 392
144 531
18 238
504 84
639 308
780 763
180 488
995 226
664 120
642 316
972 558
840 708
827 527
746 26
944 913
334 347
393 245
256 66
434 352
468 508
709 151
541 770
576 596
946 2
652 654
343 657
888 456
519 768
960 208
32 793
192 226
504 120
848 987
928 871
797 958
32 173
96 368
994 429
50 704
808 832
248 124
414 728
191 399
416 700
884 735
0 274
369 538
640 124
645 446
254 332
302 916
788 612
409 442
367 907
48 152
572 384
990 160
32 884
624 208
235 848
510 754
80 60
680 96
992 135
260 53
778 12
236 712
283 252
40 358
288 984
991 216
688 378
1005 750
440 318
504 734
478 450
952 325
493 831
826 132
997 272
676 356
222 346
961 853
164 152
514 606
310 792
614 398
788 716
992 992
66 5
382 482
664 932
273 812
256 408
838 1008
768 708
132 238
979 748
881 485
996 407
751 513
527 800
680 967
432 984
95 933
84 294
641 992
543 518
132 54
249 358
6 255
160 471
790 1018
906 914
415 48
852 914
142 698
458 896
726 960
240 979
156 333
508 369
802 560
620 864
373 488
936 698
208 768
844 198
944 756
400 774
533 1000
480 124
639 832
1010 744
960 982
788 512
310 511
438 896
496 236
201 488
580 663
149 221
59 872
256 336
393 909
532 512
232 277
977 74
983 792
364 320
952 515
462 664
949 70
657 156
841 322
822 904
996 784
442 773
7 392
841 444
150 304
326 630
931 595
582 19
984 876
614 764
572 915
458 928
563 449
148 505
816 599
642 649
610 202
296 764
480 780
558 448
292 496
323 340
776 0
338 707
513 204
228 876
543 992
736 171
538 358
868 834
659 784
264 696
854 435
348 340
935 882
96 688
72 104
512 859
148 208
243 568
1010 948
88 992
178 809
780 109
734 206
272 219
70 415
80 860
359 625
610 775
129 853
482 110
543 880
897 558
315 137
794 128
313 87
550 421
232 918
96 260
832 800
480 446
571 452
911 779
564 322
589 928
81 648
860 944
389 20
376 826
654 896
24 976
787 953
640 0
115 837
544 553
800 413
334 240
600 832
968 913
262 808
366 164
428 888
792 285
432 684
698 966
180 650
442 854
608 877
309 888
146 410
671 679
353 685
238 114
169 326
608 680
580 968
1022 460
24 478
512 154
979 830
244 793
388 598
718 512
861 956
208 128
304 40
776 446
1000 52
332 684
88 229
285 360
536 288
900 1008
866 780
640 665
386 105
391 921
256 372
894 892
649 576
515 12
8 468
264 484
168 724
707 188
355 416
741 204
917 670
948 936
713 81
939 688
684 656
907 746
1022 512
1016 832
254 148
632 356
374 716
838 68
386 314
976 65
860 48
224 544
154 998
378 892
332 718
312 984
766 663
1008 800
104 568
771 266
72 845
852 236
1012 91
745 811
875 318
680 578
1002 100
13 508
800 832
446 992
585 426
72 948
308 640
156 252
659 16
288 250
444 614
252 877
226 349
605 488
264 314
832 454
226 509
603 595
614 50
544 860
147 160
916 104
564 1007
241 560
698 817
769 160
6 939
683 332
524 287
712 220
805 362
912 176
536 1008
616 32
720 875
525 826
345 337
145 283
6 632
698 1019
740 392
622 841
630 544
274 770
976 805
734 196
507 704
687 907
689 538
324 394
927 950
975 328
303 682
808 668
232 516
491 448
65 131
208 216
986 352
159 533
492 64
994 60
944 904
720 138
739 68
559 776
908 868
314 64
114 912
368 360
704 992
832 8
372 656
784 660
704 192
776 192
144 198
503 1001
796 179
16 159
884 624
693 398
389 440
262 740
522 271
150 249
458 192
944 602
279 505
272 529
91 858
101 807
784 558
68 724
16 825
48 980
322 936
1015 224
316 794
997 239
796 874
384 574
613 815
936 305
74 9
365 941
157 894
1016 60
280 120
526 908
570 128
1023 1020
96 675
922 161
344 283
96 448
0 776
28 362
72 660
966 442
347 732
838 840
419 734
572 660
275 913
320 888
368 852
176 844
0 746
816 433
763 540
1000 85
420 423
276 128
212 588
869 616
64 28
176 597
864 941
324 386
853 248
1000 486
88 44
857 102
937 81
720 228
398 480
320 542
157 817
160 639
768 200
269 1004
442 618
732 930
94 923
426 48
808 572
433 193
287 278
566 152
819 722
596 538
661 712
1020 684
67 456
662 668
81 784
531 347
984 656
56 556
607 786
1000 695
815 390
651 114
631 812
938 705
12 870
997 565
757 56
188 879
536 996
949 260
530 564
846 164
771 262
208 192
1018 431
300 666
934 338
601 655
656 523
988 592
696 504
522 1016
235 204
136 435
768 240
670 864
154 1010
826 138
483 424
960 16
569 274
1012 518
942 562
827 720
752 672
668 940
72 962
896 309
647 376
220 440
204 842
800 528
176 956
878 636
898 866
7 788
180 912
472 576
558 536
650 844
313 30
128 628
452 487
910 200
116 342
334 214
848 469
900 273
640 170
1006 656
596 272
70 0
196 928
54 397
622 715
338 653
596 819
353 778
985 384
736 976
706 712
516 1012
234 870
272 853
562 512
14 161
1022 275
278 712
934 676
294 806
580 222
744 49
962 96
428 506
586 900
771 168
419 267
337 1004
687 730
391 124
748 512
304 856
896 498
509 256
981 632
616 268
256 556
947 232
870 121
885 208
686 600
492 550
946 104
149 96
724 503
579 920
928 382
122 800
408 733
34 660
720 202
692 16
124 176
618 413
552 348
956 0
890 493
722 436
928 544
1004 760
593 500
261 796
986 512
384 0
826 656
509 333
530 871
824 178
936 142
680 508
296 814
425 20
252 245
204 720
628 846
420 309
482 326
1016 864
973 806
582 576
5 168
320 388
836 1002
948 469
741 871
272 670
405 660
792 612
940 608
258 536
704 346
384 704
397 506
927 136
404 388
78 384
422 324
928 287
256 530
544 728
500 160
47 511
72 170
178 40
647 42
259 572
283 128
596 992
640 712
499 446
872 439
544 841
106 12
240 136
806 972
755 540
295 769
340 860
290 300
650 664
772 502
236 464
213 536
360 392
96 780
493 953
124 536
814 21
44 9
980 676
572 546
226 993
394 682
5 685
335 471
68 680
717 736
170 737
124 614
1009 960
134 800
967 90
814 663
420 1021
311 128
860 286
952 128
775 512
430 768
385 582
902 688
202 889
43 819
181 120
699 376
256 820
80 667
936 910
192 380
569 459
450 464
772 87
803 250
8 928
271 824
404 209
256 466
192 806
678 604
902 870
836 768
878 984
768 436
746 693
52 982
287 614
492 980
736 420
922 504
432 383
618 704
720 488
640 624
846 478
178 632
834 645
584 338
584 668
498 532
168 920
640 282
281 195
256 832
242 379
440 447
932 635
552 318
472 767
1016 812
280 726
760 500
568 990
921 935
74 84
774 442
60 920
879 756
639 161
14 694
534 904
16 96
1000 743
966 526
446 144
904 983
642 892
664 449
383 316
284 345
96 270
176 288
824 948
648 608
40 434
52 142
362 428
766 462
936 704
640 82
229 276
705 280
612 991
36 934
576 651
190 334
38 38
376 195
359 574
80 972
344 760
288 404
234 616
581 836
59 503
57 566
888 333
590 560
84 337
822 634
961 60
610 730
124 496
436 378
922 321
211 960
233 546
512 146
379 608
972 518
812 888
72 957
736 216
816 104
394 188
702 568
32 950
739 512
803 560
976 604
816 752
204 96
268 576
208 305
507 268
728 521
909 335
988 950
677 776
540 655
343 268
934 200
158 358
768 632
350 583
593 677
404 562
928 761
570 740
608 234
1002 960
101 147
344 240
218 112
274 790
845 370
480 40
316 600
636 647
420 416
242 652
717 352
128 426
48 16
348 296
775 754
269 859
509 504
284 536
240 800
476 99
306 587
968 261
155 400
857 752
2 538
376 612
656 992
383 936
874 252
57 240
376 852
977 184
841 710
421 648
992 452
496 224
554 753
552 182
92 22
316 52
350 72
744 500
861 188
889 405
416 650
623 224
664 374
592 224
58 990
164 517
384 396
335 487
924 335
385 476
664 614
1008 738
356 0
454 994
440 796
422 360
576 619
208 788
848 224
401 842
945 837
420 599
15 4
776 400
375 604
751 50
683 312
852 650
696 326
712 539
783 221
357 580
352 624
363 268
780 23
748 930
844 692
342 41
88 640
142 165
148 27
802 584
684 145
546 702
410 992
270 888
280 340
984 289
449 272
624 288
165 491
828 186
443 578
104 943
1008 952
364 211
528 880
1016 560
929 704
852 984
270 666
194 758
318 162
1002 644
690 822
964 821
322 48
994 168
187 86
375 415
979 880
736 612
0 24
512 224
132 493
289 544
514 946
1010 664
236 260
192 256
310 499
940 404
946 143
554 912
659 612
440 803
84 720
627 864
756 271
118 912
550 168
136 736
406 652
90 838
920 800
367 962
849 328
866 239
822 884
559 736
283 768
192 72
40 652
192 176
848 940
739 778
153 776
486 667
404 446
608 1015
771 124
138 832
796 576
173 428
984 794
370 26
864 640
81 248
60 908
883 544
551 763
394 683
144 752
28 524
534 621
216 988
646 512
46 776
872 195
862 701
5 284
139 352
19 897
597 30
820 518
540 366
960 764
900 727
256 32
332 828
967 127
96 276
832 24
662 118
856 764
570 316
920 591
431 970
271 587
894 400
137 950
636 485
608 318
64 466
926 838
856 744
310 458
592 362
788 888
768 607
320 616
428 800
554 570
906 349
356 952
840 292
368 453
224 192
679 390
952 94
772 364
430 992
38 9
294 842
412 784
343 632
574 494
28 575
509 622
646 728
984 126
52 130
410 900
128 1010
984 367
850 893
953 491
1008 288
40 893
490 1008
54 182
202 582
560 272
779 264
376 48
496 32
256 64
712 142
584 96
304 512
704 248
8 578
646 276
94 822
319 674
104 788
52 925
531 825
18 293
0 618
280 264
446 512
240 684
896 924
313 396
10 83
846 183
146 624
32 108
539 192
926 976
96 644
170 818
872 47
999 788
624 46
783 784
276 732
312 688
247 236
90 936
614 643
32 606
436 539
687 337
474 840
944 46
774 772
24 672
1 94
228 248
544 774
38 13
599 14
1006 567
896 656
711 1010
112 227
983 956
60 540
310 785
76 144
548 711
344 973
