1000
462 197
368 438
60 40
256 322
95 408
392 188
488 76
212 352
332 35
500 132
272 458
368 42
418 32
369 212
25 400
183 236
281 375
379 8
263 203
357 244
400 243
59 240
246 88
19 312
64 283
418 464
19 182
486 455
136 432
398 312
270 114
493 505
430 84
176 361
160 183
384 26
324 112
276 288
113 360
495 24
147 273
12 348
192 44
88 176
92 387
301 200
196 94
266 388
249 64
200 388
160 199
329 304
455 312
473 92
76 400
56 238
378 47
453 288
400 348
352 404
510 139
390 251
39 494
352 32
198 340
392 155
501 90
73 198
454 184
162 44
224 41
112 266
400 402
416 387
448 42
24 496
467 500
22 443
214 22
89 458
400 476
509 186
280 500
148 24
436 496
320 108
140 422
271 38
255 494
475 290
73 219
85 504
186 448
23 472
448 206
369 372
4 12
97 106
118 306
252 376
399 388
78 60
252 136
370 164
422 41
144 138
446 488
312 163
130 72
320 278
453 414
188 432
300 147
8 71
298 458
72 232
266 188
234 148
508 186
70 444
450 19
224 36
214 196
402 476
249 123
500 94
17 500
114 379
300 100
94 230
60 298
365 232
336 53
51 508
356 488
111 233
396 342
320 348
31 20
172 72
226 11
202 271
340 248
88 75
32 71
304 313
242 402
324 504
108 58
218 478
472 112
96 401
448 164
294 100
276 384
256 448
261 172
288 32
16 70
334 471
250 219
262 248
496 232
208 86
168 328
64 385
493 316
375 176
174 212
379 94
410 287
497 462
479 256
181 73
223 150
219 388
394 80
488 223
88 16
79 384
502 52
296 15
400 380
200 348
122 480
19 306
437 1
191 480
290 477
342 440
182 280
299 453
244 384
296 338
436 270
58 280
390 176
392 229
84 360
373 240
404 448
256 72
480 195
145 384
345 226
8 137
272 396
444 289
165 312
372 506
488 35
496 194
496 318
43 72
296 192
64 217
93 413
492 49
492 155
180 40
392 49
1 386
102 413
88 320
339 76
8 245
152 114
492 482
442 256
432 401
370 394
228 5
166 390
416 367
245 130
125 224
176 446
504 224
14 232
463 193
388 270
20 444
310 238
230 303
484 202
160 10
187 288
216 232
508 400
376 132
390 506
404 111
62 121
507 241
294 284
48 296
404 421
76 500
56 96
4 244
200 192
223 329
414 240
128 154
420 504
320 500
292 370
136 14
112 98
4 400
291 444
99 68
364 189
128 128
272 355
482 469
310 12
64 119
17 202
511 387
464 340
308 478
378 192
328 195
511 188
21 489
332 419
457 100
190 206
400 170
34 427
272 424
492 88
145 394
335 482
200 396
384 240
51 48
415 345
492 146
250 60
48 125
32 216
152 308
0 282
340 177
0 128
218 70
328 376
230 372
448 286
324 336
326 373
346 334
380 15
496 20
316 277
166 358
456 152
344 187
478 400
368 142
288 476
180 31
428 66
335 84
472 310
500 422
244 168
32 300
447 263
330 68
472 295
432 84
200 318
176 386
215 200
448 55
344 448
85 478
252 111
138 279
127 210
97 4
304 16
117 506
136 45
269 256
241 284
84 186
173 308
408 324
403 278
268 352
273 428
224 72
120 235
24 136
469 499
141 328
384 268
265 184
320 236
56 256
171 280
288 56
283 22
312 293
76 6
65 341
436 329
28 324
352 444
48 176
372 395
296 394
40 365
384 428
328 144
378 31
262 470
132 144
336 235
440 196
160 64
274 26
247 88
411 481
222 69
388 157
215 431
210 124
168 400
13 50
68 486
267 96
102 205
392 7
382 108
272 136
208 38
453 281
299 472
420 51
70 499
366 276
480 244
21 504
158 424
0 335
110 87
274 72
219 212
41 134
46 381
186 88
0 350
356 432
486 456
140 501
292 344
488 304
17 378
157 173
307 499
382 397
192 260
42 448
469 157
505 491
172 319
370 288
93 397
276 172
158 288
0 80
315 264
224 406
333 212
311 321
360 256
236 19
355 319
312 420
356 492
16 312
133 220
176 77
508 29
254 3
24 440
76 224
486 160
166 339
176 18
478 32
449 440
351 253
188 430
117 128
16 224
503 20
472 124
179 300
286 391
312 89
84 353
18 494
154 320
168 404
366 490
464 324
484 351
394 144
456 394
0 274
189 158
116 427
363 337
118 271
14 384
103 264
283 254
72 1
396 488
336 328
88 314
326 348
316 131
497 42
496 200
446 360
22 252
222 145
358 210
493 337
141 476
448 432
180 496
276 476
161 445
404 322
420 376
0 110
109 90
472 241
24 200
88 264
270 407
480 302
42 292
352 109
221 170
284 488
384 448
296 263
128 256
390 38
96 450
420 269
148 48
232 178
176 104
295 359
73 146
398 88
222 384
131 143
208 462
432 456
327 224
248 317
1 322
449 360
348 308
238 286
264 411
375 286
41 230
13 304
384 360
269 440
374 338
140 3
80 460
200 9
89 136
168 280
350 162
395 404
344 126
368 280
454 345
452 304
266 227
202 272
19 211
368 318
476 35
178 342
128 484
47 160
356 380
329 355
20 64
119 46
88 447
304 51
116 94
483 124
323 254
448 376
258 444
180 455
32 24
45 38
61 232
310 83
260 344
266 34
408 484
244 510
36 155
286 61
250 2
1 447
278 248
296 380
406 118
244 242
288 53
209 332
332 168
347 240
340 416
444 204
56 43
313 323
43 336
94 101
244 13
88 420
158 300
0 312
498 117
115 338
508 398
396 11
466 380
444 502
289 207
298 244
151 296
72 288
31 200
25 137
172 376
92 120
406 428
48 141
20 354
30 160
496 69
392 394
412 379
16 120
71 400
465 160
125 154
398 239
88 270
488 280
476 327
492 433
352 352
484 402
68 244
428 24
206 284
180 88
208 404
246 200
56 276
76 12
68 232
336 163
61 436
186 8
224 443
220 471
453 232
108 431
153 104
121 76
52 174
56 112
8 487
459 42
454 168
429 402
70 394
272 99
446 274
466 276
402 25
238 88
334 288
358 236
166 128
29 408
438 506
205 71
163 24
218 304
300 160
162 84
68 88
236 258
432 56
410 76
337 416
368 188
454 388
134 342
338 64
344 264
447 272
463 66
189 104
102 352
16 18
416 363
364 346
8 334
42 18
480 344
56 125
16 8
293 469
152 92
400 472
12 64
394 205
21 432
188 144
240 380
234 268
482 431
437 362
216 418
427 96
192 91
197 381
216 506
444 232
336 379
296 277
269 0
176 228
432 316
158 442
408 500
466 168
32 92
340 124
357 160
374 251
200 97
142 239
148 236
416 480
0 20
43 172
510 409
0 252
106 240
24 355
332 280
82 114
170 228
296 261
128 312
15 498
28 475
506 30
327 376
102 150
242 272
128 357
262 113
320 112
420 90
126 456
183 256
510 177
277 7
48 398
20 116
304 96
132 204
362 112
18 368
207 506
448 312
414 140
160 438
148 112
216 444
258 300
496 116
127 233
140 397
192 446
376 304
446 372
90 432
176 272
416 247
272 196
478 155
464 470
176 126
152 94
425 55
268 416
20 21
448 78
345 106
92 376
375 276
500 136
368 393
250 87
345 324
499 224
346 296
224 438
353 376
362 404
240 76
360 480
140 80
52 84
200 180
384 46
298 64
0 352
388 482
308 110
249 80
284 92
168 336
271 396
228 176
194 228
46 197
44 320
272 376
268 490
223 344
100 203
460 100
184 25
462 402
85 400
511 224
187 132
470 452
444 388
342 503
8 280
234 144
252 89
408 105
76 476
267 439
331 364
150 360
196 464
238 174
112 398
36 12
96 390
429 224
222 112
144 485
113 203
48 148
130 200
176 496
228 119
170 403
225 167
264 348
263 480
360 264
344 417
433 217
344 226
305 296
444 344
279 237
150 217
288 316
6 42
404 312
368 286
72 32
400 213
476 52
408 264
510 376
266 480
410 176
244 414
430 372
75 397
442 134
441 88
12 148
368 96
235 444
137 383
0 60
412 456
389 304
56 454
149 340
102 392
477 108
146 158
502 130
201 372
88 256
336 262
414 32
209 336
196 80
497 150
271 280
288 304
244 136
324 346
140 442
32 322
1 286
356 136
30 370
140 2
500 378
274 338
429 472
470 232
232 317
367 3
22 152
34 170
192 496
178 6
325 414
112 468
184 262
60 244
394 314
364 256
191 44
306 448
468 314
100 244
11 317
480 199
128 144
462 360
414 194
224 282
20 173
324 178
224 453
70 81
498 370
481 217
440 140
384 204
339 144
179 376
319 34
155 504
406 451
508 144
308 454
244 209
240 412
198 200
124 174
66 6
248 250
242 252
225 182
0 448
433 244
392 52
351 49
325 164
325 354
199 258
508 276
11 24
22 242
172 160
335 466
508 112
54 20
128 80
174 74
412 336
422 100
8 488
381 507
14 467
193 111
444 334
392 162
511 448
440 190
100 480
242 436
220 122
74 144
272 385
422 178
100 186
190 417
255 82
197 348
272 94
481 256
322 30
0 24
388 374
181 34
