400
310 135
272 146
396 278
320 68
500 415
8 478
66 473
242 134
231 268
392 199
110 198
0 160
140 232
2 398
298 392
440 489
507 168
163 395
338 44
408 490
8 293
166 102
246 169
88 247
282 20
439 490
140 57
118 464
380 80
32 318
74 291
48 195
312 432
188 350
506 256
236 466
429 84
14 388
281 64
456 63
71 417
423 276
424 278
230 381
206 103
252 269
220 300
320 376
369 204
106 313
144 114
478 490
352 381
341 138
280 68
91 114
80 298
439 48
444 378
26 26
153 388
112 64
509 399
218 41
160 336
242 276
308 272
90 224
66 84
68 97
191 288
272 272
496 428
0 274
470 350
131 350
467 403
256 426
198 231
261 309
411 434
105 418
276 96
485 452
108 157
222 374
106 100
504 22
330 359
375 348
128 122
435 346
250 482
43 438
402 132
362 16
63 64
187 232
252 402
264 28
270 381
440 52
196 239
422 389
65 10
100 285
3 294
98 424
205 217
211 166
384 278
128 273
112 298
196 276
108 114
139 24
126 252
90 192
165 276
381 280
379 80
345 339
459 98
260 31
279 55
330 424
160 319
192 289
211 276
36 156
16 302
352 315
348 8
31 154
206 375
72 237
89 158
128 440
270 370
458 257
480 274
24 510
108 304
106 399
280 144
276 152
366 152
208 345
312 165
216 316
117 500
368 64
312 256
272 184
69 237
120 396
133 506
68 94
266 348
246 256
388 22
493 364
316 101
492 256
312 26
488 244
138 186
212 182
452 404
363 453
474 264
288 232
336 128
224 462
376 372
298 448
72 296
76 44
133 256
400 64
86 188
169 300
380 0
0 474
452 246
504 212
488 448
354 172
31 470
452 431
82 138
472 336
296 16
128 136
216 116
264 112
155 85
362 63
56 134
119 380
196 392
424 128
372 310
331 38
201 304
77 87
492 62
380 97
216 56
32 508
405 456
101 348
188 464
119 279
141 198
371 226
315 430
224 117
10 167
360 409
324 161
152 22
12 498
239 400
174 74
456 364
484 460
146 174
308 489
320 422
48 48
427 22
408 16
414 48
392 304
286 510
384 264
36 8
228 323
484 397
456 73
416 232
208 198
52 261
206 421
337 261
208 31
400 115
192 492
256 507
204 271
105 316
344 492
414 454
96 287
484 256
488 2
75 152
113 205
308 280
474 468
176 120
277 0
152 16
106 95
388 266
404 173
500 72
260 248
246 329
82 432
172 366
339 84
304 488
147 261
448 468
52 269
76 104
426 256
162 172
311 234
216 488
473 287
324 110
494 407
19 482
496 443
262 30
276 433
134 416
65 484
4 224
385 100
405 194
147 170
90 456
341 200
96 58
401 476
144 469
66 267
110 482
52 306
470 510
210 267
30 117
504 256
440 235
326 462
0 230
48 72
148 325
56 10
182 116
252 368
404 24
228 416
70 491
427 49
32 388
356 259
16 495
499 84
440 394
128 104
286 66
508 137
384 317
316 440
141 117
108 39
144 380
256 413
107 456
259 418
147 225
351 311
288 278
149 140
246 28
496 397
421 374
305 138
192 256
499 508
192 38
324 194
232 80
448 352
32 361
394 470
26 336
359 308
212 368
342 321
265 356
274 84
192 406
80 207
241 146
176 202
488 282
16 432
480 308
18 340
176 88
8 196
187 484
40 92
482 78
224 485
364 0
494 68
372 269
474 218
129 448
508 411
250 414
254 278
14 444
272 64
112 328
278 226
192 396
322 175
507 78
160 352
286 454
37 430
152 301
312 0
244 50
384 202
56 320
352 426
450 375
204 433
256 108
224 291
325 200
