200
248 56
212 67
176 20
110 56
22 96
25 76
4 137
42 168
158 247
30 60
71 235
83 0
206 139
144 165
128 148
172 152
44 25
203 88
101 44
30 160
16 252
78 42
242 48
31 165
174 172
56 84
143 244
142 236
94 226
165 104
92 221
64 224
214 6
189 199
224 129
232 186
245 38
196 53
96 112
36 224
193 225
200 242
157 178
128 24
76 84
214 232
126 117
8 184
204 103
205 216
136 224
252 200
116 70
6 116
244 181
129 179
180 26
86 158
0 42
240 42
190 160
19 108
5 88
115 0
46 183
156 116
244 156
237 188
184 77
242 236
8 208
16 111
134 124
232 144
114 8
112 136
194 219
137 156
194 235
72 224
25 245
230 0
96 18
230 100
228 62
3 0
96 32
248 2
142 125
33 24
129 120
237 48
115 196
15 95
57 248
198 80
172 214
133 72
78 218
24 90
155 56
9 200
168 0
48 198
32 224
72 148
118 214
192 192
56 76
228 171
92 160
128 8
170 240
47 164
204 32
30 152
147 250
153 26
113 91
164 16
154 248
164 104
112 210
252 110
139 248
144 252
254 50
176 48
110 101
199 16
106 54
12 10
110 121
34 100
58 216
255 32
59 216
120 24
150 116
240 120
142 160
192 254
232 212
150 149
23 91
7 228
74 88
17 216
112 67
11 102
160 89
58 60
163 8
229 255
32 244
29 119
176 11
230 112
82 128
224 32
166 127
40 232
242 160
30 61
212 26
86 168
16 63
122 61
6 56
56 203
64 104
44 130
80 136
112 179
172 24
66 64
247 88
215 182
65 252
16 0
72 80
193 144
44 29
16 216
74 156
160 160
244 7
209 167
0 158
146 175
166 46
37 254
65 10
198 178
74 2
203 71
250 240
0 49
154 228
222 120
