10000
686 1872
1780 562
949 358
772 198
1306 198
508 948
40 578
4 946
624 665
1325 1499
1198 320
570 574
1920 880
721 1283
1838 1665
1728 1168
1002 2008
1300 349
1284 1231
1206 1372
508 1223
415 1235
1870 188
1772 1989
584 1538
128 700
1786 1895
1592 1484
1557 1257
1352 592
1748 1147
1400 338
669 366
1560 864
257 1333
1430 947
112 1982
2014 468
1419 1783
1640 2039
566 1048
17 592
1814 768
2014 1536
1308 707
837 1244
978 652
688 1183
46 1385
236 461
80 1515
1070 193
1514 342
528 1740
546 848
162 1652
352 350
397 1128
1050 144
403 997
456 1104
396 1512
32 1151
119 680
1713 479
999 265
1744 227
1811 1684
928 1089
849 1880
865 1641
1048 274
944 1931
918 1880
1628 536
1 120
1114 1779
386 692
624 361
1280 171
320 1040
1310 1088
1885 1312
948 892
613 1492
1688 908
0 1824
144 224
1272 1074
1028 618
893 736
690 778
1788 112
1310 1482
520 1476
2040 1456
788 1658
306 1910
1829 704
1742 2028
90 848
1190 1630
1628 259
1048 1721
1328 1562
1830 786
99 1593
882 2011
1809 926
1240 1140
1667 1911
865 602
1501 1768
165 1850
752 1568
1422 1942
1256 596
1548 1328
775 554
512 1842
790 1184
1074 1082
1864 521
1501 1326
1556 1838
1741 28
896 609
172 422
1950 1479
925 1504
510 760
1315 15
1792 105
1882 1510
572 2018
1317 1709
1456 802
1855 244
1089 1154
519 1877
1765 122
1335 1149
1812 1799
568 2014
1460 561
1470 894
1188 797
1047 704
1416 147
960 380
322 66
156 1771
524 1474
551 1720
897 2044
784 1552
712 1968
1670 1170
1616 917
640 1590
657 1728
1408 550
1772 330
1084 528
1922 1062
297 1280
1614 917
4 564
520 400
80 1456
1958 1724
1920 1480
1200 1068
843 1534
351 1714
1753 110
147 744
1339 480
96 1300
1926 1393
1597 1349
104 630
120 688
767 712
624 2018
1035 872
1672 1157
1360 928
265 778
0 162
1270 1632
1140 114
1814 1140
1792 350
252 78
944 1876
1006 668
1924 1592
1908 846
384 1705
1963 48
1274 257
1689 1824
804 532
6 1052
470 1787
592 1964
276 1212
964 1792
1713 327
1652 808
837 1603
685 1272
55 291
1016 1617
1692 145
1438 1058
1350 13
405 988
828 998
1786 902
1433 1036
1321 1152
1364 674
2020 188
64 629
1124 738
97 688
39 1070
1760 328
1443 800
1888 192
1344 1526
1576 1092
706 334
1176 179
974 404
1344 72
596 1207
436 143
1432 832
124 1970
1115 1167
748 160
14 655
973 1440
556 1466
424 1532
366 112
1345 1900
1668 750
1507 88
1920 1511
1052 2022
48 768
2033 728
464 622
434 296
1136 1296
425 956
492 1916
224 1264
1563 398
552 329
802 2005
177 1794
1291 429
1488 1229
192 1424
1746 1357
414 1651
915 1726
1722 1165
106 1468
972 64
450 640
921 400
577 102
673 452
80 80
1488 39
888 1144
1601 664
1496 490
1668 1805
1476 80
1180 847
1108 334
1804 1677
1327 1508
104 1265
376 960
480 554
1870 317
2046 1984
810 1552
644 1292
357 22
89 640
718 2032
256 153
1528 1860
1863 1722
710 1229
676 392
1222 862
528 1392
1850 918
1211 1677
750 256
482 1178
329 359
736 74
1165 1656
1602 546
736 340
120 502
1801 345
646 1459
496 1652
1760 1433
1827 212
1356 1404
1186 1647
240 629
1576 1676
1770 588
533 213
1062 1094
371 176
1380 1208
1166 184
432 1072
340 1542
132 1453
494 682
960 840
1168 1629
768 1252
923 1453
2024 823
1328 72
458 786
1672 952
510 20
368 1580
384 751
976 1535
1682 1390
1024 283
840 422
232 472
199 362
1939 101
838 1216
1685 120
816 1318
115 543
158 421
1282 1998
1824 27
256 994
661 590
754 696
900 1839
1096 104
231 627
1204 1875
1668 748
1507 1314
1968 1080
1920 612
902 816
442 1166
30 1101
1034 2032
8 1616
2037 1743
952 966
1387 1377
1289 813
1660 897
1312 1858
208 1884
1072 1792
408 1423
1019 116
178 1603
1448 837
1966 272
80 220
448 0
600 1868
292 1591
1751 738
1248 1141
1950 1038
1568 1280
40 504
847 640
1503 538
9 1152
2040 950
1266 1348
256 1601
1024 1220
1382 692
718 1144
2037 760
1928 1883
1744 524
1702 464
470 1018
1584 538
1152 1699
38 1024
1808 926
1152 1696
1500 1488
1140 768
110 1428
1648 686
368 1348
554 356
334 110
198 1111
1680 180
1748 824
382 1664
595 1470
1992 1209
1356 736
1142 375
1682 1840
1106 1683
998 143
1952 184
1934 17
712 1588
754 385
460 1046
206 1258
473 100
668 1164
1780 322
1769 1872
868 1290
756 128
2 1400
1840 593
740 368
528 1624
1608 1417
1924 751
1056 214
800 598
1007 1231
39 1259
1331 169
1902 1698
140 186
1676 1879
988 1715
1214 84
976 1862
1750 556
584 1970
1324 812
168 1329
112 774
1182 56
1564 1578
1328 1957
1202 1380
2040 1922
268 1054
108 1774
392 544
974 519
2024 416
260 446
704 614
1764 1933
1706 1476
712 1661
140 1814
261 1304
851 1689
1142 754
1922 720
890 1776
1248 148
474 1267
943 790
672 1255
1940 1278
644 1348
696 1188
1590 1532
71 140
230 714
1129 2037
642 387
168 16
24 738
1860 1652
1106 1081
1824 277
2020 86
1713 1296
1934 1304
1846 904
1585 1488
653 304
986 612
2009 2028
1862 1536
1094 1788
224 352
827 846
1548 2040
600 1399
1066 1984
1868 108
1236 1803
250 1672
2043 800
966 1096
1085 1013
140 1556
812 1952
884 338
1410 1386
404 1392
198 536
2040 1613
1884 1994
1486 643
1853 1954
1920 1064
842 533
650 387
2012 1544
128 1682
244 724
122 894
1226 537
462 410
962 1792
896 508
1962 181
240 340
156 717
1328 1816
1269 1789
1332 1316
1472 1920
777 472
132 1704
750 216
1744 1396
924 1000
268 699
166 474
432 930
1308 888
128 1162
1704 962
1792 816
448 1158
292 1514
64 56
1346 1166
902 254
1234 678
987 397
1154 1392
340 1888
1528 1919
403 1524
1464 1259
981 348
1442 455
1852 1976
1252 698
1577 394
1300 389
1101 755
1086 944
1892 1656
1721 1748
2040 1700
1080 702
1808 888
446 352
680 1511
1602 1134
512 1562
1965 128
464 1892
1352 720
458 739
2024 861
235 1468
1995 1121
534 198
372 128
870 520
1484 54
785 1268
1284 1964
1701 66
384 605
1746 1280
1824 2044
450 1680
1762 535
1304 892
1481 394
1672 1360
1272 112
1936 849
808 212
1628 937
294 640
561 1570
604 1452
404 661
320 578
1100 1682
818 456
515 1078
1844 1430
1727 986
1805 1853
1677 1336
858 578
1914 747
157 64
1691 1676
1829 1538
1300 821
1349 1270
1662 1508
1504 616
1013 125
1821 408
26 760
2032 710
28 1772
231 419
1236 392
1225 530
1852 530
491 340
1468 952
1200 1610
1952 900
1621 356
64 1224
1897 710
1368 1898
1536 1082
1980 1272
520 104
418 928
1310 1240
1814 1596
1264 450
1159 861
460 1456
1272 494
1492 1729
1123 1464
1242 389
1123 790
1664 416
1110 1232
474 114
544 452
1966 1034
433 686
1779 960
2008 647
1856 1842
1400 1576
892 698
40 2034
1696 1019
2031 880
112 96
976 688
1612 1552
415 992
524 10
256 984
631 1604
1936 864
1804 877
1378 1801
1855 1248
690 1408
1186 1748
1504 388
552 1406
712 595
984 1888
2002 987
572 1477
804 46
1216 750
1868 1584
210 2030
276 1077
494 1668
640 1552
142 1130
176 686
464 1167
395 1458
532 1344
1248 1522
6 262
898 145
18 1488
216 1664
656 12
1749 1764
898 1996
924 1856
1280 1294
1094 1128
832 1438
628 12
1094 72
410 1257
517 1023
899 836
669 777
704 892
1897 1515
1496 1440
44 976
1164 1308
1640 415
322 459
0 122
1893 156
1258 966
676 758
237 510
904 1916
221 1277
124 1954
1729 1102
648 768
442 316
1714 1648
1920 654
1512 618
2003 300
1504 1399
1049 1526
906 216
0 1736
1716 322
968 1207
1216 1762
1332 769
1360 1578
297 438
722 1947
175 893
921 482
182 291
1422 168
24 916
652 1988
1850 960
1121 668
568 1212
1661 544
589 1919
1725 336
139 1216
1594 1010
1408 1055
1456 166
1314 116
728 945
1368 437
408 201
604 1107
910 1288
1488 76
62 1098
756 1722
1130 250
946 0
1416 56
1400 308
223 181
1876 1849
1919 444
2014 250
1725 159
1124 1590
1296 1600
667 36
18 91
64 266
2044 1766
1040 628
1872 1214
1728 640
584 1920
1218 1730
1332 388
966 1518
726 1648
1771 1699
1087 180
560 670
1861 1200
580 708
1224 1896
1583 368
102 1870
2024 716
1072 220
166 1718
60 384
596 502
1916 432
284 1328
373 1764
1172 890
342 44
1468 1376
668 1059
1836 928
576 688
1352 974
1251 1496
1290 1130
1266 0
872 330
36 1862
281 1594
1254 1348
309 430
896 1672
932 1060
928 1467
1032 1350
339 800
374 730
566 176
1009 1602
2006 0
913 2020
842 864
44 1257
932 182
1220 960
1436 1144
318 160
384 1569
1373 958
669 1479
1417 938
1096 184
640 786
1690 94
46 633
320 387
2031 1432
4 1120
1800 461
1928 1494
1158 387
880 1901
262 1038
814 744
2002 316
1740 1019
1647 1080
762 77
754 1044
37 936
251 89
582 1823
1046 554
1152 484
34 192
131 872
16 1228
320 319
713 886
1888 440
1134 1361
739 1690
351 888
1028 1670
89 1993
974 395
194 980
1936 1100
1193 1168
1896 192
925 800
1966 1692
1030 1482
1994 445
576 74
70 315
236 595
1120 97
1634 1826
1419 1280
1440 368
1392 1264
6 909
1482 316
1632 1712
1600 880
1171 478
2006 613
1279 717
1760 1092
1846 944
1189 912
1224 1088
1168 1362
936 1828
1242 648
1968 1124
1352 799
928 478
1773 870
512 1248
302 1551
1026 812
64 110
1492 198
1320 1648
850 337
196 532
1283 504
846 1920
1980 1570
994 90
1932 475
370 480
1292 25
1264 1741
174 504
848 1932
1621 125
1361 1593
753 1856
1288 1907
346 564
271 70
1557 1081
348 1413
472 1300
1736 1993
63 1106
2010 1064
1356 612
248 1543
470 1323
1668 1272
1591 551
1662 2032
664 960
920 1115
582 1197
1516 676
249 744
688 1936
998 573
1340 784
1634 1414
24 854
1908 662
736 1570
172 1092
446 1903
896 1842
504 994
2012 1851
0 1116
872 562
12 400
762 836
2024 1392
620 204
1203 1856
750 1575
1674 744
331 84
782 428
484 510
1890 178
1856 1132
276 1056
142 376
1960 1888
430 638
31 212
576 889
598 944
1044 1728
1912 273
1790 1352
872 1984
1835 1550
1536 1212
258 1049
312 608
1864 248
848 1539
1414 216
989 561
1946 894
1059 428
1025 1048
470 1902
864 814
1988 1944
989 1872
1120 1019
739 800
624 87
212 947
141 133
1848 1724
1572 901
684 846
100 237
762 671
510 1210
1368 1274
1096 205
1048 1596
1119 89
868 201
453 324
1022 671
1798 1793
638 1660
1426 1400
1904 600
791 960
1071 233
1696 1191
1886 1430
1771 572
704 1216
1512 1842
819 2004
1376 512
1872 1571
1280 1284
1076 428
768 1556
1548 1389
44 1448
1640 552
1409 870
1174 1288
512 1109
1301 1507
1813 704
1500 2003
1520 1046
840 848
351 1637
928 638
1728 1651
156 984
368 848
424 544
2030 50
1338 56
858 1894
860 1008
220 1476
512 1020
1909 1178
829 362
1943 1064
209 1403
56 1316
1373 1766
900 656
53 432
1312 331
1566 1336
576 486
1070 708
820 1288
1122 458
1094 1160
537 1420
429 416
810 1256
44 1690
416 241
1984 52
1154 1036
1918 1398
1181 883
480 1454
1290 1479
1404 880
2016 760
256 1164
1538 294
469 888
1279 1817
497 629
1972 1658
1042 1556
1295 559
11 1140
562 1675
417 1110
288 729
1024 116
379 1348
1944 784
1925 288
1476 1972
884 1370
933 1028
366 1176
992 582
750 1380
1432 1706
1974 1606
0 576
1080 1923
41 1566
2004 658
274 1486
1008 1286
608 1684
1080 640
952 195
1496 1476
118 164
1816 116
1516 1687
1536 224
840 1126
1590 429
1787 1302
119 1127
49 1958
1101 1075
1574 1790
1224 1776
336 1808
1431 344
324 1738
620 1184
389 456
401 1132
1700 128
406 1456
1066 984
640 748
626 940
415 319
240 1300
296 1904
2047 528
712 384
1764 232
666 723
808 1065
1879 1550
906 424
886 480
97 1008
784 1270
1776 1001
1990 1637
752 932
299 1296
394 1760
268 1008
1136 1887
488 240
224 486
1165 376
1700 802
562 289
1072 921
970 1119
408 780
1087 397
506 676
2008 1596
1462 62
1552 1775
308 1082
1007 1632
397 1088
712 1856
694 2004
1302 1696
1792 1072
1734 1802
909 358
1704 83
1240 1422
1304 1673
592 747
554 1522
640 620
1400 1000
963 1608
418 1058
1210 1502
821 288
1435 509
1257 869
2031 1921
37 16
1279 924
1876 1476
1504 1518
2042 1396
774 909
1952 1300
1680 1560
264 120
1427 1804
464 1744
1466 1974
2047 690
76 580
1886 1554
1457 116
1140 1262
968 232
388 1372
310 1948
4 978
701 120
1340 1126
1104 646
1748 1866
1434 1114
1016 533
1872 508
271 876
799 561
1113 1673
261 1622
1592 1900
1466 1204
1961 1342
935 528
182 1438
940 483
760 1419
780 1213
336 514
1716 1004
949 147
1770 260
464 66
176 658
407 1856
819 1794
1215 713
1389 40
752 1406
134 381
479 1558
1792 666
134 1933
428 1085
726 1146
1668 580
152 2000
808 1580
1273 1627
753 336
1584 989
1104 1088
1157 1914
304 985
512 283
1736 413
308 1662
1972 312
71 1326
832 654
1764 460
1167 399
0 644
1052 656
528 2039
1794 296
87 1859
1161 336
1096 1902
888 192
1717 192
1520 1129
206 672
256 132
200 1283
1420 664
1056 384
584 1408
404 436
112 1786
298 760
494 267
432 1900
64 1008
320 109
1498 2012
1325 1818
338 1153
1999 632
1900 864
494 1288
1981 1120
301 1710
1355 1726
560 1676
34 1905
755 1
1685 628
1808 1222
1802 326
396 1950
1149 1525
1610 804
1390 1788
355 1190
1216 155
1209 1671
1554 1040
312 49
1824 1158
520 1132
832 1736
218 1488
64 1273
1828 240
1692 134
257 1295
292 1897
180 1714
1056 699
298 2
1358 1953
772 1910
692 1340
1600 1419
656 1056
1576 1592
538 1304
1729 1728
189 2004
988 671
1656 400
582 554
536 148
1280 1560
2002 692
1240 1972
1960 1024
1320 1720
880 1168
1490 560
1393 1462
656 2040
1621 1396
598 1968
1552 506
370 642
1780 1920
1428 1104
788 1796
1392 248
1980 998
1718 1904
1242 74
1753 540
1831 972
1422 80
730 1338
846 1304
1026 1320
1920 620
1107 2007
1756 53
375 21
84 836
32 936
1280 1185
1522 256
682 1664
1021 1497
1156 2027
1184 454
430 1016
1024 384
968 1220
1364 244
1968 1936
616 1930
1824 320
96 1324
1785 2004
887 1984
1692 874
1284 1536
436 932
820 1306
1830 1246
964 1343
1342 838
94 1179
2004 128
1004 968
347 2019
991 410
518 509
1396 188
76 424
1843 142
1875 54
1978 646
1957 324
1310 1008
1848 186
1708 176
800 804
1508 60
590 1234
1296 1049
734 940
1886 494
1000 928
1240 1010
1788 374
166 1812
1152 776
1008 1959
1756 696
1998 1280
1040 928
1422 1924
12 826
302 1008
1871 328
1363 690
1044 1316
1292 527
232 1886
436 1230
224 1110
47 1914
438 894
764 1456
1864 1148
1416 149
1260 222
1422 1970
1552 24
960 1857
1324 1688
1168 466
1004 1719
304 338
756 546
1612 1177
579 1144
1028 1776
184 1251
202 472
1789 1024
853 791
320 1113
1640 1488
1018 1536
2034 1107
670 382
468 1948
620 1456
1391 332
1507 1468
257 1768
998 1716
251 944
736 2042
1508 759
628 1310
2046 294
1701 2008
1716 934
544 528
1136 1472
1284 444
221 1224
538 1966
576 1120
921 1532
991 396
404 1876
456 1902
1108 40
1108 600
1736 580
464 370
1190 1318
945 845
804 400
430 1988
1226 104
1237 2034
608 1696
877 1396
952 613
368 0
289 1400
1042 1172
880 1917
662 202
586 471
856 1770
1214 2024
1216 1458
502 1640
2036 164
384 1472
453 2027
816 1656
144 1767
1857 998
1031 595
1565 1517
1164 1724
612 1464
1478 1303
1568 1845
0 1167
844 377
800 468
816 1109
1016 174
1354 1236
1632 1038
1844 1596
155 168
1834 1687
1679 174
1426 397
46 1014
302 480
1392 1592
1922 1312
1993 1224
1444 1818
1740 1437
1474 892
1784 1684
764 2001
1937 1684
665 1308
1432 744
148 1182
974 1978
1056 64
52 404
128 690
28 412
245 897
611 923
1600 1448
1922 1420
498 292
1127 362
56 1134
1064 355
928 1474
354 1892
904 1853
240 1439
1722 724
101 1964
1444 1708
1724 202
62 1520
1633 592
1172 926
1536 1701
500 1282
509 1592
462 1344
648 720
1204 1176
1174 1851
808 1070
368 1742
1632 1972
928 1870
1664 2034
1587 986
859 64
654 197
1008 1661
1592 854
550 1169
1480 894
1550 1648
1808 317
1726 1537
1240 256
8 1252
1136 714
1469 154
216 1216
288 644
1990 509
428 312
1308 1514
126 778
916 586
1700 1728
1692 1128
1744 400
1076 1177
132 764
897 1200
592 297
1312 960
344 1064
432 1052
1950 392
1248 686
652 475
965 27
1052 950
386 828
1160 152
1424 269
1444 1260
828 302
1936 440
441 1122
1992 217
1528 208
1704 818
464 1578
664 1654
1994 838
443 2032
568 1886
338 1896
220 919
1232 259
178 1511
1296 767
36 1194
586 12
1616 668
827 1256
328 362
924 30
74 144
1442 213
51 1558
1309 1941
1202 95
800 743
577 1490
32 1850
317 1170
372 1493
714 1734
568 531
56 1180
256 120
1164 1682
488 823
1867 759
146 112
0 1660
124 344
812 1058
1140 160
2003 1614
1512 867
144 392
1738 1240
1883 638
232 542
1144 1866
125 474
644 548
1960 1410
76 1846
1120 1194
1896 736
103 1340
1282 1824
544 1642
1416 220
2000 1859
1496 1373
512 294
1622 1227
970 1200
1216 1049
1512 944
1632 880
996 159
776 1030
1280 1120
1714 1937
1103 1921
222 1600
814 936
2022 566
1606 0
432 408
1283 469
56 960
291 715
2032 822
311 618
1861 1312
1510 1424
1764 370
34 72
1900 440
1244 1728
344 492
759 436
642 184
604 1016
954 348
1692 1760
168 1162
898 1734
616 813
1068 1788
1912 626
419 1032
2 1068
1244 406
128 1064
1948 1500
1354 102
1856 1788
28 1720
647 891
1228 328
1034 1511
58 408
1543 1620
1016 141
440 936
740 588
260 970
1855 1014
1354 1050
99 1129
610 865
1389 286
1898 2028
277 1342
420 1168
810 1496
1720 1120
564 493
2016 1936
1321 286
1292 134
203 1512
686 1360
1600 1875
529 85
1332 1580
1772 854
1062 1501
228 1392
526 1520
1096 2013
760 418
1978 2009
567 1744
1392 934
1049 1422
350 1885
1346 1568
1850 1335
1420 1056
281 473
1841 1241
93 546
72 1608
1155 104
365 76
1988 926
309 542
1627 1008
1733 554
232 1548
744 1470
943 558
200 1532
877 1638
2034 972
985 1968
208 1158
1920 674
278 381
1227 1773
1968 1012
188 616
318 902
1558 496
704 288
1809 455
320 714
348 1744
926 74
1586 1812
1398 742
1689 1716
2032 190
1770 1995
33 1095
1202 159
1179 613
1665 106
2001 1016
1872 860
1576 0
1158 492
200 1028
1023 1038
1890 316
1790 925
421 346
394 528
218 856
428 384
694 1624
859 1720
1148 1449
512 1864
500 1680
54 1800
1364 92
1601 1952
978 1348
1032 364
596 371
1948 684
194 2000
404 1260
1312 1009
411 212
312 212
2013 1238
503 1120
317 1176
1488 116
1436 824
1731 1088
908 726
259 842
2040 1710
1888 900
486 1860
1296 1468
716 1950
208 1669
1344 1074
1089 1945
1810 694
777 1104
1930 1130
1168 487
1446 330
216 762
1424 470
1288 178
866 1846
838 1404
408 512
1472 1044
1772 1832
1074 702
758 1276
10 1013
1387 983
287 1546
576 880
568 1200
1468 212
1032 38
1738 1028
2047 830
1168 1853
1254 2000
1162 1040
2047 384
570 1624
1830 783
1880 379
1434 536
127 1867
1147 266
600 155
770 100
0 857
2034 1400
843 139
1606 1204
1072 1757
367 1624
516 517
736 650
20 1684
1404 1453
738 1584
114 1816
356 256
1855 1863
1054 1904
1254 1365
1209 1917
102 1472
1000 796
80 1474
1520 49
30 1864
1100 1056
1841 1890
1540 1745
1624 1320
1100 1122
1542 1605
1232 2000
1696 4
212 1324
1681 1162
966 414
211 511
570 1770
1376 1156
771 864
1947 708
2 958
1374 1116
1918 700
1323 609
984 204
1475 432
512 1722
480 1752
480 1314
629 1536
1535 214
42 308
673 475
678 454
1100 1093
1459 640
252 674
727 1634
170 1476
934 1606
946 1315
221 248
1670 710
906 702
1612 1408
1676 205
1720 64
768 370
129 288
878 1472
1574 182
996 824
606 426
1464 776
888 928
982 1334
284 684
853 1467
768 196
1096 1756
1297 1952
694 1975
2004 1678
1293 260
111 310
1336 1378
1642 1920
652 202
2017 786
511 1476
424 1944
313 1494
1472 1409
379 944
1792 181
1586 1366
1728 602
1149 874
463 888
464 1121
1414 470
1824 944
1662 947
92 962
1951 1234
1332 1900
288 1305
1911 1052
920 228
800 998
1842 1222
1800 336
745 430
1486 2002
261 744
512 384
190 410
1326 1976
56 1044
516 635
1346 1408
402 416
986 114
1329 1415
1192 1169
1174 1552
1736 728
286 936
1226 1056
579 1183
72 1885
1400 302
436 1272
700 1302
1723 1544
696 1536
1376 1312
1803 1099
101 1432
472 1430
1582 1588
1899 96
348 1612
1152 751
1288 1472
893 592
344 22
1852 516
768 1079
402 960
736 1032
1064 1287
1178 981
1947 1499
536 154
1153 1406
1346 576
168 1696
930 656
1990 1280
1647 486
1146 98
531 2030
1456 840
598 1444
1094 1026
914 1198
2030 1296
1849 1902
112 1024
1231 50
400 1724
912 1948
1338 1764
928 1238
728 328
1864 1558
672 1106
1480 802
1999 312
688 308
1674 1878
1484 764
558 973
84 1545
944 476
17 848
706 1292
190 180
704 1684
1624 1277
610 1830
240 576
638 176
1848 864
939 775
1832 408
750 1676
34 1772
70 724
1192 1732
1342 560
527 1123
996 270
228 343
1626 1853
1159 910
602 82
1218 480
107 1832
1308 572
1408 1535
1542 1152
941 240
134 127
820 967
1740 149
566 980
559 68
1174 1833
1729 1902
1522 1971
1262 176
1615 1303
774 496
609 2032
1852 547
354 91
1656 859
636 784
721 464
1249 30
1363 183
1052 1466
1138 524
1453 1860
264 1425
252 688
128 776
1058 1303
384 1344
132 1060
1434 140
503 806
1532 1933
1986 758
1439 565
784 1786
115 1864
1280 39
2016 1662
16 333
1212 1954
739 1260
400 1824
741 792
1130 1970
977 1850
20 1152
1276 260
1650 1432
1612 940
354 2016
1268 568
652 673
1959 888
509 1850
1672 72
342 1394
326 124
8 1952
742 64
992 80
1900 600
1414 1304
412 488
268 1296
752 1000
1203 1457
1736 1209
380 523
652 443
1024 1267
1198 799
1180 1326
740 134
2044 1604
1032 480
927 342
969 789
684 1408
1930 2016
1799 1626
1028 941
1836 1536
352 1581
1489 640
689 1137
308 366
1194 1150
1344 1723
1616 1456
2001 1720
1057 1520
736 1273
1776 1856
832 1976
1406 1646
854 276
321 1712
1184 61
890 928
1318 1456
420 1670
1448 716
176 1956
1591 1024
358 1432
1976 784
1698 785
189 1035
1735 880
1458 1215
1280 1235
1502 685
1856 144
1668 32
321 1251
936 1352
1564 182
1139 1253
10 696
1360 856
1832 1232
1266 1942
1166 136
1974 1874
1024 1915
0 1909
336 920
1360 1721
994 314
1903 1135
1598 1752
14 1403
1102 1969
980 750
2028 2040
90 543
12 1755
1072 759
919 564
960 1170
556 445
784 608
1628 1039
1970 374
1147 148
2006 1884
408 208
1960 1139
1988 1184
1382 681
1600 1530
1160 1182
490 1860
1072 986
1646 1149
462 381
194 1274
1871 1360
1734 1361
476 69
836 324
814 1
1352 757
1018 192
224 1143
1496 690
500 656
2028 1728
1058 1684
1115 1613
1856 624
68 1076
370 2034
1016 1904
1182 834
328 1362
1464 1653
404 1028
816 1718
1094 656
440 1496
2004 1036
0 1431
590 352
1286 1885
1128 1700
96 1389
46 2010
1038 72
1762 526
276 1120
710 1224
1326 464
768 172
1912 1420
1659 688
412 1919
184 675
716 625
2000 240
864 1676
336 1424
576 122
1208 1757
352 654
317 1568
787 1083
738 179
1976 1299
1296 976
208 620
448 386
1988 448
1860 884
921 1342
1038 1884
104 406
96 1368
822 603
690 756
1682 986
1308 1581
804 1952
1241 1800
1203 1554
1216 758
190 1054
319 1756
1006 1118
1159 388
1455 104
520 664
926 1352
778 160
392 1888
2016 870
1098 1568
992 678
1832 1696
512 161
1965 729
272 144
113 1128
288 98
1600 348
316 471
1328 1424
108 499
808 822
932 20
24 1738
1416 970
195 688
981 1419
638 1925
1808 1630
1296 1897
854 868
539 1317
1632 850
1951 1148
1250 852
1184 1149
1092 272
223 2042
568 686
1833 734
1492 816
1944 562
104 1901
686 214
520 200
1586 528
1544 1364
1695 946
1139 402
948 1828
611 1114
1517 806
1309 1325
738 1128
312 1904
1407 1352
1244 1792
94 504
998 13
580 1934
1135 475
1338 496
1623 840
1538 962
272 1241
1057 1392
1746 1136
880 904
1715 712
1626 1628
2002 46
804 625
1018 592
1792 426
1032 953
1441 844
1024 428
1356 971
1388 1666
1728 710
507 1476
1604 2043
1186 0
1040 280
275 1049
1920 264
957 1952
845 917
76 26
1530 1072
1936 656
24 960
1088 366
1330 172
88 436
1847 1450
781 1664
234 938
1720 434
314 1687
952 962
1839 911
144 384
105 406
974 962
208 1072
852 316
1598 1868
664 1088
2035 1298
1400 903
1713 1780
1653 811
1554 570
1608 1139
1067 537
14 716
1332 1504
217 1491
1730 437
156 1392
1816 1552
1476 670
1084 1095
1587 1706
419 1380
1116 1346
1786 1944
1059 925
1344 1470
1140 983
1600 656
1824 1069
1900 856
858 432
660 405
552 441
1702 1972
720 296
984 384
299 1483
1993 1344
140 1552
1220 1888
1450 1587
54 130
264 156
742 852
0 1284
1668 1244
520 1578
2033 1548
126 491
800 1398
1780 1046
120 1884
664 590
1654 661
380 387
1920 1626
463 862
1120 2032
1819 1082
893 479
394 794
1353 295
1616 1368
681 1094
944 328
699 840
1944 885
1664 1416
1140 728
1279 39
960 112
887 500
226 516
1763 554
64 1045
1230 1581
1557 704
670 1016
1119 1762
86 163
1717 960
1563 1492
726 94
204 1118
1286 1370
332 1692
725 1988
456 1751
1463 1852
1000 512
324 730
1884 2016
1548 2032
1784 168
637 1818
1331 1557
1183 1569
470 2044
544 1333
1856 264
1778 1626
1236 1148
1954 1422
720 327
255 520
434 1334
422 1048
304 647
1412 1052
50 362
272 1168
704 879
732 1880
1596 1668
44 802
1908 180
743 229
1261 512
370 1984
1400 1554
1540 1218
1904 0
0 812
568 757
1062 628
1664 1486
1588 167
482 572
372 1632
470 1096
1539 545
1570 1950
930 56
2033 1051
1229 926
234 1608
176 1777
469 1666
322 271
1544 264
299 1358
628 1248
544 852
174 616
1297 1715
1288 192
46 872
1712 1688
905 1624
1872 544
104 330
728 516
176 975
1792 506
1872 1660
768 112
928 4
1024 1204
1178 778
32 570
1720 960
478 787
362 64
1354 1552
578 983
1500 1364
884 997
897 106
1417 1750
1244 332
940 1334
1867 176
1456 1208
1380 2040
744 1985
1909 788
440 929
256 1354
136 2028
1360 46
1366 1658
612 671
552 934
1706 1278
1306 1874
1041 989
179 447
544 1235
1512 1259
774 1718
579 176
1712 737
1024 1163
580 1165
424 968
148 1120
958 1686
253 1290
1740 919
1966 188
534 1552
1452 80
30 64
152 779
1306 773
316 886
1705 1770
1970 140
695 148
15 840
1080 1184
1428 536
1336 1096
1968 400
1476 734
248 493
1346 1030
1754 300
64 102
176 394
548 598
1440 1426
104 54
361 740
1920 297
1363 943
1280 1896
2020 1635
962 741
124 612
1652 1244
1396 126
1013 336
1363 852
476 281
1658 1848
232 1427
0 168
481 696
770 912
384 1507
548 1732
1519 194
696 116
528 0
1926 1260
1291 1482
1760 1724
688 502
1697 480
214 885
1602 1024
621 448
1719 608
1810 1251
864 932
1296 1655
272 1305
358 540
1648 1500
1699 391
1128 1184
1341 862
1086 1400
689 2032
339 1544
1576 1480
1198 820
1716 102
394 774
1304 220
1438 1527
1542 1336
1008 1568
506 749
878 556
1602 1243
1891 113
1528 1422
475 1281
136 1016
1037 143
984 452
1299 1157
1334 1192
1047 1436
1126 32
295 859
482 829
1696 1923
1565 1536
819 1604
1252 1595
1037 1986
1251 592
1252 649
1276 1314
1995 1688
852 1056
258 682
1816 605
36 496
464 709
396 496
98 972
120 1764
1064 1762
1474 1350
374 1482
1256 1652
440 1857
231 590
1080 912
1696 496
656 1322
490 252
756 1504
1286 1330
1338 1688
1408 800
0 792
560 835
893 840
3 1484
1647 2036
408 1795
1600 1664
2020 856
1764 891
88 992
248 1436
1598 615
1204 124
17 394
540 1325
1354 294
1832 1892
1232 148
598 752
846 2007
847 265
12 522
82 148
1767 409
1934 344
1920 348
1606 542
536 1122
1100 620
1323 1040
1947 1900
1680 496
79 360
914 26
117 703
1428 944
1880 290
1384 1684
1583 1896
812 1000
1920 578
526 1199
1760 1024
894 1560
576 1752
918 160
1424 224
192 1583
1104 346
744 1980
424 76
952 1268
1832 1088
367 1010
546 61
50 2000
1935 794
878 802
968 444
1286 1472
720 1918
885 208
1274 1173
88 1352
459 769
1352 232
328 1320
40 1362
1272 1324
1600 1570
630 1030
1844 1956
1794 393
929 1703
1836 2020
1028 1537
1052 1314
396 1928
854 84
420 1826
1890 1847
1144 716
1539 1496
644 510
144 1684
323 353
1949 874
490 514
1294 1322
966 818
99 1256
862 30
1810 46
913 800
1484 1448
1750 1238
774 975
1636 1568
928 696
1314 713
1000 1088
1400 88
1134 1072
1422 1205
830 738
1381 660
1864 1919
1912 6
294 1516
472 494
1568 1218
1872 1344
1478 368
928 1412
424 561
1645 1720
118 1501
486 928
752 63
384 1873
450 1488
1258 1880
53 1228
1216 1312
62 342
1873 1432
1449 1934
930 1556
1484 1414
267 1164
1218 768
864 1270
1247 1357
1974 584
62 676
456 1400
1893 404
1796 1410
202 1963
1184 1133
216 64
696 560
82 204
1994 1024
1754 293
1064 1954
275 450
1539 556
1005 100
1436 116
1068 452
1892 1498
673 430
1841 12
852 1382
1557 1088
1062 48
1008 858
350 558
1952 1073
1317 433
505 1732
450 1548
1554 1532
686 1518
1343 1456
482 1512
1821 1164
1415 1024
1200 671
1008 148
1527 1079
1604 1439
1552 1556
918 1636
404 1473
1156 250
546 1216
596 304
764 609
110 1644
1500 487
534 1744
339 1024
959 1452
520 2004
1182 1739
1181 1557
450 844
1278 1788
1050 332
602 686
348 669
1602 1800
1576 813
604 1685
754 400
1214 746
1276 1245
1932 1945
1200 976
900 32
237 840
562 572
542 176
330 70
258 977
936 604
1429 306
446 1292
531 1649
1184 1198
1158 1940
625 496
303 1323
833 1986
533 462
1085 2018
542 1878
1296 509
1400 1121
267 1111
1536 480
1086 1260
1612 380
1659 364
1036 1848
1432 1680
896 1871
954 1430
374 1458
1368 1728
324 1725
1820 944
1176 1058
1163 1345
724 504
1823 563
1900 1307
1988 1786
277 1885
704 344
576 338
1318 1236
788 1859
1568 1286
1874 1217
1996 1656
1586 1156
1060 762
584 296
1500 1984
1267 730
914 434
1771 1236
1276 1884
960 2015
312 288
1024 1656
1792 364
1660 1904
198 1487
562 140
220 84
664 1174
1718 1906
118 1904
28 1152
1837 8
1652 618
208 820
1019 1582
1412 1974
1237 1393
1950 488
128 1496
1032 1798
1965 1240
1614 1472
1254 788
374 1920
562 952
1376 784
1936 326
772 352
1380 1078
1658 1784
314 1526
39 1170
763 912
2022 1651
976 57
1535 1448
510 891
473 1878
1680 632
1350 896
648 32
242 1595
1920 954
634 1038
235 1496
1848 1876
652 84
736 448
2027 1952
526 741
1442 1472
1048 1268
896 818
1758 1684
1260 1684
730 1296
1754 1624
1169 1860
544 272
704 1662
976 1499
348 990
1073 646
1098 512
1904 1766
1398 757
1308 1778
92 593
376 1852
1276 832
216 1488
0 200
330 1000
1745 1152
1574 382
1446 2014
441 1192
254 40
398 243
1036 1536
1856 1073
179 298
1782 0
1388 2038
1904 867
1405 1908
1399 926
1996 1429
92 1326
1428 996
194 1308
1030 96
1712 1697
373 1828
428 1856
0 1120
1164 384
568 1988
1280 1092
1229 198
853 302
1670 548
1936 525
400 1978
1304 1252
1810 115
1344 827
5 1408
10 1792
1016 1196
1612 1904
1346 348
583 1548
67 1717
682 1944
2028 1528
396 1610
83 546
598 1691
370 729
527 1018
1864 1698
346 635
439 490
1802 1326
980 576
2034 1592
1843 420
1062 1092
470 1792
566 1668
316 561
396 1624
1111 1991
1072 2006
584 774
661 385
968 1496
32 1924
1634 1560
1216 965
1874 224
1150 1998
882 32
920 369
1169 112
1611 954
578 1960
1688 1229
1612 417
896 952
16 1492
1336 152
1728 1240
1566 24
1584 1947
1920 1820
318 808
0 486
240 1357
1556 953
673 909
1520 726
276 1922
930 261
1033 224
2030 887
1320 82
87 1032
912 1048
1648 1960
1142 1486
320 1983
1600 1634
1500 1614
492 1367
1989 1514
546 806
1343 366
1382 996
970 1248
1441 58
1077 1344
1307 1496
578 590
39 1148
1124 1728
944 344
1984 170
1792 557
809 1984
1646 744
982 848
1616 312
444 851
2035 820
1897 1036
38 2004
1222 968
692 759
61 1397
1858 1179
1100 180
1631 751
1896 974
500 1805
1002 1833
1872 1373
208 1154
124 664
511 288
1152 303
1952 656
1448 1980
371 699
1488 806
564 1488
604 1577
1752 928
1693 793
1275 612
1328 326
135 1018
1383 1693
1038 272
128 574
664 712
1391 678
310 694
1904 1368
13 1904
1765 1328
1423 1008
688 1462
1390 2006
572 911
970 394
548 1268
1836 1219
1260 809
1460 1025
306 1459
1134 1120
1322 904
49 420
404 1948
964 1464
2000 1593
202 1216
1628 512
998 368
1368 800
746 1548
1052 924
1883 1080
1300 1308
1095 1568
1852 240
1904 1526
746 22
1136 507
449 0
374 1928
1647 123
1556 190
448 1564
1782 1532
60 1479
1278 476
322 746
617 132
2008 615
480 1669
1614 1916
976 567
719 960
854 758
32 1672
1187 704
1506 146
1696 577
327 1668
1640 395
1703 1484
1894 126
1012 42
1686 1211
1966 1082
1353 766
519 228
309 512
590 1664
560 1793
1341 350
234 74
613 1804
1696 1340
1929 1840
990 1672
762 510
1536 1512
1706 309
1195 158
252 684
569 398
1286 1572
1183 126
816 524
416 173
710 1855
856 430
1762 420
404 1928
808 1789
519 1772
564 1108
468 1386
848 597
256 750
216 2034
1157 712
804 1105
743 634
949 1452
1866 87
1441 1912
1508 1952
1686 998
1722 368
2042 1454
491 1236
232 1412
1629 1422
1730 909
1319 289
1344 1012
1057 192
108 1577
497 1676
1578 1136
619 1824
1803 904
632 456
1936 882
30 858
1464 72
1361 576
1638 244
1002 1194
1916 775
1862 1469
951 1178
313 1050
942 1820
1246 968
1284 1620
1390 1131
1576 96
1937 866
1912 1670
1858 1104
527 1241
1554 1438
1208 628
1590 1464
90 1408
312 384
1920 42
1368 4
1790 1532
1278 1048
184 902
1483 400
1190 1832
1017 792
1924 89
1859 1366
100 373
1002 1106
52 379
2023 1412
520 816
894 152
1925 540
864 1064
1892 1860
391 105
1552 152
648 656
965 1640
1581 566
1746 1630
376 236
1479 1228
993 373
75 1090
1546 1535
1580 1445
1008 328
1909 1550
1512 624
491 1074
552 1008
104 1874
1095 989
96 1920
1058 432
798 2000
2016 2030
1371 48
372 636
1526 547
640 1944
588 848
1770 832
1212 710
1896 204
1096 368
1904 484
1947 422
102 2008
155 616
809 1094
1546 1136
707 400
1490 1833
1234 1784
1536 964
1658 979
1984 659
708 1248
1146 78
765 384
1957 832
1356 1400
224 1689
1012 512
1802 1171
1152 986
298 738
168 988
1055 1462
1264 269
960 264
767 1156
1039 993
1328 1032
472 1224
564 1268
988 376
1594 2008
1200 1040
1743 48
544 1072
1620 1666
1890 1316
556 1150
705 449
1560 778
712 1817
122 1885
1808 1452
176 312
698 330
426 752
1605 1200
1026 840
484 1916
988 434
1468 235
1372 1012
518 1336
608 984
420 892
1584 701
1592 1030
584 286
764 768
14 188
1840 1478
352 11
665 1835
1656 1016
1336 247
1264 776
960 1317
864 525
773 1006
38 485
1048 448
28 497
886 1892
146 672
744 1033
947 1880
1944 1760
1077 689
371 1020
1376 84
178 1940
250 1024
1877 1292
1838 93
1555 1712
918 1509
1080 632
1478 484
1246 1898
1344 952
1496 2008
1863 782
1312 1928
693 1124
1008 1792
832 1022
792 1624
908 1902
989 1014
288 552
1842 1820
1697 1488
1056 1032
194 116
16 1098
96 911
1425 338
338 416
502 1530
1211 1644
320 1138
628 416
1312 348
160 1290
1444 372
594 1057
920 1148
1530 172
181 1591
54 344
2032 1276
416 123
1612 318
884 246
1032 1730
1449 132
628 652
656 1328
884 376
1195 602
1472 622
301 824
1982 624
1027 1142
494 1371
505 971
782 56
1488 1536
1138 1319
1000 345
488 1010
528 92
472 1868
859 1399
1416 1504
711 1271
1676 940
1352 1888
1533 421
1340 1300
1906 830
30 621
513 1072
1876 1028
1767 1696
1408 1240
1090 1057
528 776
526 710
728 1812
96 804
13 702
288 1634
1405 42
13 548
936 2013
1258 1379
1447 1329
554 284
1136 158
1304 445
1336 700
1951 1066
829 760
1820 44
619 336
1960 1234
1328 336
2016 398
1008 255
1178 8
218 2013
1090 1976
560 1312
964 2028
826 1784
851 1118
1925 44
1253 1915
1400 1890
1245 48
1838 932
64 403
323 1436
573 642
1192 550
646 584
1718 1132
1640 800
488 425
1155 1040
104 761
1364 896
1874 614
1405 2046
1422 1290
1644 1409
1947 1928
1124 1100
1765 1796
24 992
664 1040
1756 1710
730 688
1973 1448
674 0
1507 1790
636 1462
147 484
901 1104
117 441
672 759
1860 942
24 698
846 944
396 1792
1963 1304
1760 2018
1157 2036
16 1051
1853 672
607 263
260 687
706 1432
236 433
55 1130
15 936
185 1496
224 28
1470 560
1427 243
2021 688
824 617
1808 1662
184 2037
1252 1776
720 1744
20 1598
1204 1422
263 1825
416 586
274 1625
411 880
518 46
1708 1984
762 585
24 788
602 277
990 1536
528 855
1302 752
1856 247
634 1503
288 2024
352 1044
810 945
948 880
25 964
797 604
1142 1338
1371 1853
1405 1368
36 711
1312 520
1256 516
1210 132
140 388
484 145
1548 1929
1374 1456
1423 60
1532 1264
52 137
503 876
1256 824
198 512
1858 1264
1986 112
210 94
242 1965
1765 244
1532 1946
1240 40
128 1656
1834 1664
1752 1588
1176 1929
1761 1676
686 954
80 820
706 434
505 1504
230 1974
1824 1738
1031 1488
718 192
480 416
1287 1957
656 1464
1553 2034
83 1490
800 544
995 842
1696 1792
651 416
1634 1661
698 223
456 62
1812 1576
1155 1145
840 484
1917 1040
1758 934
1498 1408
1461 36
1536 106
1870 2033
856 1136
570 216
146 1760
873 0
1536 1144
1885 1848
813 298
440 85
2022 1143
365 534
1963 687
1504 317
914 838
662 909
1548 835
1536 776
1897 338
524 1488
1306 524
1032 146
74 1016
419 1936
1491 890
1369 1614
579 213
544 153
1228 1586
792 828
1512 1236
1042 341
512 480
1024 1249
1952 1920
392 1020
776 924
701 118
538 32
576 576
2002 1564
938 1420
1460 952
1192 673
1810 582
1840 1128
1422 663
1882 1700
472 1356
660 1856
1172 1018
1802 240
1972 1696
1473 0
155 1664
1768 549
436 1988
1864 1278
266 786
272 673
201 6
622 1443
1154 1636
1116 1515
1159 1806
1576 1368
1277 470
178 1145
1568 1810
1993 44
692 1665
436 1262
128 540
1101 1012
1880 80
1044 1137
224 572
1842 522
1554 530
40 211
1180 643
1436 1856
832 1476
1440 248
1763 232
1896 104
548 1330
204 1024
1160 758
1708 624
932 1251
250 112
1448 1224
1970 55
1186 936
532 1674
772 1382
1079 666
548 1168
1964 1634
954 208
683 472
336 1242
1824 377
514 127
1284 204
1523 1446
1945 988
792 542
102 1286
2016 298
540 749
2007 0
1831 1268
1402 657
251 968
1722 1152
1720 1606
594 580
740 1312
580 608
529 807
1984 303
1267 852
508 652
349 544
1416 956
1664 1078
104 1496
743 282
1397 478
424 496
1776 609
648 1224
772 146
1764 1032
282 347
944 1862
628 356
1631 839
426 1548
1572 952
1170 1615
1003 1324
498 967
1976 131
1822 1410
752 1630
1238 1879
2043 1590
1134 664
118 1344
26 1513
744 1433
1342 1888
717 440
1740 14
1634 1744
1091 2027
254 144
1226 1216
933 718
304 740
144 198
520 313
1063 80
1804 94
1396 1508
908 1585
1367 298
541 1556
1766 288
951 1838
430 830
768 592
1983 482
435 1795
1952 1164
1769 318
2018 1912
308 32
1195 224
1230 1122
460 547
1088 348
756 215
592 1939
960 1018
608 1084
148 1271
846 597
816 1441
1900 720
725 887
1840 756
416 840
1064 800
1875 1420
1222 116
2034 84
1472 46
130 644
1288 1056
310 55
1619 180
1632 508
1185 1006
768 464
618 638
482 814
391 770
302 1112
1482 1528
370 63
844 1496
2004 1931
147 1050
486 1055
1876 1662
259 2035
1474 640
1631 653
320 858
162 106
696 1616
1303 1163
1263 24
1778 1571
1992 1688
1209 1384
1261 1363
46 712
1395 1792
705 488
1760 1204
1814 141
1044 1448
1316 890
1848 174
1166 2032
852 1660
775 951
432 32
1774 911
1432 1813
1248 1728
547 1122
984 2034
1843 1516
472 686
1823 1440
684 1440
430 1011
67 722
1946 606
770 1250
10 946
808 1379
815 1068
1804 1062
1887 462
1920 1784
1267 979
274 722
1054 697
1376 1240
134 1619
1658 510
1700 124
20 1960
660 27
992 972
1677 1768
488 142
609 215
707 1336
1798 1104
907 1188
880 1495
1627 160
1792 1840
1346 1624
1558 1789
386 1856
280 1536
1524 512
1017 413
160 1842
114 1917
648 1970
798 1104
5 2008
1056 681
1930 99
1278 616
1074 552
1696 1496
1540 974
1786 901
577 1516
617 1676
1936 1139
1526 1504
1638 1160
466 290
880 1376
112 487
878 1496
528 543
992 1086
1901 817
1401 448
1560 1280
1953 352
761 1370
794 1015
1064 1124
1650 106
1560 809
976 992
1374 1716
774 1832
952 1284
1345 2008
707 117
1798 1204
622 580
1524 2020
1988 1698
72 506
1557 877
444 1181
1832 624
955 669
208 1187
794 1625
514 1184
373 766
735 1806
174 59
1449 1376
1696 85
1044 880
311 1471
94 1684
613 1556
1730 200
224 257
232 1370
1728 1117
1580 1239
1556 4
258 1591
992 402
1037 1883
260 1942
1801 1762
1569 1140
719 825
222 1034
1333 406
532 160
169 1098
625 650
1192 1330
370 226
1960 364
340 872
846 678
1678 384
997 1568
353 757
1089 1336
1866 713
918 1833
708 598
1252 1405
166 1977
1648 1251
1629 1540
1280 2008
1440 1430
348 1642
1232 742
629 1968
736 744
252 644
611 54
1891 1437
708 584
368 1944
1320 750
1676 1662
458 1506
1596 134
507 64
333 1156
1560 1266
492 1837
2025 616
451 1174
1975 1890
0 47
107 768
266 1460
196 1927
588 760
128 292
218 1288
266 1022
1514 950
1298 1642
1166 1470
988 1052
394 234
309 897
1590 1952
817 1930
1876 377
303 1047
212 0
1439 482
1444 1892
1776 1846
1574 469
1738 387
1736 214
768 914
372 1329
368 1402
504 52
1122 2032
884 14
1711 459
994 208
1431 1939
1176 1162
257 567
1961 1552
508 1392
0 1236
1697 922
440 564
1584 786
584 240
604 21
1832 1986
440 1232
304 568
1550 1394
1651 1285
377 1939
991 1695
169 1788
604 86
812 1056
530 625
844 948
1780 1140
1900 1904
1248 1770
421 1966
1735 608
1981 1216
1712 156
958 1472
644 1900
1119 1064
114 1748
1459 800
1316 1856
1298 896
1154 886
2021 138
224 587
1419 1955
1045 296
1625 502
378 744
1136 709
128 1565
358 1572
1652 368
114 1373
1475 664
2028 1177
200 837
1368 516
1762 1255
223 768
335 1372
596 1057
988 408
160 1061
1075 938
404 1088
576 1155
2008 385
1029 1026
334 1024
0 1732
326 794
1488 576
1784 33
2000 728
756 333
298 418
218 430
346 1024
1700 1073
1398 1174
1699 1096
1736 1444
326 480
292 1038
421 377
1424 1422
898 250
1984 351
10 418
192 1932
484 988
336 986
592 1500
243 1984
1880 816
865 1395
1492 1935
71 646
16 1631
1874 1692
260 824
1265 1919
1349 1598
194 758
1632 447
300 1760
1330 1713
1359 988
1870 1795
1540 272
1548 985
1967 1545
1345 1564
404 1019
1797 24
1838 1128
844 729
208 618
205 1176
484 768
930 1007
1591 146
480 1914
1514 1596
1570 1098
1083 752
1231 1453
64 937
1958 574
1620 600
791 676
779 1113
516 1077
232 596
735 904
628 1568
2035 613
1604 1872
1932 774
1796 1724
2026 1832
358 396
1029 2017
1314 1676
1767 515
1576 14
608 1540
2003 911
1432 1415
1744 362
960 891
1611 1696
371 1471
1268 664
1165 912
784 1140
814 1950
960 1600
823 1296
189 1552
1850 981
683 868
1411 0
1970 1919
584 1672
1606 352
110 291
659 1612
618 112
1388 52
321 1181
1354 444
578 1636
1773 1108
167 1316
1869 1332
387 1413
499 1664
1930 800
1720 2045
1892 753
88 1532
1382 314
687 100
1930 1834
369 220
64 780
1225 1200
1908 410
1584 1130
280 478
59 205
971 1800
706 1787
198 1178
1806 576
53 478
504 1956
680 1460
1045 312
948 1690
390 1554
1834 1928
1266 1104
2000 158
536 1116
720 64
787 278
1520 796
1944 760
1256 214
672 0
644 356
1524 1885
944 1386
516 439
461 702
1560 1180
1402 1454
1766 1752
1152 846
836 696
2008 423
190 1336
1179 1643
2036 639
1418 346
444 510
344 912
1988 968
1216 1533
1376 376
608 1294
20 745
581 1976
1204 812
1266 706
360 1716
863 883
464 1423
520 259
420 840
251 289
91 56
1286 88
668 1625
144 984
1054 801
400 1474
262 996
604 41
352 696
1553 326
448 1164
474 10
872 880
1272 1393
1490 1734
896 1912
68 1440
1472 1232
1940 1632
544 1354
1352 218
890 1264
1714 1172
1739 924
864 688
840 400
798 1660
723 1824
554 2012
1848 1048
1170 1961
262 1478
399 1750
1876 1344
574 850
576 480
1465 1449
969 138
1782 2042
941 1764
1038 18
1726 1960
1202 1995
904 1308
271 296
1910 1850
1699 578
1176 1054
4 869
1282 48
1216 1084
1776 360
1140 1568
1673 1526
1846 916
1613 1480
986 1915
1831 1604
1152 904
552 1960
1988 1000
2004 1390
376 1656
1512 44
1753 112
1976 1738
1056 1190
1724 327
665 853
241 1986
382 1844
352 1188
1207 1636
1836 1410
1588 597
920 1932
515 76
1152 733
1062 1698
833 824
1522 1352
374 1064
668 304
569 1694
1172 1848
2014 2009
320 1355
960 1408
1043 1264
376 832
847 1568
120 1444
1224 244
504 384
768 1643
250 646
1696 1802
958 1796
273 570
1699 1490
1146 522
312 864
28 2046
142 1864
862 816
1024 1422
1279 1648
16 633
1517 1116
884 784
1909 1184
540 582
1304 200
1424 183
236 797
1776 568
1808 1528
21 772
836 989
381 266
404 1770
986 848
1614 1844
1144 890
575 389
660 598
457 1890
1256 1496
409 416
305 896
1128 599
99 1029
758 1940
144 1782
256 898
1202 1774
26 1394
1240 44
751 252
1352 1744
192 1092
886 1094
972 976
798 1276
1808 1434
1652 1259
760 264
32 1322
1120 1847
976 598
1335 1216
1153 1664
277 1949
860 1549
1645 1821
130 36
1528 1928
956 150
712 763
428 934
179 721
1468 1730
58 1608
96 1896
1564 1452
1586 1764
598 1508
208 910
1557 1970
590 1816
1010 722
100 1055
625 1376
1701 902
1649 81
787 1796
1184 1240
715 448
1946 1172
1760 706
1414 429
1313 1656
1542 194
720 256
916 1221
470 108
1419 662
224 176
1699 832
1756 631
710 31
1680 1664
1752 1022
398 1704
243 1018
134 704
1311 2028
278 1260
40 1600
1248 832
492 1714
911 824
548 603
576 288
1969 1368
1632 1133
96 1440
1168 624
1664 174
530 28
848 1795
804 617
1548 1505
1846 784
1998 1274
1852 1069
108 688
382 223
448 856
1187 433
1646 1402
1565 1400
1261 376
1817 466
244 1629
953 1261
631 213
1092 1280
61 1320
1392 927
433 104
1360 1727
749 1040
416 1448
298 1408
142 1968
1914 260
1805 1156
656 1408
909 711
476 560
1664 64
756 840
1240 590
940 1220
237 1112
592 664
1360 826
1463 1057
373 776
666 513
1522 1984
880 1048
301 545
1859 517
1016 1424
399 1393
1540 1617
648 1798
791 1323
387 1290
672 258
1633 1721
139 1843
896 1764
305 792
1322 1764
993 1368
141 852
1398 124
1471 2006
1822 1853
459 1366
1916 586
1824 1420
2000 36
1008 512
1072 1294
51 934
1016 192
854 1122
688 787
1857 1135
1029 1716
106 1856
356 1475
671 1460
393 792
42 589
1694 1344
939 1212
1830 984
1042 1136
88 1044
818 128
840 1442
538 724
726 1837
1824 222
1844 1757
1387 1829
48 1579
1023 1483
49 612
985 215
1220 204
1628 1521
1168 1264
1059 1422
327 702
238 1506
1984 1988
613 388
32 1402
2039 288
1309 76
704 613
1212 308
1997 1862
1215 132
346 1005
1389 888
1772 1311
1395 870
1055 1548
1492 1478
514 844
865 1216
12 544
1545 1128
1819 1866
183 0
248 828
208 390
1020 1307
150 517
1007 60
1500 1251
1014 216
301 929
1968 1168
726 1370
591 94
344 992
495 940
2016 1666
1046 1893
872 320
1856 1176
860 260
2025 540
650 1603
528 917
1992 1060
1811 1616
1257 1163
804 884
1172 1624
1344 1070
36 72
1086 1376
544 746
174 976
1547 1499
528 588
104 1625
318 731
481 1276
213 1498
356 576
108 1600
127 1553
28 856
1838 1473
373 372
178 1233
75 786
1957 1540
521 1760
955 867
951 697
102 1208
160 886
1164 1784
1919 1433
1944 1704
527 1168
1072 1444
1907 1368
816 1512
1808 1616
1562 334
1613 446
399 1721
24 1828
828 1860
1624 1533
565 880
1072 516
764 13
199 1783
1692 616
200 1800
1458 1576
875 144
1693 1805
1664 1586
408 1780
1107 747
1501 166
1176 1380
1812 1692
676 1563
469 1356
216 1051
706 2004
1926 1480
556 1634
1192 1179
1279 79
546 608
2022 447
160 124
312 850
146 86
404 1476
842 1424
580 519
1835 1213
1740 184
228 344
2006 2002
1744 620
1512 1080
500 33
970 884
1783 780
1984 1806
331 400
1191 1304
1196 224
254 616
1984 225
357 1508
984 1828
2020 698
296 225
1782 358
1226 1470
960 1672
1547 692
1916 1720
1258 576
1332 1376
1876 1590
776 1956
1918 506
1575 1730
1696 54
904 642
805 1634
785 1262
1116 1481
1145 208
1662 1212
1492 1324
656 1532
685 1420
1366 1468
1320 1306
215 528
372 1504
1412 552
388 224
1486 928
82 1950
1234 1721
1133 1152
656 340
1587 1361
226 1740
960 416
396 658
1008 1882
1292 40
1669 273
1316 2035
1002 436
1179 28
140 502
671 974
1055 224
1038 2024
969 315
650 602
1991 1866
1010 774
1040 741
574 1137
1664 782
2032 1604
897 1800
1773 155
206 976
466 4
1468 808
987 622
260 1176
248 824
1638 114
1410 1314
1439 145
1553 2010
8 327
1302 461
632 1629
234 78
912 214
224 415
472 19
2035 1582
1595 1568
985 745
160 864
1264 1756
884 531
1522 1617
550 1056
10 1788
1687 360
1844 1261
175 1103
578 1431
878 1498
1609 2032
950 650
1888 1842
1524 1254
1230 1233
1737 1190
84 1984
1635 186
1328 388
438 1006
1640 792
761 1643
98 956
1538 2004
1676 1578
1956 1456
1677 1858
1537 1330
1674 752
1266 896
1512 169
1903 1299
1756 110
185 769
220 224
352 1556
286 1696
2036 692
1327 1448
1884 191
456 1548
1160 905
320 1888
903 1999
473 1051
1851 352
1680 800
196 277
8 1474
1398 1607
718 318
547 760
944 595
214 8
1920 948
0 300
389 774
1640 124
416 1926
466 834
521 1034
1106 782
1754 1499
1518 904
886 1958
1854 1316
1736 1780
456 1590
1796 1648
654 373
798 1087
1015 730
596 644
2002 733
1054 1375
227 968
1456 387
246 685
736 720
1937 960
747 384
1747 1525
1576 724
1386 501
804 2004
1925 1057
1736 1727
1740 922
849 384
480 1238
1892 694
663 1756
992 833
784 1772
228 1902
568 372
1452 1548
1032 1157
192 1000
922 1452
1386 824
678 312
96 40
1650 168
451 498
1596 1988
352 35
248 641
1029 865
1910 1970
384 1476
1749 1076
1640 962
1330 338
1084 704
208 1418
500 57
770 1232
2037 64
728 610
196 518
117 1040
1280 1184
1252 1978
864 928
1008 1380
231 748
744 1096
524 1496
1282 1081
1584 1509
1960 1412
818 611
1841 1284
464 186
1084 78
984 1468
388 12
1082 1590
1486 0
1935 1648
755 657
0 438
576 976
1344 460
32 1892
1729 1672
1686 510
74 942
1888 1152
1316 198
134 810
215 1701
1269 68
480 1520
495 1977
643 988
1443 466
579 7
768 665
673 676
542 1914
864 318
742 366
30 710
1095 1870
1736 957
208 703
1305 1132
1556 1307
168 889
976 1688
1504 1022
744 896
1984 480
1103 745
564 1566
1252 998
576 493
435 408
696 514
1248 1520
1165 1864
236 76
58 874
808 1999
1276 66
1416 584
24 907
1966 480
1532 496
680 288
1972 78
517 1863
726 1266
544 2038
1243 1520
138 1622
336 1950
744 1666
720 72
880 147
158 1176
1970 1584
2000 1664
1146 556
1512 166
712 376
698 1176
639 1874
1579 512
228 800
250 40
434 606
256 440
1916 369
1838 1263
1920 1003
568 1722
0 1324
1510 981
660 738
1809 464
1992 926
560 849
552 1696
1876 1154
1536 1359
1104 1804
571 175
952 1627
242 944
422 1322
1648 1335
707 110
454 532
1822 203
1296 584
1848 984
23 1030
1309 326
312 800
1430 996
896 1029
1984 538
1440 472
708 1728
1348 881
79 736
1142 904
1143 1760
1096 1384
266 1238
728 1151
1418 512
128 1371
1984 1732
1987 1904
159 144
877 64
1650 1474
1334 208
1277 1083
1232 992
1296 1792
1450 1952
613 426
148 998
316 910
202 1157
260 1470
420 67
1803 1408
1025 1734
1188 1453
1367 1788
1604 308
781 112
1575 1457
1592 848
297 1055
1518 981
1974 1884
894 322
142 1713
1712 2017
1428 1769
1110 704
137 1202
968 1761
1418 861
780 1833
1236 942
646 848
463 435
1522 1609
320 1670
2003 1616
1962 1030
1776 1139
182 50
1597 512
738 1785
1900 1690
1214 1352
1105 1712
1527 1768
1486 1735
1692 486
1168 1791
1108 1712
434 1771
876 661
2040 1397
881 1450
35 33
474 1502
271 434
1134 10
800 1052
1276 912
10 560
218 2040
1037 2024
1572 2006
816 1174
1181 2043
477 688
934 796
886 1366
520 1145
1684 1543
1744 570
975 1536
1330 828
1208 2033
1681 944
1796 1459
1352 552
320 1304
1784 422
1968 1818
1734 1862
1745 108
1926 693
1926 880
1634 286
1965 919
202 1093
340 808
1386 1768
372 852
1128 372
621 412
208 1675
1238 864
224 1072
1336 1324
334 1312
1148 1957
207 1456
26 694
1048 2
40 109
656 1852
1154 670
1208 589
924 1678
959 734
384 664
950 108
800 234
1935 498
760 1646
9 1763
469 532
984 1908
679 814
1083 1198
655 301
616 314
352 314
382 352
1721 288
1685 128
4 1342
1684 2040
1918 1498
886 36
309 1408
1112 1296
617 860
282 156
1421 994
670 624
992 92
1730 1129
1583 174
1800 1550
1855 1253
816 909
56 813
322 391
1612 315
1496 1536
572 1860
962 1900
737 922
1315 1974
354 720
368 1730
8 912
1640 568
1612 1872
948 1331
1105 1088
1294 1362
400 318
1100 1553
1830 213
1151 884
130 1280
1686 1464
1307 1600
1137 309
1445 523
240 1196
1780 1699
1480 1438
594 494
537 1692
992 313
1840 1620
1164 320
2044 1218
584 592
480 540
172 994
742 1328
750 186
811 655
641 16
685 212
627 359
1579 520
1912 424
982 392
512 776
1496 195
1307 670
1280 1533
64 1974
212 1588
956 1548
583 219
1230 1718
156 1694
1065 1940
970 110
1475 736
1902 1568
1884 356
747 1636
1130 226
1718 120
896 1454
904 994
958 1768
2032 448
58 663
856 131
1120 642
1287 592
1834 1920
998 1264
164 960
272 1356
680 38
998 1638
268 452
124 1852
956 922
916 1152
643 195
1604 1548
336 1324
1983 112
1388 2011
930 172
1454 1208
1819 516
801 100
272 639
1132 1161
1522 195
682 2039
1928 1832
649 1928
1300 458
1063 1900
641 394
864 956
1469 1884
1134 1143
235 306
240 1782
361 1140
52 1317
266 1232
724 1430
608 586
1786 960
591 1254
1328 593
644 1221
2036 1040
1115 792
2006 1580
1967 16
634 1742
1415 1000
1672 1362
581 736
2016 1460
4 1288
918 464
40 912
1632 688
1408 1970
1056 1888
288 1308
620 728
1020 857
679 1194
1554 80
0 1664
106 1438
195 829
584 1430
7 816
896 2046
718 92
2012 1484
1440 404
726 1616
25 575
261 1739
1210 466
1838 448
754 482
756 1978
1133 1504
1455 1200
384 886
1196 1150
1418 384
1152 1972
1696 175
941 1676
1212 1602
823 1104
1716 1742
1814 2041
374 1905
1922 676
280 1635
1782 953
879 8
1364 1293
198 1128
776 1717
640 1824
983 939
728 176
484 1233
1954 1840
546 2036
1260 352
262 1860
1022 448
696 1482
1658 1018
1720 300
538 1664
1999 41
1021 944
572 1572
966 138
95 1288
1189 1288
973 1931
884 624
489 1126
1410 998
1991 288
1994 1846
1970 646
606 600
1495 968
380 1753
1862 124
1540 1480
1926 208
1652 282
803 408
864 884
1792 605
126 124
1074 1568
152 434
1786 1908
1641 624
680 779
1275 1876
2000 660
1176 351
1158 419
1188 401
456 1677
423 1361
260 1212
190 1672
1920 1670
1745 312
873 1280
1735 24
1444 48
540 1071
1810 424
1820 1568
1455 1296
1678 755
0 344
1770 1084
566 1182
2024 78
1102 266
206 1824
1524 936
1556 832
1929 410
40 722
1256 1780
728 1538
994 1790
698 960
996 1904
8 0
549 452
1561 256
859 1035
544 1291
1280 703
1522 1102
1216 96
576 112
1617 716
1644 338
1832 927
1322 168
1633 1919
1761 242
1205 1190
792 1577
1002 934
443 290
680 920
492 624
1552 560
488 610
1473 1587
639 683
2018 1404
726 608
1972 1377
643 412
1089 1160
847 1048
1768 2020
1155 1917
1176 1566
918 539
672 1798
995 502
1184 1671
546 1278
1962 441
1392 1248
0 793
1796 1312
1404 746
1664 910
1334 136
336 1260
1314 878
180 112
599 1987
1145 1416
1932 995
618 1967
1979 108
458 831
1376 1723
1832 1527
1887 1458
1980 880
1775 1282
656 910
1946 522
721 1992
890 55
798 114
712 1348
1081 1088
1848 162
1302 1824
1144 760
257 1958
1712 272
50 814
1128 772
632 466
1527 1020
1668 1678
1684 1852
1715 894
1923 1006
916 1524
2036 519
1774 586
141 716
1866 594
27 216
344 1482
1132 528
320 1992
1986 756
1876 1060
1056 1072
158 431
564 152
1298 1610
566 887
1574 1068
256 308
1301 736
1736 1621
767 579
1735 990
1248 1024
444 1348
1923 738
527 1854
1116 599
1672 240
1404 2039
1704 1280
1552 534
956 1116
1800 1010
682 347
1031 126
1756 6
420 306
269 1868
986 630
1034 658
276 304
1122 1045
1822 1024
382 1782
76 1116
176 1862
1424 272
587 1664
778 594
249 1760
344 64
18 1334
1710 669
1728 312
537 732
1026 1120
473 767
662 979
1458 1112
1732 1398
1244 462
1342 1025
280 546
1136 1170
1280 1540
904 1708
1698 1393
162 1990
124 1066
1403 1996
1024 1336
640 952
848 663
530 432
480 996
1738 1806
2015 192
1810 380
472 1350
528 878
1518 130
1228 100
784 268
1706 732
784 1720
698 1898
1374 728
1142 103
199 1001
445 928
1079 1362
1928 872
678 1224
1863 1858
78 1848
904 328
274 1838
1814 1203
1874 2044
1807 1958
100 277
512 840
1180 612
1080 1175
202 1693
1440 428
1676 1248
1654 196
1368 784
180 1744
1928 463
1640 141
832 480
1618 126
1004 848
537 1083
620 580
863 1356
151 165
1648 808
232 104
2036 1640
484 345
1664 1166
1141 1887
803 1646
1020 1248
1336 880
128 834
28 1752
692 382
1526 1950
520 2014
1526 1900
1264 1984
860 1506
1677 1695
1888 1300
1124 144
1972 288
1508 240
1822 1184
1286 1604
866 1510
1132 1948
761 1074
138 1104
836 387
1386 747
1394 945
695 977
500 1712
536 940
1779 1907
914 805
1668 1404
1888 128
875 68
16 616
1911 1740
135 1604
141 157
1064 468
486 1328
348 1496
690 268
848 909
293 1696
32 1728
1644 1985
1344 280
432 948
1598 95
1847 952
1096 676
1911 1500
1118 116
1546 163
538 280
1206 1768
1600 96
1760 224
840 1381
727 42
1978 1328
1482 484
1194 1433
2002 1833
1829 1441
1570 984
314 146
1904 576
260 1716
1108 1984
106 1075
1473 1200
736 1642
74 376
591 1098
98 184
1846 1500
1828 1052
865 832
688 85
438 186
926 260
560 485
704 80
1595 689
739 1992
1821 1479
1296 1630
1604 589
1024 1873
1854 1270
784 182
1962 1651
154 831
632 1744
252 131
1812 1538
1464 1948
1246 1153
1684 1226
1644 1525
220 1376
510 388
1830 916
172 1072
1272 1334
144 396
1312 468
420 92
1842 256
1084 642
150 196
778 146
51 693
1618 327
1696 1845
1956 151
1000 1096
104 1102
1271 905
934 687
1442 386
776 1992
1073 29
803 72
56 876
1696 467
1946 1669
766 1760
1432 1379
1940 1487
1276 1849
278 1537
522 1810
1334 1662
1216 1544
1712 1974
1543 1434
770 1900
1826 640
151 1426
1377 1320
838 448
1596 1222
1344 782
1568 1512
787 694
1996 230
1980 1408
1120 2034
1824 110
0 2032
1854 1324
292 1879
1154 340
1202 264
1328 1832
78 824
1768 835
184 58
22 960
1984 292
1944 512
870 1368
612 1121
307 1758
127 268
1192 502
1164 1048
1822 1808
180 520
1976 1048
1256 1294
1936 789
672 1723
2036 1595
1360 1302
138 934
1881 1143
1837 1702
848 788
1137 528
1452 308
320 70
768 776
978 169
1886 1990
128 1580
512 712
1280 600
220 428
1685 1329
630 1104
1078 960
1784 1716
1280 1113
664 738
1988 528
854 1212
1372 256
872 1480
396 335
1423 1310
77 1697
116 116
1747 1810
124 1586
1998 1655
1508 1296
1760 1602
1909 1472
1712 2003
1471 580
1710 467
821 176
553 1909
1734 1005
1223 264
1050 1376
1072 729
1935 682
1262 312
1820 128
936 1156
1196 1254
456 68
253 1752
684 496
375 808
1189 468
270 495
987 1926
244 1775
444 315
1240 1584
676 920
823 288
714 262
1788 956
565 275
1499 680
1448 608
1232 0
856 772
1184 1592
1665 56
1322 44
1659 1928
232 1539
1752 242
481 676
984 1904
1977 1380
1974 1152
1482 1144
164 1962
1844 954
1064 2000
1922 841
676 128
256 1572
667 1998
1783 1436
1497 360
574 712
1384 1772
1838 1842
1290 64
376 1115
1305 1250
268 404
1519 580
656 1564
476 1204
732 181
1642 707
1008 1918
1224 28
1868 196
172 1717
276 1063
1731 1252
1316 660
1100 442
1268 391
766 1748
1620 1318
1522 1304
857 376
287 90
1258 1837
1504 457
1237 964
914 1990
1280 240
1128 1383
1888 1097
1196 1984
1388 2
31 246
1032 1220
600 1264
792 1476
1396 1198
802 1538
288 880
668 1989
140 1080
1833 1417
167 109
932 638
91 1465
630 1068
1099 293
1494 708
1730 1759
658 1064
978 36
512 1976
984 1658
1268 1102
595 476
1712 768
100 1497
503 628
860 1108
1816 286
782 1151
780 1970
1740 1472
111 1686
1026 1233
175 688
989 940
1603 229
940 1140
568 1613
1200 1659
1702 490
512 749
552 558
1934 22
601 1632
584 1792
648 666
558 556
1118 694
48 1926
854 1470
1944 1328
172 564
928 824
1722 1100
1728 1163
1230 111
980 0
670 1438
1528 1800
157 6
75 1670
2001 1989
1106 1907
1178 1206
672 1439
448 1695
52 1655
1092 44
1485 1360
880 674
352 1610
1340 858
640 1241
544 1764
1416 1244
2047 1284
1442 1240
1110 1224
1574 606
135 165
1021 528
1396 533
1206 364
206 1192
816 128
894 1353
1106 2
2001 1638
1098 1888
1366 1324
818 451
439 1776
1248 2022
736 1042
1745 1368
1243 1221
990 376
557 240
1348 284
776 615
1852 780
1180 797
1243 1432
442 1872
250 1279
1964 1197
1501 119
400 512
756 716
416 744
192 50
1940 382
1153 809
250 1404
1238 532
592 312
1860 1206
803 861
498 856
911 976
1727 124
164 76
1368 141
1740 756
495 736
2022 564
612 608
1346 1938
1968 1969
1713 266
908 2008
814 640
1776 829
805 172
10 1036
129 1068
231 1600
1233 1792
248 1506
62 14
513 696
1694 1178
1028 41
280 786
260 1936
130 1167
1997 1536
1018 864
493 648
1990 1268
2005 1358
1053 131
1608 1332
1032 1271
1893 1436
1376 348
583 552
104 1810
1160 232
338 1150
268 1215
398 1692
1372 541
198 824
1826 1092
1332 648
1315 96
16 994
1652 1827
72 1840
824 1516
1352 1686
276 1664
1072 1964
1220 1640
594 1044
388 2020
716 1952
678 832
1873 1721
289 478
1059 382
759 840
188 1664
658 1712
68 158
1870 264
2000 155
1066 1679
208 1510
1000 1647
1832 176
729 120
1444 363
960 806
108 102
484 304
24 335
1576 58
1072 1430
376 1578
1056 320
48 1746
920 1048
802 656
729 2046
2039 691
769 715
1778 1845
1680 1888
1384 1040
1760 336
189 1464
634 840
1224 876
1715 958
1450 1872
128 1447
47 563
654 1539
1616 1078
2032 1275
1198 1728
580 717
361 952
2020 594
1810 654
1532 800
896 344
1120 1512
1152 597
1184 1728
1001 1508
1906 16
856 1663
1915 942
517 588
76 1960
384 1114
896 1231
1519 16
1629 764
1256 639
468 1949
926 1703
280 1748
346 380
1659 144
1712 448
550 1986
1242 26
1673 1896
1982 1980
416 282
1529 1064
832 548
560 1158
763 1744
724 188
36 888
934 359
434 1258
130 761
1474 982
767 1900
16 504
706 1088
430 1256
1280 328
1992 1790
625 1399
1772 1804
1112 1352
378 1576
2019 1808
530 1502
765 1135
1640 300
1542 602
1746 1622
944 106
509 1756
1911 1418
378 1764
592 369
1384 10
1850 892
1756 1854
507 1684
492 470
1258 1464
871 1806
2035 990
1739 1300
544 956
480 616
1860 392
672 800
640 1987
1431 64
236 474
1198 1418
1318 798
1427 1244
802 1586
883 760
379 1405
1344 856
1747 692
1236 1320
1898 424
896 1863
968 1703
1820 3
454 1600
1378 928
1910 1692
237 1120
298 2010
1212 96
1384 1085
1102 1824
32 1572
1382 1462
124 1984
548 1901
942 1406
2030 1348
0 2015
840 477
632 1566
1767 862
369 1409
728 1408
1240 128
507 1682
697 930
1841 1860
820 336
1054 1221
962 296
1028 864
52 872
446 1488
644 456
404 1623
1822 1956
61 1370
1201 934
1330 1188
1789 988
1016 1478
564 1078
1570 1592
788 1204
1643 1372
1696 827
1704 444
931 864
1947 2046
1492 2020
432 632
480 1438
1868 177
224 1866
1216 503
772 1858
507 1492
127 364
750 1192
588 728
1758 1724
690 746
1988 90
262 1265
1895 1476
740 2036
893 855
1100 1392
2016 177
2011 924
1745 491
1660 421
44 264
176 1782
1563 1555
1739 1939
2016 1578
802 52
135 200
1530 1857
840 2038
444 1917
94 1328
958 1078
363 751
1406 1116
1658 1361
166 352
1272 256
1175 1024
2032 1628
644 790
1486 1376
608 587
999 1208
956 344
1103 1948
820 1014
1792 58
480 392
1679 224
1024 1149
1030 384
419 954
48 1844
1249 1839
1707 2016
1724 984
223 349
1341 1776
140 446
298 1008
1030 172
104 1803
124 594
1482 1250
395 1840
1770 668
1559 930
683 1260
1435 1353
1320 1681
664 78
254 720
1744 538
1939 155
632 1482
689 1244
1304 1952
1212 622
382 1640
1193 1603
591 202
1276 173
1584 881
1728 1792
1664 1387
1838 1642
630 1040
1040 1376
1423 368
176 1204
1189 1012
1108 986
1824 443
1838 264
1232 790
844 1403
1180 1864
1478 142
1320 1116
698 1322
302 2030
1879 502
817 295
1226 1382
208 770
1448 1934
1006 1669
1562 1462
1769 784
692 1484
680 732
1078 1880
572 1912
548 1462
431 1880
1018 184
828 1564
374 1391
1909 143
1386 208
1180 1988
782 1484
162 480
201 1048
1510 644
1992 128
643 1023
730 1676
896 1337
1921 272
273 1936
672 892
1217 4
1119 2008
356 402
1312 532
1249 376
1624 269
1092 368
168 110
1025 754
1881 1196
1352 312
973 804
1160 1837
68 460
430 613
230 472
209 562
974 1240
1058 1760
242 1504
1319 1374
1172 122
530 1770
1826 1632
1860 421
223 1403
936 1040
1069 1462
320 157
1848 1489
1911 1096
1792 892
574 1188
1594 1324
830 794
1550 1976
1156 2024
54 389
1264 1180
480 384
426 1316
404 448
558 233
334 1654
1588 764
970 129
100 714
11 244
168 1227
1805 1219
946 896
1920 450
1856 971
844 1408
1708 73
1510 610
136 680
816 718
128 1370
1472 656
1504 409
300 1241
918 1308
64 2000
232 1960
1932 648
1396 1046
20 650
1700 152
974 867
816 592
1744 1376
1544 412
362 1539
1648 1880
704 662
1842 976
1753 416
1475 1467
1435 942
1668 1994
1706 712
948 828
380 628
464 1108
282 450
296 753
1608 1850
821 651
200 1207
172 1391
1562 1581
676 1238
1773 976
528 424
64 1152
400 1211
1006 528
1985 1342
726 88
1948 164
80 1010
1563 1040
76 1608
1186 192
96 1729
1769 1500
1904 1736
416 1961
1696 852
1959 1636
1760 1696
1153 1232
1320 1381
1844 865
1801 2020
1472 320
1196 200
1792 1769
1188 166
1332 104
1858 1029
368 1800
115 921
447 800
544 844
153 482
164 591
1780 19
1534 992
1158 159
1660 364
889 1102
1730 106
383 1760
1373 248
155 1346
1995 234
924 879
318 2016
507 1936
1459 954
1450 1658
876 2014
745 459
928 1418
559 580
1323 1192
904 2023
0 411
1064 893
330 1992
656 60
1454 592
1189 1966
824 572
1888 2010
896 187
1770 840
1549 847
616 1340
1456 882
1299 1227
1172 0
1274 652
1064 1363
60 752
430 1811
796 568
1936 1976
456 1626
945 420
1304 380
1736 1794
256 2021
600 541
1804 461
1845 311
384 731
928 571
32 728
764 2038
752 377
1624 2004
231 1280
156 1448
376 1480
743 1896
284 86
594 1423
244 1718
370 1062
122 1212
1254 2016
1080 1152
1344 301
393 887
412 1060
1658 1546
192 372
1456 884
944 839
967 1245
320 1728
998 1908
122 1916
1070 32
1648 152
1312 497
1620 1988
734 440
817 1025
1686 1544
1936 512
432 1864
2014 290
1052 2028
656 612
126 1760
365 504
974 1682
1774 834
1395 704
843 1391
1752 1772
1016 1944
1904 1723
1533 192
1088 170
716 260
316 1646
17 240
682 2004
496 456
1214 1361
1456 792
1634 794
280 1143
1710 1382
238 868
1304 1536
670 1344
1216 1584
1493 1568
673 1107
576 992
589 176
81 1130
1180 524
100 200
872 512
1318 1786
1612 277
132 1354
1029 1718
1228 1528
1523 578
1738 582
1544 1262
616 948
1032 622
1686 91
1904 967
846 1610
439 121
475 1780
312 2000
1152 24
446 671
1966 628
933 1911
1839 1792
1122 933
28 1492
1070 1758
1428 375
1040 102
0 1724
296 659
193 1122
446 1422
528 1659
1061 1225
1692 1046
1584 1556
64 1656
144 1336
732 1562
1709 1404
1721 675
1128 2038
409 1228
352 1748
176 1630
665 452
441 1215
752 1122
140 1748
202 1287
284 1154
1545 184
1998 622
1640 1836
486 1015
1110 1677
40 587
1316 316
2015 1204
1336 578
452 1416
1070 1844
1810 1472
720 604
640 958
766 130
871 1622
892 1280
68 1312
1184 1934
936 1524
590 956
1207 950
546 251
1320 213
1634 654
2030 1026
1262 38
6 1431
1215 776
820 700
1012 1336
112 1830
216 1295
1478 420
430 856
1388 758
403 208
1752 28
1959 892
1944 1354
544 662
596 1712
1167 1920
1010 178
41 945
586 1464
584 304
47 1922
468 659
1850 1825
1914 1776
1076 1028
1439 1048
1338 1168
278 1676
1839 1813
1280 401
500 240
932 1268
250 136
1784 880
288 1096
396 1680
1120 490
1220 1474
1322 818
1576 234
959 348
1708 300
1735 1423
1908 1318
788 1529
730 64
712 1665
1747 736
1640 1780
69 1152
168 1917
337 1230
1344 349
1501 870
530 2028
1551 418
545 150
1064 512
1430 717
462 541
308 1400
648 50
1708 617
1604 1088
2018 1105
418 235
1064 200
1174 1209
64 1908
1264 132
813 46
1066 976
1256 506
908 714
480 385
1708 1932
1440 1281
917 2004
209 848
1272 1331
56 1863
1506 1637
304 328
1293 1667
585 1412
1968 858
852 704
1308 1150
2036 778
1026 2032
244 1224
1272 1896
1990 320
1428 265
1190 1701
296 1750
302 1632
992 1730
309 484
1830 315
940 1049
1840 444
908 898
232 792
1438 2000
1942 734
481 240
1106 1766
666 1831
799 882
627 1806
1964 1096
1355 192
1270 1934
56 1694
1996 1957
504 1681
1191 636
220 101
592 1687
370 34
176 1728
1980 512
1016 1510
1009 158
1554 1728
1025 321
341 1880
1831 1564
1592 208
802 175
1048 1760
1868 364
381 1552
1684 1751
415 1190
773 1943
155 1957
1496 1548
1280 731
1106 216
1492 591
740 1698
1702 149
1216 2042
355 616
1042 789
932 572
44 1861
240 1032
104 1752
1892 1373
820 1808
1076 116
1327 184
1485 1531
1952 1688
576 1435
944 1071
1033 558
1448 345
158 160
830 1443
1504 604
1824 845
192 1272
248 1717
1045 741
1370 0
1338 800
256 1594
984 348
1106 904
1068 1978
1392 1972
457 1116
724 1504
1676 520
2 1059
230 1688
77 927
800 288
1149 1688
1854 312
759 56
443 1564
237 200
942 1354
536 1958
1535 130
172 824
1598 433
1586 394
1744 512
1976 1632
1130 1179
1305 192
426 1374
37 933
792 740
425 1528
1502 60
1630 1879
1882 1736
888 954
308 768
1730 1804
1254 2014
936 2019
615 802
464 173
345 1940
531 44
1324 340
6 40
762 776
619 476
670 98
2013 1776
1672 1683
1870 612
1509 1795
642 1176
1400 512
793 512
1114 1135
336 31
32 32
1716 1458
53 569
983 947
1215 1572
274 285
1782 888
1232 1552
1437 1041
1683 1025
1648 1968
372 1546
1663 916
1697 1144
90 1342
920 145
1372 794
1668 1667
248 1541
688 99
225 476
539 1630
776 543
522 1587
696 745
1890 848
61 1281
992 1170
1844 1368
244 697
286 1728
752 1929
275 737
1688 1087
304 242
0 1792
916 290
1646 146
2018 1358
1850 838
1804 292
2024 630
1917 365
1086 755
448 594
1064 878
1840 208
1304 928
1826 1187
1676 938
988 96
687 623
1649 1354
545 1462
494 1372
226 18
1009 56
2013 727
1627 852
1728 1100
648 1914
648 686
420 72
1872 414
1284 1679
58 2000
92 410
1296 1232
947 1300
1142 144
1200 1188
1450 692
318 898
1504 1374
1860 332
1390 1300
1714 860
171 1072
1853 868
418 1988
876 2020
1440 1512
176 654
1381 488
1010 336
1612 1780
608 1064
350 289
1700 352
655 1641
1028 1960
948 1368
1640 1056
1842 1692
1606 180
260 384
1376 1545
956 988
1832 961
859 1519
482 652
1726 674
1549 1276
606 296
906 1912
610 1508
213 41
964 136
1208 1045
1566 200
960 356
1620 446
128 1140
1574 496
1010 866
82 67
96 616
632 674
1244 688
771 1336
1962 720
1884 940
1760 174
1856 22
1690 574
32 1964
548 1658
1190 1104
1888 2039
2016 1198
1378 1025
180 176
1718 1544
870 1646
320 660
1182 1331
776 1740
1016 1867
1712 240
1510 891
440 1991
416 253
1920 1108
1987 136
1396 1656
871 355
1194 77
1170 1320
1219 454
1595 2010
1011 1832
1736 72
2016 1140
572 1069
1584 971
1439 663
392 359
1558 193
1555 316
976 1532
2005 1574
239 1
1140 954
1309 582
1489 968
851 706
1873 908
1476 1684
733 1826
1896 1570
965 806
954 240
888 785
1344 595
1480 1060
1909 1332
252 1640
1216 1332
1708 1300
40 2002
2012 1202
220 810
1893 418
1102 1344
1036 906
287 77
663 711
202 832
1052 666
496 1039
1754 1084
1028 170
751 1624
751 532
1866 952
200 1296
866 1987
734 0
854 1496
1350 1012
880 1692
1666 540
1488 1856
544 220
960 1324
732 760
845 1128
251 1152
844 2022
903 1869
576 1730
973 113
111 1440
725 1128
1128 1685
1158 896
543 9
688 691
1838 661
417 345
1726 429
394 1957
1450 1521
1569 332
2002 1900
12 1674
768 953
1120 0
722 232
864 568
32 518
104 1958
1944 1792
1322 282
1182 1347
342 1366
1972 181
485 1728
1000 1527
1407 740
193 1496
1198 670
2032 322
1719 678
1184 1248
728 1796
1860 711
1568 1391
1087 1502
168 1636
1326 227
1408 231
1213 896
1278 627
1144 1800
1534 1600
147 470
1994 1366
809 792
1536 563
1343 1348
1458 1460
1942 342
661 352
62 400
867 1393
792 1380
196 1383
234 200
387 1430
1672 218
614 1750
1286 654
1128 1951
1584 56
1678 1408
804 1556
1665 228
576 1196
1908 2025
680 548
1778 1989
1526 380
384 1746
196 1936
2015 734
580 624
1296 202
1335 444
1038 1232
1348 1679
144 1040
288 620
582 1136
336 770
1011 1642
1680 1678
1765 1232
1653 1190
646 278
76 769
1856 1641
506 1006
726 239
488 993
1747 1132
594 1655
147 283
1479 246
135 1002
912 1218
756 1168
384 1287
392 1273
1146 1721
472 1067
355 456
528 1040
1702 1148
925 1055
1595 1293
304 1979
360 832
717 2
231 506
1798 348
869 1920
136 808
732 1572
128 1346
840 54
589 1780
896 1287
200 950
1566 1816
1824 1401
1770 1484
486 720
1511 324
1322 625
1262 480
518 196
1104 426
991 938
570 1193
447 1104
192 68
1274 1394
20 695
707 1269
1530 450
1232 1753
696 432
235 168
1798 1200
1630 676
1737 468
1186 1560
762 1906
1146 1872
523 1762
288 1746
528 772
1086 196
1196 1159
1857 402
1732 828
285 1076
134 922
1484 1160
1840 448
1294 1860
1310 1614
1252 1194
472 1825
1436 0
84 58
1583 1328
507 88
88 1776
1700 12
111 1787
832 996
1358 288
1024 336
235 696
776 1870
597 1965
503 2004
390 1408
1141 1380
811 1336
741 1628
100 1304
1532 1092
1060 1079
1134 209
150 1737
944 1632
912 1672
104 1366
1028 1472
188 1678
1187 152
1117 45
892 607
906 1873
34 1941
1362 196
268 708
1568 1565
1641 354
1922 392
567 330
1610 349
1348 1288
526 630
1728 1284
852 1944
1356 1712
2044 111
1264 821
1504 1933
1730 216
1792 558
282 170
1403 292
1280 1812
20 1544
940 843
1584 344
1368 1464
2023 1252
80 768
1437 1238
717 1048
675 204
1357 1011
1080 2012
1082 896
1474 370
865 1628
1696 434
1005 914
1572 1498
501 1366
949 542
1956 961
464 442
917 736
1235 410
108 358
114 1751
1879 1970
1344 1186
1720 364
1680 1134
562 1406
1396 268
176 175
1980 1062
691 704
654 914
1312 1461
1736 424
1585 1662
1494 1408
994 425
1760 201
1855 266
253 536
354 1789
1790 386
939 486
904 1584
1184 1192
152 728
68 861
1432 69
1302 1026
1936 582
1704 1732
170 1346
81 532
1382 947
11 541
1606 804
148 2037
192 1216
384 334
80 1792
1541 718
1756 2034
1137 0
982 449
196 1824
288 605
1648 175
900 1576
2020 100
528 489
860 1877
774 1396
786 1894
1704 1520
1792 207
1100 274
785 155
189 292
829 1968
214 2044
227 1264
711 578
434 1881
1697 1024
2016 308
1610 561
1908 1434
224 806
1836 188
196 718
1124 963
307 1638
1228 378
1605 1968
760 710
1172 1407
626 117
636 156
624 1240
1081 534
1928 1046
583 1940
425 1121
1856 774
1953 1532
727 1568
1108 314
1949 1920
784 423
126 1526
1440 1545
848 159
562 0
874 1984
1582 1603
271 994
1539 1472
1832 1720
1860 3
1936 530
1296 1551
227 1147
1648 1470
1317 2039
1298 1928
1015 512
1904 1921
1406 1824
174 645
966 1438
943 77
704 1518
1248 1283
2014 858
1936 276
1380 826
1668 20
1217 752
1327 622
600 1380
1408 1197
1578 1652
98 1096
1059 641
360 1216
256 1430
752 788
1588 988
721 102
380 221
224 1639
1374 831
27 840
979 1076
1162 288
295 864
508 746
1904 384
248 1445
1710 1056
64 560
275 749
1360 1835
292 1490
106 174
1578 1964
832 30
2030 1646
1914 1974
1643 1578
534 1778
1920 246
1170 160
1360 1634
1542 1064
64 1676
1605 933
1888 1988
1514 2030
756 945
537 970
960 630
998 284
1173 718
1483 1122
8 616
1912 956
1811 789
1153 1117
460 738
1194 900
1592 1480
1810 915
203 175
1216 301
1411 1504
1950 2043
1572 1959
522 1274
1896 940
1024 1779
195 458
321 430
1000 922
1680 1930
103 556
679 468
1104 452
1310 2036
322 393
492 1551
1072 896
1727 832
264 970
996 23
204 1027
1919 1923
1698 1974
82 1181
1820 854
284 1661
2006 320
635 1818
272 1279
851 1466
902 1543
442 1522
145 522
733 1553
975 804
1146 958
1428 784
896 972
355 500
1378 1592
1220 1872
1748 2046
764 1582
1216 2032
808 896
1780 1218
1640 1152
698 906
1216 550
1119 539
1239 1886
1862 1638
142 562
1248 176
425 546
792 1349
413 484
688 1066
1584 1610
537 1928
230 1514
585 1216
1908 80
211 448
1668 1756
1024 1212
937 36
588 20
468 696
1408 1696
1854 1592
120 174
1794 1837
230 1826
1231 1272
520 1804
1966 1158
180 708
614 1696
1618 272
1204 668
1784 1096
1704 849
359 1724
229 428
1448 488
800 1359
1519 1155
303 2023
405 1010
882 800
1130 1829
1837 967
877 1290
1134 1436
1954 976
1959 492
640 244
1756 720
1608 1640
1672 725
1976 108
458 833
1239 1212
631 975
929 261
944 1220
2015 384
1876 369
1824 306
1584 1565
1304 254
1034 1344
588 230
648 1596
48 2013
1878 1918
1214 1952
1884 1231
595 640
448 593
1732 1960
1600 1568
1207 644
1724 104
150 332
1836 978
484 1458
470 92
478 90
1653 236
34 128
344 1481
680 332
741 613
1205 1024
415 1385
984 762
1157 1408
576 1052
4 826
460 713
1550 432
414 2039
1168 2012
1277 348
1063 1771
133 1436
252 1323
1684 1724
1682 1721
1655 1290
620 1586
112 1717
1884 388
1501 1168
1826 1796
1793 0
979 476
548 1538
175 1062
912 1560
2006 478
0 475
2022 1427
928 386
155 288
1700 463
170 1032
1988 822
96 1230
2038 939
1709 936
294 1400
1740 1190
1812 991
1982 768
714 1543
1168 96
283 220
1530 396
1622 1136
30 100
427 1920
354 952
1153 1598
332 1566
1472 1201
91 538
1140 1244
659 560
0 118
1889 1247
1568 1052
1422 678
613 2036
766 15
1952 1625
1017 1786
1042 157
772 2020
1656 1231
918 1273
1600 1516
541 53
710 623
738 1276
1116 304
460 264
408 176
107 1804
286 1772
175 1572
1810 1536
336 1035
1290 18
123 1506
515 1792
1184 1209
206 562
1614 804
1968 348
1898 1764
2042 584
1222 1392
1014 361
1148 1452
1927 1009
533 1081
1872 864
1485 1216
984 1960
760 1240
1076 802
1714 1995
416 280
1146 112
1280 1507
1706 1594
581 526
1074 1712
166 724
767 1638
1875 1777
686 1839
912 776
1360 1258
1820 138
1854 478
1771 1228
133 1098
712 12
1881 1420
1257 520
1392 572
200 1204
1971 544
644 2005
18 820
944 1908
39 1754
2008 0
824 1008
1731 542
608 720
1016 316
256 1038
272 907
768 904
1094 1362
810 1632
336 1084
1347 1461
146 1566
1525 1165
216 704
1469 1993
1722 1279
1735 0
1522 1328
385 272
694 1968
128 1692
1960 2025
584 1458
1412 1632
92 96
640 640
1472 804
510 144
1624 11
1232 1014
1659 1736
872 1247
1190 811
1960 1152
506 1178
1266 290
756 1092
617 428
402 307
327 464
954 1538
2040 980
115 20
1597 1000
1116 1042
1107 1599
80 1232
1646 892
217 1688
173 800
528 616
522 988
448 767
608 868
1008 16
0 566
1330 716
1416 674
1174 724
728 1392
1791 1054
835 392
1096 1656
420 304
1174 1828
1071 716
276 64
1095 887
1340 1368
736 1984
1298 198
1678 912
2040 1560
610 1958
528 624
1195 1298
1264 1120
512 212
422 1016
880 336
1711 1314
2043 1225
1365 1273
1352 970
68 488
617 515
512 845
979 132
786 1568
1512 557
1582 1508
2035 1108
1124 1909
1428 1312
662 1651
659 1160
880 1076
1840 616
1872 1890
420 400
987 1978
1382 1998
1612 1791
963 1868
327 292
1600 1492
800 18
256 960
2025 1975
1665 1712
1367 1664
994 1740
1068 1296
1364 532
960 1200
1889 690
560 1860
1570 1374
256 488
72 782
48 827
1164 1236
1785 1882
1327 1913
1163 1671
1364 1892
1690 316
338 977
249 1692
2000 718
1741 1568
893 370
965 1269
430 1047
1703 1499
624 1948
1893 952
400 1383
192 1639
1159 312
1018 1672
164 1073
104 260
1696 1064
1384 1344
1910 1878
291 34
662 640
666 2016
291 510
579 1604
280 1979
832 1987
2008 124
447 682
1840 972
1933 1216
1350 806
72 105
530 1856
1616 1711
88 1239
1369 879
982 378
1734 1984
64 848
841 722
494 779
96 1308
1142 1550
936 1991
403 1575
1106 1927
474 479
1902 1664
1784 1368
1016 1872
1869 860
964 361
1246 320
1496 1136
1127 1044
460 131
684 1477
463 236
410 716
1306 1683
1077 1012
84 1152
960 1327
56 360
1124 702
1786 1756
344 940
488 1385
1520 868
720 404
1152 881
1673 2011
1542 1696
1066 1090
1736 1152
464 278
207 1090
432 600
1996 1512
757 96
664 1938
350 248
659 160
273 488
994 1062
1730 493
105 768
1536 1156
468 172
396 1304
2024 1744
454 1296
1800 255
272 474
1108 1990
808 1968
708 46
924 1809
1973 513
540 524
492 1588
1788 1968
1412 234
706 1688
292 479
1687 1732
346 1491
480 398
1282 910
1568 258
28 414
1088 177
1167 1728
128 1280
1720 996
278 1140
264 548
1162 411
182 111
904 1170
839 302
1744 416
68 744
1990 420
1670 1386
103 544
1077 506
839 1624
953 419
1624 208
1257 1218
952 1734
842 1550
1720 1685
1648 1327
1712 1984
228 1046
1120 148
2012 584
1988 218
2002 343
736 1072
1887 1712
1072 928
1488 1472
786 909
1208 1666
1758 1210
730 1534
1114 1376
1610 928
1140 1141
2034 708
1315 1625
1764 915
1678 1788
1480 1588
888 140
76 1567
1330 272
1010 1240
1431 1452
279 384
1856 364
832 160
1666 1830
360 304
656 358
490 224
1024 1854
1857 298
518 448
768 1280
130 611
1238 1267
1846 1975
1782 1436
464 920
1494 414
1664 344
1056 77
118 1215
560 180
94 1804
123 1062
1327 1696
124 26
1190 1626
24 1630
1684 1408
331 1252
696 250
596 260
1288 300
633 1652
1284 1806
352 1248
368 734
1669 1184
776 1104
1689 1042
758 1672
1126 1368
1062 1468
804 1838
156 866
1653 1232
150 892
168 224
539 480
312 669
1916 698
796 1788
1934 1816
1604 57
1920 1814
0 314
1120 1866
390 1312
262 1262
624 625
503 643
592 1352
1752 432
288 1741
274 800
368 1136
764 1514
1624 1738
618 152
66 434
816 1493
208 676
580 352
828 467
1273 2040
778 773
1183 1160
76 30
1819 644
102 1700
497 1504
1636 1045
1617 544
1749 1030
653 1502
1664 1280
1668 1982
1968 831
430 822
1842 0
1926 1312
1397 1432
830 1855
1316 279
510 1430
1083 1732
1184 1644
432 1110
766 1152
797 1686
632 1864
1961 414
1424 161
1956 1674
1172 848
550 1072
571 1254
1136 1896
658 904
98 1517
674 1835
1728 1368
876 1616
327 256
1376 424
688 1504
1648 765
1112 1862
1344 53
788 943
1208 935
1440 974
1504 1507
180 644
1789 1122
1708 1068
1052 1684
514 704
1706 1360
293 1145
158 75
195 5
472 699
43 1670
818 1894
598 370
1354 1528
766 821
1014 632
1713 1253
1388 364
586 784
879 1318
1951 1058
1002 997
1642 658
808 1648
1924 200
424 1160
1132 1408
133 1110
1496 0
282 731
604 2021
1096 382
1076 592
868 1264
64 954
2022 1491
1728 250
500 816
51 982
548 646
834 584
1792 56
779 226
1701 634
1255 474
1343 1180
16 1124
1137 640
264 15
320 1576
1890 824
844 161
1357 1391
1458 487
62 1378
32 92
616 26
744 128
264 824
168 842
352 891
67 657
2046 1244
463 1786
380 1642
1787 826
784 69
988 1960
1388 86
1280 1662
1756 1296
1675 899
1701 980
0 832
661 1126
2010 1132
1208 200
224 680
656 1006
1924 832
1477 187
1145 486
170 1428
1544 312
104 624
1418 1858
1019 702
1586 770
122 1804
1291 1087
95 474
1261 686
976 1522
192 514
1112 1432
670 1844
1927 1696
21 1680
1024 251
1551 1856
1600 277
1258 283
329 2000
297 306
312 1087
1329 1787
1323 274
1642 266
1955 1687
1712 318
1980 1981
1732 695
916 1446
760 352
1082 702
1526 1312
1069 626
1252 1200
576 1501
212 482
1748 858
832 1453
798 715
951 336
1606 930
832 1084
1276 1125
792 1488
290 46
776 1346
1486 707
864 476
1894 1464
81 217
1598 242
1544 916
1504 1024
1712 570
300 1463
762 48
1637 1996
2016 412
476 1652
288 2016
1088 1696
91 1946
1530 424
834 1120
1871 1152
1348 688
1670 1392
294 1860
2032 894
1424 728
326 1330
42 1809
1768 1661
1664 957
1824 1857
1960 209
1420 1468
1378 0
1188 1755
1046 168
1640 628
816 2024
1856 1395
368 866
1868 1301
990 1302
564 737
1962 476
931 2040
959 945
305 144
640 669
88 568
1628 661
512 832
902 1762
1424 1926
519 1776
964 504
784 70
1848 728
1168 370
1736 1276
1132 51
1102 166
44 1540
736 300
1976 64
625 1564
12 132
1682 1428
1569 1568
1794 698
1534 1904
1118 724
1350 528
1596 256
1968 436
1932 969
877 266
1955 1664
596 300
1059 1736
408 1233
207 1550
1720 928
806 1426
387 1052
1140 1888
12 630
48 1014
1852 288
642 299
190 272
896 604
1006 1928
528 1909
238 624
1842 1677
708 1264
1878 1589
854 919
171 1606
1856 40
708 566
1568 1650
90 1788
588 912
1056 1496
17 437
600 2000
1202 1236
1103 553
1953 1340
1240 1961
1053 314
465 1139
1306 1558
1578 1971
653 1932
272 469
1744 1098
1664 1560
528 172
1454 1432
188 1238
1628 223
1754 171
1527 68
145 1801
1310 2030
1347 1880
1064 24
1012 176
1116 1000
376 735
1021 160
1135 1659
184 1431
648 893
296 1892
1412 1040
1280 1062
600 912
1664 443
343 682
171 1256
1026 1346
309 187
377 512
2044 248
1132 1030
1750 150
1824 1520
364 1672
1088 565
1930 384
1216 1302
862 1872
736 1214
704 1988
1780 110
2036 344
1540 880
99 857
946 1361
228 1850
224 1788
1964 836
1596 1472
159 896
1388 1804
1969 1376
1251 896
1820 2016
238 612
190 352
1592 1904
792 134
1814 1692
270 1021
1437 429
981 2033
1700 846
474 722
1410 382
32 907
556 1210
256 111
1934 896
1326 442
1554 528
650 1948
248 1124
1900 1484
216 1467
1824 1968
1928 1082
1824 552
1206 1531
186 512
1496 903
109 2008
87 334
1697 992
1946 72
916 970
747 1990
1142 592
2029 1648
688 1176
1996 1524
1976 1756
402 923
270 592
747 1333
650 1884
1040 1760
1565 210
1568 474
1650 1652
154 1828
1122 838
790 384
1572 524
1558 1053
513 1840
132 304
1364 519
259 63
376 1888
1178 996
1824 372
420 874
1746 822
184 1525
1614 1616
1232 504
1862 1218
157 1950
512 493
289 1800
266 198
243 1586
760 512
831 315
1386 1935
560 1412
836 388
482 1040
130 786
1776 128
768 1121
1092 1046
1436 120
676 976
1068 1204
1236 302
795 1238
1082 483
2032 444
544 959
768 988
1188 632
818 1066
92 1713
558 1763
1696 1304
448 1593
664 1564
1040 48
1460 212
1288 104
336 617
830 704
1008 94
912 1936
600 1615
36 1028
912 1032
488 1746
1378 58
1128 454
632 696
128 1640
1862 2030
1920 1824
1024 602
1921 1614
1081 1493
1176 1189
820 1864
1578 1377
617 626
946 88
1442 296
516 1332
398 225
564 1854
1291 1959
16 1042
519 256
1496 676
1560 1842
1264 844
584 1037
728 1536
1184 1725
1864 1600
56 668
240 192
1123 683
464 627
1682 1136
1799 500
600 379
822 1180
932 706
1080 749
192 1094
1856 1124
1899 656
402 842
1418 1492
1344 1040
1562 542
1714 320
1461 1410
1308 1523
760 2018
820 1186
1998 1186
1386 224
1472 754
1184 1762
944 871
398 2004
1748 1073
773 1860
277 1726
1656 2005
1744 196
748 352
1748 976
899 44
910 1570
1880 187
511 1936
1220 1137
1878 500
1900 1600
1882 258
449 1758
1656 646
960 728
412 152
1680 725
1964 1354
1310 1834
1792 592
577 185
6 592
1240 739
360 1601
915 1688
868 994
132 464
463 1044
1832 704
32 1998
368 286
504 528
594 317
736 368
1162 699
1739 1344
866 1920
1166 1225
582 1140
1454 1066
842 102
782 1716
127 1037
1500 1252
317 1728
149 484
1536 848
1545 384
1614 772
602 1646
786 500
942 517
1002 1832
1552 1638
2016 20
1839 83
1895 2041
1496 1091
562 1328
367 527
412 890
149 128
1363 750
1118 579
1088 668
1700 351
689 476
550 196
176 1024
820 1128
1218 2016
1438 970
792 831
896 962
672 460
1508 1742
1382 60
1884 1568
244 1792
78 1770
122 1243
512 232
132 732
800 1552
2030 160
1192 2044
1560 892
744 543
1668 688
1444 985
64 356
285 752
259 1236
256 568
48 1696
168 1524
1792 1228
1668 1029
1792 376
544 624
1440 877
1792 2045
1372 1616
160 108
96 321
446 1842
1776 1410
1954 1868
576 643
1164 1024
488 1056
1382 867
252 671
760 961
1424 71
239 930
786 1538
76 1562
64 574
241 982
746 1988
758 642
972 1877
1772 718
432 910
393 811
1187 328
486 39
1948 234
780 288
2032 1708
1248 767
1792 729
836 508
1152 1616
2034 1625
1040 1021
188 1602
1135 1106
941 378
1987 21
1868 682
364 1624
304 1496
874 249
1242 1898
421 768
72 1248
955 1853
1526 1744
1586 1428
1503 488
1562 547
232 1011
858 1754
1907 1012
1814 1347
1482 56
1552 1752
1247 1526
1024 505
1202 233
1572 1586
1382 868
1020 1912
444 1537
1390 1581
1490 1701
1446 1944
544 1564
335 754
70 1084
576 1897
1024 272
130 299
554 1312
1106 1787
1368 1576
1808 1362
250 1664
678 1458
1484 480
1949 893
709 1414
1194 1740
104 874
776 827
1630 448
1831 838
782 406
230 794
1384 1086
812 560
1260 240
402 1328
321 1344
300 1257
960 590
560 606
131 715
1176 504
154 1186
1920 1011
1512 446
1304 258
1408 896
514 1975
1808 352
1073 1139
528 160
1168 1912
844 600
1208 1784
1174 1636
744 180
1672 96
749 1728
1840 770
214 1700
965 1439
488 1995
580 1424
1415 916
481 1564
805 1462
1629 1440
1580 462
0 1042
1920 488
1812 1273
1686 1576
1654 1386
682 518
1572 725
758 256
525 1637
117 498
950 1144
620 907
1780 145
1185 1000
1775 1768
1738 1250
852 1358
187 1526
1600 1450
1958 1866
1824 2038
1621 906
480 1548
1724 384
72 1042
594 280
93 1768
920 312
1152 267
543 851
790 1238
740 65
176 1253
1979 200
164 1054
837 307
494 321
710 840
624 2027
1168 308
1852 497
440 2046
272 428
393 911
1836 1736
400 722
480 2000
198 555
1005 67
18 841
1499 1844
1528 41
1926 1872
604 914
547 1056
1811 1896
484 1289
1274 1108
1346 195
1680 158
172 0
867 1260
372 1508
493 453
1372 358
196 1132
306 1551
920 295
1272 1484
486 1784
34 1504
254 830
754 1206
446 1480
565 504
1308 952
2013 364
1200 1936
1628 1472
1244 1356
1780 474
794 946
664 524
1808 612
640 1260
1424 1933
400 744
656 729
110 1825
33 801
1880 1303
1941 1780
808 1212
256 1024
200 646
798 1676
812 1748
733 1304
95 431
1056 1860
1168 372
12 1372
1395 944
739 1862
1950 1456
986 1486
553 288
856 1760
415 1336
1528 1238
592 723
1578 454
320 1752
508 683
1134 1866
964 974
930 312
1038 390
87 1512
1421 135
962 1392
256 1012
1025 1736
1510 450
596 1466
1472 661
853 272
1536 280
1842 1106
670 1700
1888 294
1154 1090
1216 2024
506 1040
1614 832
2036 1689
1712 296
703 1357
588 199
1580 1138
320 595
1116 972
729 1170
860 1184
988 1080
1009 490
376 152
1632 960
1128 343
756 1705
808 144
839 2040
790 776
1285 703
1684 1645
496 36
1695 1167
1075 327
775 1758
1314 199
447 1496
1234 1546
926 1456
488 1945
167 1648
608 472
153 1620
297 1422
916 414
770 256
512 1892
236 1227
624 1320
1280 738
2015 416
1198 1790
710 1088
592 1720
1324 1546
1448 760
356 1035
448 582
895 499
1124 1617
1568 1603
1048 1245
1328 1988
960 760
884 686
1488 0
1131 1384
1917 1938
1595 15
1356 77
1336 1248
1174 15
342 957
1199 1252
1859 1240
1536 2024
1417 1856
1188 584
405 1941
1240 516
96 1921
812 1152
364 1406
1132 148
1558 258
1988 660
1632 171
1196 1944
1321 1108
1960 74
594 1773
868 108
748 1011
180 589
912 1596
422 848
452 16
1700 1442
600 376
1024 1366
562 526
1335 33
1265 1492
1536 850
1512 1
187 1160
1024 1673
1928 956
1274 100
1985 488
164 656
604 280
1686 942
843 176
1661 852
1207 409
405 1408
1758 704
1074 972
336 844
1708 997
662 1871
1280 714
1156 460
1790 600
117 1664
712 452
188 1660
506 1576
540 444
1520 2022
691 696
1024 464
121 618
236 66
686 1420
1168 2016
598 208
998 868
1352 1103
1880 1160
573 777
568 1806
313 707
358 808
464 765
1083 395
1415 1956
803 266
344 440
1572 693
1085 592
352 541
128 915
1310 384
777 376
522 1585
212 522
804 1328
1125 116
582 63
202 824
1525 100
1256 662
1152 351
1208 2046
804 744
933 176
1878 1248
1644 2013
28 1156
1339 332
1854 1896
1670 1398
1864 188
1484 96
1958 104
1760 361
2026 256
1916 672
1436 396
1300 497
378 454
1569 1264
1256 1744
738 1208
736 180
169 192
928 1340
990 1444
292 1362
610 988
254 915
1925 374
233 1325
568 1588
304 1494
1862 1596
1957 1098
872 1568
1593 1524
1216 1043
1424 1928
1865 1021
480 200
1601 1088
1216 1464
1200 506
546 99
1652 964
1030 147
1382 371
167 308
1712 819
1812 1672
416 2027
1236 1414
1280 816
1143 128
597 896
1420 830
548 1252
974 277
1786 1101
52 1528
852 208
1280 670
1462 690
1440 1612
2042 1514
1040 836
320 759
870 491
1962 648
596 1912
1244 300
1380 1089
156 867
1783 294
306 1383
1632 1892
822 1775
1024 2040
1020 52
538 1122
1324 1517
1185 1907
2024 1496
150 228
1588 1568
1101 1040
1708 613
652 168
656 21
928 1325
124 760
1356 1676
972 916
502 712
1478 1352
1336 1844
1764 1904
724 743
1609 264
170 1536
588 242
488 977
357 1807
1616 774
504 1872
1649 438
262 512
1589 160
89 320
1356 1167
736 1600
656 468
1196 753
2016 486
320 1794
395 284
326 188
1259 732
1512 960
774 2000
698 949
718 1224
414 952
2013 1414
642 4
146 550
768 700
664 1392
1510 1596
638 1481
1568 649
688 1498
424 1078
1433 1120
1957 1120
1260 2
1075 748
944 383
143 1662
463 1808
1668 63
1632 1777
912 1003
533 912
822 160
864 666
711 1502
209 1908
912 1296
64 379
975 786
1096 1157
1269 770
2044 1280
972 1034
340 301
396 1197
604 410
227 1066
320 1736
1904 1738
1462 1056
760 1788
1566 986
2011 1280
726 803
998 549
2020 1507
18 1403
712 224
587 282
1225 812
502 1272
672 1826
758 798
376 480
734 1289
1110 1899
732 860
380 269
636 1271
1664 1997
868 372
1522 1912
1268 552
1057 1472
208 343
878 1264
1186 2014
968 689
1174 43
1192 106
1022 50
305 1796
353 1985
689 1522
1188 1608
592 960
273 727
715 860
1186 1864
1605 686
168 688
1488 1336
644 1486
210 1844
1363 1704
1536 1573
329 567
344 1790
1966 1028
1691 1920
1358 1280
1154 84
1244 1645
192 1392
1823 1948
1512 388
1891 1152
582 1948
1104 475
1056 524
362 0
1474 1776
537 112
1939 926
1386 938
981 799
752 1120
686 1660
48 824
1573 1668
1464 168
1674 720
1524 1872
1651 1318
32 1026
726 1281
2029 1904
1616 1908
1762 1057
1367 221
760 1746
1779 1204
23 380
920 1274
497 64
276 1760
538 1447
351 10
490 872
1344 768
346 1400
1836 2007
1074 1856
1851 1512
234 1419
176 1611
1649 176
136 1737
458 932
672 1753
1682 1946
887 1024
1396 503
1992 202
1648 1220
24 1477
512 729
1896 1595
1654 164
654 1071
1248 1200
33 1538
588 1024
1916 105
1122 1935
1872 1946
1262 1548
760 1404
448 309
1822 506
286 1105
1920 905
420 924
20 646
1994 1364
1365 1236
248 1110
448 1632
903 506
6 1604
737 1025
1896 981
1888 1459
843 1470
168 1224
936 2042
10 248
104 959
1776 688
79 1939
1394 1152
1204 1014
217 1286
1110 488
350 371
1778 340
816 704
1569 1538
405 226
1733 676
1200 1112
1039 1673
2035 1928
923 1472
401 1376
961 1764
96 1126
916 266
81 1782
1744 576
684 1952
1679 1111
1905 512
1375 1992
976 568
626 1348
1799 754
1262 1374
916 476
1579 1590
211 92
1705 572
656 1296
924 316
1512 494
1590 96
48 1198
856 56
872 740
1366 406
30 490
512 1712
1254 520
28 1292
804 1146
1840 136
432 1296
1968 1550
424 1296
1764 208
553 934
928 1332
1088 459
1648 536
296 1328
298 32
59 1824
1627 1424
1416 1752
1392 1216
1664 802
680 1450
386 1644
1756 588
1568 186
1896 1590
564 116
926 763
204 1698
1148 1629
677 960
544 337
956 984
848 360
926 1877
1696 1968
984 1689
576 620
1580 1348
1530 25
220 1112
300 914
1548 462
1383 1298
1524 1585
332 1420
1141 442
72 1926
704 1880
1166 440
540 1693
1254 1282
151 96
1333 478
106 976
628 921
722 1428
1817 1762
1258 1479
1998 1204
945 448
379 88
454 430
732 404
1306 736
628 856
1657 702
1693 849
547 146
1696 536
102 816
885 152
2016 2036
936 182
1855 1275
1280 1760
560 1374
120 1426
786 1412
1214 404
1716 956
501 758
488 480
985 368
1762 1280
510 1066
68 105
1878 1712
714 32
1509 506
344 1758
876 140
336 1114
1378 1625
228 98
426 799
1240 1210
1658 684
85 20
808 560
1580 1904
810 1824
972 1896
1622 1066
416 1792
1716 106
494 847
1814 469
1910 584
908 1552
1095 352
639 840
1182 1280
1839 764
707 1278
288 747
216 1797
1376 627
1156 565
312 1226
540 714
461 328
1086 1978
280 1148
111 863
360 72
1900 1365
2016 1156
1458 60
1552 256
18 1778
160 1881
1075 1689
638 864
1232 1043
1348 580
504 1204
1484 1253
1936 298
1132 1954
420 295
1136 246
333 636
326 612
684 1530
1842 554
1167 751
526 1063
145 777
1131 56
576 1152
395 424
83 1343
539 148
2046 1195
1363 2008
566 392
378 1346
199 710
752 660
1385 604
210 562
1354 1856
885 615
402 316
1780 14
211 1276
89 1712
1608 2008
990 440
1046 1244
685 418
1392 1410
1936 41
704 1848
1415 128
456 1492
896 961
962 1834
1256 312
919 986
1544 1768
848 1072
1688 1664
1502 622
1780 1525
1736 1123
942 366
1200 588
