1000
0 0
44 240
253 378
268 37
128 353
156 385
440 360
160 162
460 474
63 186
292 406
475 245
128 284
248 88
508 458
208 171
72 282
434 506
2 326
132 361
13 374
387 503
501 510
228 455
448 191
192 116
230 460
295 144
149 384
150 447
0 377
328 508
368 342
410 32
460 180
464 183
361 154
225 335
300 278
210 450
106 297
172 144
12 430
292 124
275 370
0 346
284 172
272 482
421 16
100 486
240 482
322 143
460 82
191 298
150 192
400 223
17 301
140 258
409 95
464 324
350 194
392 56
36 316
204 497
482 18
496 28
373 192
324 406
340 503
53 188
367 115
74 388
76 0
236 470
256 128
67 63
320 486
281 456
155 394
19 76
264 156
472 236
360 170
129 294
292 272
117 376
306 258
172 349
14 154
250 492
457 37
411 300
60 501
168 202
328 220
179 40
504 84
328 320
151 292
154 215
256 78
328 80
234 411
268 260
468 192
120 412
61 460
357 393
362 0
320 50
81 244
323 232
172 324
484 368
120 105
276 448
467 384
440 467
320 489
128 250
144 76
184 160
432 66
396 110
50 244
26 381
158 12
282 488
60 314
214 81
9 423
121 218
324 61
22 226
256 40
104 34
386 46
24 390
142 381
88 368
442 81
128 194
104 136
497 464
308 468
301 160
188 110
264 122
224 352
310 316
296 367
137 65
497 6
410 291
112 112
379 194
312 416
116 114
368 461
352 312
317 64
466 42
75 240
192 152
56 448
238 28
272 492
320 470
217 80
119 232
48 88
205 51
85 25
319 223
172 398
384 176
484 462
420 415
410 117
355 264
198 15
128 192
63 398
168 318
60 29
48 118
55 148
72 479
118 24
301 288
180 482
268 416
386 396
496 96
44 429
60 352
172 152
492 388
142 176
52 274
12 212
362 27
34 470
352 284
248 280
168 114
8 344
38 396
45 160
80 220
509 414
223 455
101 343
258 376
224 378
428 49
474 37
484 16
375 468
256 338
54 56
427 26
484 30
88 331
304 152
69 74
432 107
441 190
480 377
425 104
355 192
133 259
494 226
88 358
464 279
473 96
243 54
80 264
408 354
113 72
292 327
260 90
80 327
128 459
68 232
427 68
56 315
430 272
468 495
352 103
198 34
358 124
153 186
464 186
336 298
312 300
404 283
128 152
20 422
384 487
309 408
133 144
72 128
105 348
3 440
98 384
96 381
128 380
263 432
0 60
231 128
291 130
434 160
448 400
396 312
25 180
24 112
237 138
350 200
347 388
391 108
51 477
124 326
464 93
102 249
486 234
396 200
76 140
457 172
24 222
292 104
229 462
361 140
200 100
104 286
368 14
500 20
424 458
198 218
463 218
344 284
448 153
436 394
320 337
453 74
344 348
140 18
408 432
68 502
457 306
368 28
462 310
7 218
358 93
5 0
284 320
173 50
432 149
464 410
475 192
236 355
402 216
19 399
79 384
28 114
104 26
414 59
107 340
128 378
161 112
102 436
402 116
59 422
395 410
272 488
372 366
120 272
344 432
496 316
24 400
309 146
48 232
0 356
340 28
269 128
88 128
16 11
115 428
296 362
192 352
410 182
326 367
187 485
450 41
328 214
375 80
335 408
167 168
472 36
460 227
363 392
49 253
481 24
30 264
486 386
64 23
434 63
56 20
220 44
368 336
349 0
172 472
308 32
66 3
396 104
408 312
2 187
7 196
334 372
272 282
152 383
125 508
160 420
440 140
163 426
30 267
429 4
344 294
430 8
180 326
216 214
400 64
160 250
117 384
505 20
424 489
119 276
378 456
148 136
137 108
193 146
294 254
242 144
412 282
277 178
380 60
128 127
484 398
254 424
144 125
336 374
471 368
152 0
236 408
118 478
204 87
369 290
232 256
326 104
376 508
207 302
456 354
180 386
72 111
136 104
340 428
24 370
316 184
377 409
329 360
498 322
328 400
0 462
260 104
307 244
144 216
337 384
336 452
348 176
68 209
408 128
268 368
492 400
0 259
111 2
154 154
22 484
24 73
114 151
152 438
508 216
501 384
410 86
112 28
60 256
449 115
234 70
45 496
482 436
378 117
235 492
468 198
140 128
391 141
12 232
36 248
356 371
480 218
352 495
172 134
386 496
62 400
92 448
448 38
436 35
124 107
28 256
452 391
447 336
294 256
296 422
424 128
404 200
0 359
266 509
286 24
456 254
132 292
180 398
52 338
385 282
124 120
396 429
404 255
8 464
425 368
304 478
208 8
434 293
294 212
435 448
358 192
485 497
244 430
416 389
462 323
104 231
249 136
338 220
135 380
276 382
40 464
506 60
376 200
382 98
42 8
312 30
296 402
429 485
462 36
440 40
204 430
32 120
329 402
465 170
197 382
122 192
221 80
403 95
180 266
110 140
417 128
336 175
232 440
176 346
359 464
356 1
254 388
36 216
392 265
303 70
402 95
216 116
245 271
250 224
480 108
502 366
155 384
496 397
321 426
70 184
475 424
64 112
290 72
50 256
300 188
216 156
406 264
344 380
313 36
62 352
440 410
405 370
42 256
496 48
352 222
36 141
14 38
464 78
288 44
199 138
79 294
52 193
264 262
416 354
266 468
270 121
256 477
438 144
3 68
379 315
74 98
378 124
414 369
111 320
98 42
80 100
306 424
280 132
282 464
188 328
147 324
504 444
76 72
416 160
260 500
0 392
497 330
268 315
252 96
168 364
10 100
90 81
364 500
327 215
482 36
200 360
400 320
306 108
62 24
146 178
15 239
272 34
440 160
384 278
446 443
371 264
6 32
400 68
42 494
71 329
25 350
59 382
336 442
236 357
316 235
444 19
416 401
414 380
165 440
50 132
180 446
400 352
428 67
12 142
448 56
338 448
400 436
500 128
332 416
263 35
502 510
185 431
478 447
114 108
169 0
334 110
182 40
384 257
46 144
424 357
88 22
503 366
463 1
12 399
192 378
122 350
93 482
236 176
346 280
168 28
12 24
410 506
190 320
254 44
127 140
120 434
332 322
243 197
289 296
250 208
32 154
64 379
195 245
337 424
365 108
60 251
419 266
384 500
106 500
142 457
74 328
288 253
368 406
74 394
42 294
175 361
500 364
348 497
120 363
354 0
433 98
336 61
281 24
500 95
283 286
364 360
272 108
430 102
80 366
359 152
234 326
248 256
380 467
300 123
318 248
228 256
308 380
96 106
474 160
297 256
219 415
20 294
376 388
96 298
104 76
296 510
66 190
93 286
288 92
178 372
480 16
448 334
432 82
456 492
90 180
444 371
442 480
496 330
96 400
280 244
383 54
478 412
435 272
172 82
468 76
416 91
140 452
48 352
340 284
177 224
210 392
272 107
428 16
28 405
3 41
366 228
224 347
118 308
128 226
264 204
492 190
38 436
149 65
110 2
32 126
164 480
338 286
381 384
213 224
209 69
400 334
0 416
212 494
466 90
384 236
206 472
20 126
164 240
338 85
124 202
123 426
6 455
318 324
265 464
65 330
234 284
228 299
164 316
171 16
239 372
304 218
484 34
86 453
268 431
222 274
322 220
443 321
30 94
416 187
16 480
293 49
96 498
416 0
467 56
62 0
288 70
21 422
230 354
330 260
368 13
236 493
79 26
201 260
124 268
352 276
199 154
352 22
416 449
352 304
472 348
480 0
221 133
120 128
229 487
164 432
369 225
42 292
296 318
45 436
398 120
473 144
104 224
234 0
347 297
178 30
32 384
400 82
480 299
107 148
488 138
476 150
341 375
98 48
144 394
379 151
12 400
30 464
44 504
480 202
232 163
267 280
290 188
477 84
464 189
230 232
162 174
428 182
408 160
40 30
388 350
279 306
98 292
260 204
358 132
464 146
137 146
196 168
403 80
248 324
164 182
94 97
109 291
496 394
32 360
98 96
431 254
390 325
49 82
304 236
296 344
204 80
372 273
161 320
150 245
253 360
288 151
474 249
16 80
424 344
372 382
109 392
200 279
358 304
161 64
371 384
280 438
246 493
241 182
210 178
240 402
508 6
178 134
322 144
16 384
171 66
14 341
292 472
106 320
40 382
240 12
114 316
297 234
470 110
88 232
408 305
290 74
124 428
446 474
504 272
202 20
263 207
300 380
216 143
22 446
24 384
207 15
68 346
223 148
56 384
440 223
286 478
368 424
488 385
122 75
112 390
72 200
384 496
414 286
60 290
265 312
81 142
198 215
222 447
84 140
232 464
265 459
234 205
474 478
112 224
382 222
178 438
250 280
446 252
204 16
20 238
95 504
250 288
179 198
105 16
482 252
81 95
473 241
218 322
412 254
442 80
195 219
52 90
445 302
83 114
64 417
345 348
504 190
156 344
0 12
468 419
16 351
323 355
57 106
38 213
272 48
199 95
474 473
436 182
434 368
483 192
250 300
64 318
184 310
213 360
128 288
224 183
494 448
124 368
363 54
496 116
356 267
201 265
67 464
246 196
242 68
196 114
39 186
420 227
180 116
210 385
24 245
445 326
280 338
122 112
