10000
1831 1472
1094 681
1611 1053
920 1132
193 84
505 335
1224 1286
717 1330
436 568
368 1732
1770 1105
669 768
1088 527
1571 346
1420 585
1067 1230
1120 970
1848 1879
700 1689
469 1381
1549 1970
724 1472
317 384
1606 910
696 1567
684 1153
1606 2032
1264 200
369 746
1612 769
1250 1744
1945 808
871 1118
1843 128
1771 1604
1833 704
192 2034
1786 212
332 225
357 1300
338 1240
1152 312
203 630
660 1688
2040 1895
579 1324
152 704
464 1470
529 1742
668 1764
1901 2036
1696 276
251 311
752 6
565 1992
0 1616
1742 1262
434 864
1230 190
327 1896
1822 1265
806 872
2010 1360
1159 1320
624 272
1096 256
2006 1910
1879 112
1676 1068
454 674
388 1730
1975 806
648 595
588 893
1144 19
940 407
284 256
351 1813
1710 1247
865 72
970 207
1552 840
640 198
560 1748
1603 1846
583 1928
493 1071
832 1957
752 1153
884 969
1780 566
388 535
628 752
1120 1993
880 824
1451 1700
572 61
928 898
384 528
1276 554
415 878
1631 944
320 36
1398 694
1136 1139
1880 1180
688 538
1987 1505
1942 480
366 1124
656 1598
790 2011
1371 1264
1254 399
1780 842
2003 2040
516 1208
1786 328
766 668
1614 221
818 330
47 88
1029 1177
1028 455
952 322
896 418
1532 42
1128 1870
1128 1422
1258 1326
866 48
325 1202
144 1132
300 1506
1364 1980
196 1064
1340 796
1033 227
1254 616
1500 1623
1828 429
379 14
2024 1004
1654 1984
1411 1094
1729 1744
264 232
1164 398
113 776
1570 1558
1122 461
1880 520
1450 176
1611 656
644 189
431 46
768 917
26 704
1592 1918
992 2041
1624 1696
500 240
1123 274
1670 1615
1775 1304
1145 1304
917 480
1079 1622
794 1128
1108 1280
1643 820
1152 412
1671 32
184 338
462 0
1842 814
1851 576
1832 1904
1482 1027
1778 1524
1955 768
968 651
56 1840
1394 1932
178 963
510 576
1946 1775
150 256
1994 1120
106 1616
348 146
380 1499
52 250
1748 968
1727 324
1625 846
1407 1012
1169 1852
1838 708
83 302
248 266
1868 492
932 1232
312 122
474 922
1186 2027
425 1264
454 926
1431 66
1406 948
1536 1232
1805 72
1034 976
944 1773
1652 1698
1464 78
1810 552
1540 1278
1632 1470
2017 1792
1498 608
1019 1296
1636 812
1944 1692
746 1656
1792 1752
208 336
1452 80
129 1433
688 1342
925 955
806 268
1792 1927
1696 1984
216 503
786 1166
1468 278
1796 1768
402 464
928 1156
200 941
1990 1088
1994 889
305 1831
527 833
564 1226
2026 1792
1952 928
1512 1904
1946 1563
222 428
220 1364
959 728
1845 1888
1824 10
64 1786
947 225
1656 1086
1117 800
1124 2036
715 788
462 1268
100 1590
1532 442
396 1840
1830 752
528 973
1355 604
1508 1903
718 623
796 1758
1360 1686
1402 512
584 1688
824 1057
1142 188
409 1806
199 1284
2032 186
768 466
989 1478
909 1568
172 2043
2032 1517
2040 1408
504 1964
104 657
1088 675
320 814
859 725
1801 543
1728 382
485 639
989 12
9 1039
648 136
368 226
1173 1972
0 1732
399 1470
1808 1308
0 1784
1564 72
223 1416
1028 572
838 1280
1362 1393
236 1873
2025 1565
1476 1856
602 256
28 58
214 1484
1366 924
884 1952
264 1130
950 1034
1704 1916
84 1924
1914 1582
672 589
621 1779
411 1620
1918 1674
1664 164
928 1584
1174 921
1240 80
106 1931
736 568
1208 1544
956 142
678 1575
631 902
663 1853
1352 1086
1392 1525
715 464
1859 544
409 1946
984 257
120 382
515 1460
864 1518
1368 1062
1158 12
1235 29
1792 1764
716 1395
96 2006
516 1008
1936 1296
670 672
378 675
1124 1110
684 118
760 1551
242 1002
1970 276
1720 1276
1048 1364
1009 278
209 70
174 707
1780 1086
1328 586
1608 1412
427 968
516 220
368 1915
602 2044
0 1654
895 91
163 1482
1490 1984
1318 100
506 917
356 1598
1583 1108
892 302
576 1520
374 1604
2003 540
1799 1636
1187 1789
1766 362
2026 1831
1112 944
1883 1624
740 1324
367 1993
1536 1593
1379 592
249 1244
369 860
1676 88
1672 816
820 372
2016 1936
766 926
90 1054
1159 1026
296 753
1103 1247
399 2016
898 1724
580 1982
224 765
1474 1609
128 1099
1500 942
10 182
952 1351
673 1651
472 1280
576 1226
376 765
1282 1248
1044 2008
1103 1120
131 649
1732 1458
448 1332
880 304
363 1986
2010 848
1952 352
1412 1860
1506 260
166 1816
250 672
1882 316
796 1584
208 1728
64 1800
1740 1176
1164 142
2004 1618
630 875
1622 1528
2 1865
144 1164
718 1710
526 1102
1962 1617
896 1208
1620 706
216 1804
1216 1710
1543 480
1022 57
401 1622
1582 506
1919 1601
712 832
40 638
1544 756
1464 1888
1596 629
508 625
379 1990
242 1784
1672 160
108 480
1543 1503
1426 1307
608 1443
1634 976
2042 276
1250 81
734 1326
314 610
200 1522
220 742
990 212
387 332
32 498
1566 1520
1770 1112
365 1604
95 1103
1453 596
1480 1408
584 1686
427 105
1718 911
920 1808
752 1280
587 1292
1552 710
1369 1362
1656 645
2044 0
764 1974
1634 160
1362 272
1536 1306
664 2016
1167 1482
224 679
1874 429
1656 110
744 1742
62 1112
538 1517
1951 390
1084 19
1856 1556
232 480
1130 1073
304 1540
912 731
968 358
1320 1384
1208 772
889 854
1279 1536
1983 680
291 1376
983 467
960 1852
1232 1856
863 832
1019 1348
57 1094
1832 1712
1728 1272
1432 1600
1928 544
1781 48
922 1440
1605 816
966 928
2000 2000
194 966
203 1731
1736 743
1316 1585
1436 1363
651 1317
1332 1766
2000 960
515 576
1728 873
1990 512
1962 182
1748 466
980 1408
288 1392
1770 1268
1987 1304
1856 422
1526 806
796 946
264 204
1544 1933
498 1354
994 614
176 1032
2004 1384
296 1491
1579 1545
1181 960
1792 1918
1775 1817
376 1472
1600 1058
969 242
1444 804
910 1449
1465 869
678 1847
1876 1816
368 1876
768 1234
1092 192
564 1822
1122 978
712 512
251 231
725 98
1001 1857
1067 1296
1862 696
1628 1260
1729 798
932 1108
1006 444
1880 1353
1528 1026
164 1732
1728 1700
1056 1786
1639 688
324 2032
325 1150
1390 559
1934 1560
596 94
558 880
1230 1804
1930 1202
1436 1562
277 1368
1097 906
1839 313
1274 948
1328 252
1160 292
288 1814
738 1334
196 956
1424 655
64 669
1391 560
984 1368
460 1760
1912 796
1992 1360
720 1752
346 500
901 168
1828 128
1103 1432
1403 1408
1269 812
1510 1498
976 616
592 1410
809 310
1198 868
444 559
740 718
688 482
470 2030
1288 1343
1330 666
1856 1840
1546 1199
723 636
1184 1678
960 980
1530 1750
1356 214
22 1767
1406 1605
1524 1398
1828 1934
718 734
1577 1708
200 240
1405 531
568 1594
832 862
1917 586
440 1024
165 1158
16 1650
380 1361
1884 240
1236 827
1026 248
156 1181
553 1788
1806 284
1852 995
1386 1884
1032 1884
608 1531
76 1681
1536 629
1307 1005
1280 1623
168 1685
1996 352
1912 1560
1308 1038
1884 668
878 965
244 692
1290 1649
968 1251
1774 746
1866 1811
214 109
477 879
464 826
526 1336
760 1532
1688 120
470 214
486 86
4 205
1320 185
752 1968
1528 194
1472 614
62 1210
1400 717
32 636
1208 1248
1610 1104
1576 1572
1936 1712
1644 915
792 1635
1824 960
78 1424
196 548
1893 660
1284 1254
838 521
310 236
384 1016
1100 308
408 482
378 1328
1104 1074
1148 1216
1140 1679
1808 603
1648 1116
1878 842
1720 1067
1010 774
1782 0
532 292
1944 196
1071 1881
63 1892
484 696
812 284
2045 1903
579 1038
1044 1659
288 1368
222 46
845 1018
1406 1410
672 1888
1769 796
660 1590
359 1440
485 1714
483 1520
1198 1044
1138 1746
1327 600
1502 1
1899 1984
1180 1152
985 488
1964 305
1628 1691
712 1362
32 1848
932 1707
1416 622
1930 1526
279 1700
1540 1367
858 598
656 1756
994 1949
72 1552
768 279
1242 1416
714 1280
1413 1718
219 2013
1264 792
1674 1480
1694 1082
2009 717
706 1713
1320 1777
728 348
1341 1077
351 2000
856 1274
116 520
292 1194
1361 773
1344 392
1184 1676
726 671
1638 1066
634 1092
75 571
1432 342
66 1504
1986 1990
778 536
1308 923
556 1224
128 614
1204 254
1480 400
1240 1384
1754 2032
1426 1508
1616 1976
1217 1410
1973 1786
240 1956
960 1270
907 1412
736 1728
320 1896
1640 1924
1448 457
1288 2012
757 745
723 844
1308 1638
1938 1782
1016 917
402 1708
577 444
546 1846
1021 1596
1952 11
925 1192
1670 295
368 1824
211 128
1278 1768
1920 1307
198 1568
486 557
1976 1067
384 1212
104 1574
416 514
1034 974
1614 1124
1552 83
1254 1940
1052 1900
88 1379
1645 112
440 224
1187 1453
459 1628
2021 1992
901 1492
1915 580
333 1061
77 1304
212 2026
1799 1960
936 1293
0 126
1900 426
1608 304
1240 468
1740 618
1664 1232
1244 797
1648 1288
72 921
2045 976
183 640
1362 1517
1330 840
1840 1968
1124 190
511 931
1776 451
1341 52
1749 1456
537 979
620 1274
544 979
1408 837
760 487
1488 92
1517 932
1420 1622
1198 924
1536 193
716 92
1890 1348
25 140
211 1276
1288 1227
784 1340
256 1408
1516 688
1786 1868
1883 1154
940 720
2044 457
1324 732
1120 64
256 644
73 1860
452 1440
1045 1676
1576 1754
1553 430
1920 452
373 907
71 1380
1588 1566
1786 1056
1369 1700
1142 1541
662 616
395 1102
816 1888
162 768
1442 242
1104 548
61 1950
1810 712
194 1136
1478 326
1932 966
1364 590
361 938
1225 1970
1970 464
285 1487
1756 373
1208 1166
608 1176
386 528
1830 464
1828 2006
1607 544
1706 0
775 444
2041 120
948 812
1035 1976
665 1061
1826 1371
1249 1947
845 232
1663 480
1796 1334
1022 675
232 1784
1013 763
66 1232
1006 1597
1746 1448
0 1584
7 264
1696 1211
693 18
1528 1524
2044 796
74 1800
2046 1744
1258 1533
684 1204
259 1120
44 555
1165 1712
978 689
656 1519
1916 694
258 684
936 98
553 1945
1276 1806
934 1904
900 396
1024 1893
1140 1104
1163 470
1083 1830
148 968
552 1427
1822 784
1286 1806
380 842
1748 1190
1248 544
1686 1328
24 695
1592 222
76 1174
1920 1761
51 418
828 1852
1244 1203
1612 1956
1352 468
1513 596
1476 148
590 701
946 1408
1259 1409
1984 2039
1306 920
914 190
85 779
308 1140
311 1342
1720 152
1545 1414
1387 264
48 1580
1376 1363
658 32
1782 32
1900 570
2020 1072
259 59
1552 1048
1036 1736
400 407
491 1380
660 1664
726 624
1566 352
736 832
1325 157
720 1833
1062 2016
1772 128
1314 1280
708 1884
1717 1250
522 1124
621 1536
214 128
1512 1504
1930 2000
504 1456
887 1348
1760 90
1824 1330
135 1642
77 1423
1760 1894
233 1790
1882 42
1924 1858
1568 920
816 635
1761 426
1060 1822
704 1760
1138 1928
268 1088
1880 1876
1914 808
1104 1693
488 474
1549 1045
768 1549
19 1964
1050 370
1263 231
1487 1393
1656 711
463 1728
632 646
1346 638
240 743
294 1280
1744 1906
444 578
1544 807
531 746
235 848
1222 1218
430 1432
1200 1210
1272 1672
1248 1864
1720 1656
1283 632
648 658
887 1943
1256 1560
1426 966
27 67
753 2044
1556 2036
184 2028
1992 1848
339 952
1757 1844
219 784
925 520
1942 672
1252 1648
1036 1613
1854 904
1121 420
8 1792
1016 1272
1976 1291
1336 892
22 452
1638 1816
1258 1156
112 1128
681 689
126 2024
614 552
1765 1808
1297 779
618 1019
102 1501
1848 164
1681 88
1954 1515
1496 205
102 1988
1570 498
1238 1889
916 406
1229 1408
2044 297
1042 1816
736 249
1456 916
166 216
264 1603
664 976
1738 1603
786 1703
493 1704
1237 64
1396 244
1446 2035
745 1312
1814 154
839 354
1244 110
804 451
867 721
1038 1232
708 1463
881 308
724 958
1273 243
870 96
457 1910
1536 1240
768 920
956 465
1742 835
1288 1624
599 709
1064 1613
318 1808
660 1834
572 994
1069 0
460 523
405 1804
1380 227
1030 1024
1512 808
1268 580
1766 1748
1866 996
190 304
1488 1576
1492 1071
1136 1351
1624 2040
1764 208
506 1092
736 871
181 1041
534 392
207 170
1115 984
529 1086
1436 249
1449 1917
1812 2016
1055 1436
1525 1024
824 280
1594 584
1059 1072
1786 168
1918 1172
1644 240
980 1150
1880 160
2004 1007
132 1358
408 1428
124 1704
1294 1874
0 748
1630 1480
236 787
392 1203
1536 1117
500 744
104 0
1028 76
1920 1033
1908 1051
312 737
1992 932
44 1640
931 508
1023 1979
832 275
284 7
1596 352
981 1750
925 1274
1617 1516
256 576
1161 803
1294 244
100 276
32 981
1756 1956
353 0
289 1296
284 1640
310 1240
616 1592
1550 1094
1822 1542
1654 1216
1349 1102
1170 616
1026 104
1772 1747
209 706
2027 2024
462 1568
1000 1541
1 634
1604 676
1349 208
1216 139
1099 550
1160 1490
1192 1941
1226 544
340 1728
1216 1582
1897 1607
1496 1984
1475 1001
374 745
1360 1352
868 136
1428 490
1712 338
1674 1184
1144 706
1586 1132
880 1892
321 1380
54 1232
500 564
554 968
1113 512
2041 772
1624 1141
576 61
1041 1752
179 700
243 300
566 1408
1100 1200
782 1888
698 2014
604 1379
1158 404
1044 271
1368 1377
174 701
54 1357
996 1038
1352 1440
1058 976
2036 904
638 1541
926 1416
418 2
1990 408
672 970
1564 1928
1560 104
1150 640
1536 126
1899 174
834 1298
1436 490
0 64
1484 1036
1923 1776
1591 848
137 2018
500 2
1010 472
1662 1300
1450 80
622 1272
822 1712
186 797
478 1174
148 2017
1621 1559
896 19
1406 1905
480 468
320 505
944 1960
175 288
17 1903
692 236
2012 1754
1154 756
1768 1820
1288 668
1961 1650
1296 1474
1856 215
920 376
1160 1692
73 271
1060 1908
66 1664
12 305
1630 1537
444 1080
950 430
1060 1425
2005 686
676 1066
1510 1133
1424 824
246 600
1165 628
784 1465
1910 1088
1098 1456
503 824
932 883
1932 1016
1936 1376
998 1880
123 1359
606 1896
1034 232
20 64
1704 953
616 94
1504 855
514 1015
264 666
2024 1176
1498 1320
692 2002
856 536
130 1178
145 1396
60 1194
568 552
2022 102
427 116
1618 798
106 1002
248 1066
1668 778
5 687
709 1464
1316 291
1168 60
970 351
848 831
116 1912
164 43
332 615
1243 1699
632 2024
510 0
1256 896
676 976
1072 1271
1280 8
572 1197
800 1432
851 1028
1734 144
1515 1546
980 1691
336 1412
1664 380
1284 124
1863 1446
1094 31
24 1005
2 672
1632 997
840 1695
1856 1418
1973 344
788 248
1269 1132
127 1459
379 864
409 1224
1404 1159
1944 1427
82 1510
181 1212
1876 1364
16 1112
600 1479
1422 596
1408 181
772 850
1748 1578
465 4
2024 374
1700 820
987 792
1483 1112
780 481
65 24
219 411
464 575
453 128
572 1116
768 366
724 1584
56 1983
837 912
1114 825
800 568
6 1624
1792 513
291 1608
1876 1223
256 216
1500 1719
263 1112
1938 1886
1974 737
1364 753
319 656
1361 255
223 1120
688 418
1226 858
1693 406
618 642
322 254
610 2030
1059 1556
1705 1113
83 520
1172 1014
492 583
1512 1635
1174 1040
1856 168
512 2047
1066 1424
988 224
976 356
96 937
512 270
1168 1448
859 717
1284 328
164 512
816 1264
851 413
1680 1952
128 534
945 1800
1056 1922
1516 633
1259 1476
360 1959
1830 908
1210 1814
1184 1820
1604 1960
1890 285
26 1928
1528 2032
2033 1297
631 244
1222 1462
680 974
1292 224
504 214
1362 766
1289 1168
1757 1284
1279 726
1192 176
1050 1671
552 1308
1302 1936
1875 1768
406 1060
1606 1216
734 1772
175 1494
1001 340
728 1487
108 1592
1268 1046
730 458
1678 117
1068 1993
82 56
972 1166
890 781
1739 790
864 1098
612 480
700 86
1086 1913
1002 484
1199 1472
369 354
1992 502
416 40
1232 918
1361 1440
846 547
1896 973
666 891
624 1596
202 1938
517 1608
784 1338
67 1291
1957 340
386 1792
804 1244
1234 1662
1929 1964
1344 1308
1632 156
1252 945
153 1028
1864 1954
390 288
1088 579
60 772
1192 153
1707 2021
1238 2016
1342 2047
180 550
791 1246
1352 1187
1422 1045
1860 1544
1764 48
1035 116
1491 684
180 1854
216 188
1638 743
1312 1040
1356 195
1323 960
1696 1932
2026 72
1840 1298
1048 60
1689 788
1944 1700
1936 257
1152 1166
538 1728
960 844
974 641
969 1052
1764 1708
2002 848
724 59
1264 228
1290 1459
159 502
1491 1676
1680 24
890 1412
1880 568
480 1580
667 200
368 1869
1375 464
287 1708
934 1274
751 1436
333 1094
1292 692
1089 904
1554 1552
1964 1444
2008 852
1268 1133
105 1944
1900 1165
1450 1362
1885 982
531 1488
1846 1687
1776 1792
58 266
1048 105
310 2036
2032 560
608 1792
912 1159
352 912
1024 1932
32 986
1276 452
1270 300
1896 1728
1688 756
752 1099
370 426
1474 279
636 1792
148 731
915 446
540 1718
892 786
800 788
423 512
726 415
32 1211
862 1268
2000 1248
476 636
528 392
1436 1660
596 1970
720 2018
1404 890
76 1644
1024 1795
1844 113
1550 1957
1690 1851
375 1993
1052 1088
1385 248
383 1586
826 270
1728 531
1380 1934
496 1790
1449 75
632 1679
236 672
90 2040
568 304
1669 896
1868 1238
237 1090
1278 1572
1136 406
1464 1802
389 141
805 987
452 25
1915 1408
668 1964
488 1931
1042 1804
808 913
304 206
1484 1782
1976 888
227 1504
360 640
872 125
243 272
1728 1040
1238 1072
421 683
1372 258
1973 1844
700 404
518 817
1116 944
583 1262
1176 1244
1191 1920
1130 1283
849 358
2000 1080
1747 854
1313 492
0 1260
141 1528
257 262
540 967
830 1504
1416 269
152 1676
56 1640
1348 872
237 974
1656 648
192 863
396 152
1636 814
2000 1804
578 154
1250 866
8 400
1748 1032
1596 110
1536 601
1352 218
1675 518
68 933
958 1359
1342 1603
400 1864
1251 62
1829 1136
1964 453
225 452
0 81
266 1942
1447 573
1472 155
692 1136
729 805
1301 1138
1216 231
616 2040
993 960
664 232
1760 288
1372 1781
1153 1150
1560 1056
392 107
284 319
1245 1389
394 1456
1254 898
584 208
440 1761
788 1677
434 854
169 608
396 625
1835 1036
1128 692
2024 1834
349 522
1904 932
1168 1058
1756 1882
910 494
1564 1014
1679 676
496 1139
867 626
705 882
347 356
1234 1774
780 630
1043 522
468 522
1270 744
956 1492
2001 502
242 1160
1455 1910
960 282
54 112
212 948
1331 1126
928 687
836 1368
487 1520
1816 1736
1072 1721
1914 1952
1803 790
1753 1752
1591 340
19 472
2012 1600
351 980
1611 758
1795 1660
834 89
1751 1264
26 1584
104 880
904 354
1792 1204
1510 524
952 1421
1480 1477
1493 309
1876 1432
1934 494
1812 96
1386 24
1882 768
1710 200
433 438
1022 216
1101 404
312 721
1568 21
547 389
829 1193
349 1428
166 1657
1254 664
986 1152
1404 764
672 923
548 1704
1714 1472
853 76
1468 1455
1451 1821
920 1298
1088 1832
1294 1705
1980 562
630 629
1612 1949
8 1417
2046 1740
1360 600
1916 1714
688 96
1520 1636
1785 243
739 687
1450 1108
116 265
445 1913
1716 1688
836 256
862 1748
244 1135
1664 18
938 1621
848 1982
1183 1806
557 382
1192 411
20 960
441 628
901 500
1884 1073
1228 190
104 1728
1047 1601
681 1588
1152 212
632 541
1450 1136
482 1967
1367 1129
502 604
848 1545
120 1906
1368 1944
656 1942
144 1828
914 124
1902 671
760 1803
1417 1589
572 1808
512 367
316 1224
1133 1065
246 1820
1804 1020
478 1782
1764 1638
154 538
2047 384
154 1953
1112 1836
1943 1198
1014 112
1642 2016
685 1528
721 1928
886 1400
1964 1386
1824 172
1622 1656
1794 1901
982 1961
1028 1945
1490 688
31 1366
709 877
899 1214
1664 1300
1064 1040
1136 764
1737 848
1840 1922
1060 850
642 407
636 1592
810 167
785 942
736 682
1277 958
1944 1324
560 1140
1798 838
2018 1022
269 700
248 481
540 488
386 1370
298 588
80 2004
1558 1208
1648 354
1796 1036
816 1253
740 563
1130 0
1088 1614
1341 1993
1446 1043
233 1914
676 416
330 99
1590 1616
1982 8
94 768
289 60
48 1940
698 623
21 1366
751 1843
40 816
377 1360
1468 1703
578 1194
1318 232
1259 891
718 202
1950 367
1408 1544
1181 600
901 1743
2046 613
1548 1836
1784 1705
752 804
1836 523
1862 162
1052 468
1591 879
1056 1904
1061 544
1605 1817
1969 758
1733 188
1192 651
1178 1598
917 1946
1328 67
962 1920
1975 1542
1322 273
88 367
1623 844
776 1443
284 472
992 1335
690 1902
512 1144
1013 340
1641 1649
1418 420
240 1184
922 1840
146 384
1984 1888
1104 948
624 1818
1959 1042
256 1072
1606 1308
816 560
1676 532
301 1458
693 920
1766 1684
227 1783
1844 186
1244 608
63 2023
800 1775
876 1266
1904 1398
543 632
342 1432
752 910
736 1167
1170 1978
2012 1015
452 1720
348 1098
914 1262
1698 1172
544 1176
574 416
26 1372
2044 871
1285 1223
633 1288
441 1865
794 247
1308 75
560 1548
608 194
234 1468
673 1112
138 1200
556 877
280 388
846 930
815 880
567 662
617 658
1538 1936
468 24
693 1695
553 1577
1248 796
1440 732
270 1816
1197 94
560 166
1088 520
1647 554
740 1792
1904 1240
96 1335
2016 517
62 976
1680 412
496 1715
1267 1066
757 1026
308 1328
444 1283
892 1272
90 220
1801 1709
164 584
1210 221
1578 1336
1973 1613
1579 1552
1602 176
1962 232
988 1824
1024 224
1371 91
104 1693
1368 816
1219 353
1890 1608
412 719
1852 1205
275 349
2030 1920
414 1857
680 1635
1526 165
1216 1778
304 538
875 1586
2028 1745
542 992
457 813
250 1726
448 864
1300 770
40 1988
1373 1086
290 361
586 1746
1968 496
478 1820
413 588
894 1566
563 128
1952 248
1899 928
1852 1702
632 852
706 270
1714 418
183 824
1596 754
1561 374
327 1806
506 1008
102 923
1634 787
380 68
1265 1803
8 1872
912 523
605 336
1852 1380
495 1738
628 1673
1254 1580
1996 1392
1584 1232
382 1936
1523 1464
1372 1339
556 1448
2002 1279
1902 1290
1522 1876
125 2002
440 82
1040 1222
1680 402
1982 360
1440 569
1732 1888
1408 1698
783 1642
1982 1710
584 1120
1681 936
815 192
415 78
592 1212
781 1760
355 822
1464 1442
116 1610
320 1099
1653 356
1964 1251
1640 1226
488 1526
1813 944
1357 1398
960 1040
1536 1718
1082 1668
1794 1932
354 1408
1787 1531
1340 955
884 216
181 1740
346 728
784 846
1070 416
1662 75
200 1184
2014 250
1898 277
179 215
1936 1701
1928 1114
94 1419
2044 1484
646 344
640 1125
1334 544
727 956
328 1920
1244 1357
1882 688
1650 1972
1232 1684
288 412
1340 1820
444 1148
1208 114
1697 38
1937 623
1372 1576
1330 1944
544 1144
1836 1892
48 677
908 88
728 1546
222 812
871 868
696 1604
1224 1060
1249 2039
400 162
1690 864
1667 1844
1062 1296
1256 1248
1165 498
1247 186
1380 304
1510 14
1235 1528
2026 1716
1312 1291
570 73
184 1238
1464 600
1044 1571
656 1664
1260 1450
1450 264
1481 142
784 742
1420 1995
902 817
2032 1074
1462 236
1799 1590
1283 582
1728 530
52 1142
1910 855
258 1886
1776 909
888 317
738 732
1305 1557
1310 391
28 580
208 1705
454 105
1144 1152
16 237
1512 740
119 1436
145 648
1472 324
613 1856
1120 776
724 730
1274 879
1531 1592
1218 563
124 1684
679 688
1227 1235
961 854
1287 1500
1502 741
1184 1272
1320 1669
1955 1442
274 771
1504 1104
9 328
192 780
1749 720
496 450
712 1835
826 240
1600 1154
498 830
1492 1344
736 1541
1367 987
1308 2016
829 1481
882 1988
1580 560
1576 436
988 1530
1312 1628
391 458
1215 542
1398 898
1542 1044
1312 821
1735 192
1978 2002
320 1291
727 1448
1572 1766
1664 1520
843 726
636 1548
1588 1043
656 1135
544 792
1148 966
213 891
980 834
1494 1396
846 729
408 1235
1020 1320
144 1352
1640 1216
345 961
952 1382
1448 1368
1010 230
1152 107
1656 276
464 4
686 1914
1776 134
385 256
552 1828
1730 0
1996 338
1392 1862
861 186
1320 1184
1704 248
1198 596
690 644
1316 1078
663 799
200 1362
1972 800
344 1521
1037 1524
1809 453
318 1646
908 1444
742 419
1038 1083
1500 374
1656 360
1600 540
1587 1971
450 1990
152 1326
1797 33
1764 1736
362 1367
1712 596
956 369
34 1342
676 319
538 2041
564 552
1816 1061
1910 124
1882 36
223 712
1856 956
982 1695
878 1908
808 1461
1068 1084
994 1939
2020 1038
1536 1832
1437 1440
826 1244
1510 1507
628 724
416 1138
350 1965
838 909
1492 944
1461 1376
1642 80
248 364
782 1705
1400 1994
76 729
152 129
1039 1160
212 1970
432 786
246 1120
592 1743
730 127
1209 48
122 1245
1738 1720
152 768
794 1380
768 1264
1326 1400
824 932
8 368
463 736
944 1888
508 1836
1532 768
1560 1664
860 660
1596 1064
704 722
1437 304
390 1988
239 1725
1760 1264
1798 1026
1408 1514
906 2035
1396 1075
1530 1143
1356 1328
336 1298
604 1536
159 803
1998 1063
825 1224
1268 778
128 1666
104 1964
1936 676
430 932
170 1156
640 1577
1015 1252
1749 183
1876 1902
8 808
600 678
965 1176
358 92
46 1386
1238 205
1234 1936
992 885
1748 1272
588 669
1194 1081
33 1956
1378 1398
1846 1706
2029 1266
45 736
1536 1735
1074 1495
696 472
638 1584
312 528
1205 646
570 1393
1862 1688
334 1120
226 661
1233 175
177 968
934 136
1496 518
1108 888
1828 1344
1814 1888
1428 400
1540 536
536 256
714 1940
210 384
1916 1660
1317 1909
838 1298
352 332
566 1896
1151 1776
259 876
586 704
1448 1412
296 578
1200 893
1858 670
313 1686
1916 1920
1051 1308
518 1608
640 1828
164 1357
1460 288
1235 2010
1864 1457
641 34
1436 656
1995 626
451 1670
1142 1600
1999 256
1020 1568
1255 1731
1822 1801
190 1526
550 376
384 432
68 1480
1762 108
180 1236
458 1746
1584 72
1664 1292
508 27
2038 238
1952 595
1995 1935
285 1232
1260 768
1547 34
654 1108
304 288
1370 2033
1392 1052
325 756
228 1690
1684 1893
321 712
1670 1019
586 1451
1084 636
532 2045
360 1248
550 692
440 604
1816 768
1064 392
1587 1297
1519 140
28 1272
1875 1984
1790 1868
206 552
720 935
1244 868
838 617
1392 1544
877 304
1630 940
337 1696
726 1564
1730 19
1416 234
2012 414
1424 252
156 1094
772 1788
1672 211
624 55
1434 90
1169 1578
395 720
1054 1768
1506 1600
744 1452
1472 208
1662 1748
557 1382
834 579
500 1750
120 648
864 384
1369 1372
1910 100
688 224
1089 1783
76 420
880 1472
1316 1132
503 276
112 574
500 1828
1112 1428
1847 1056
1697 104
1803 260
573 1124
48 297
1632 1479
1073 23
1473 730
883 528
1438 1951
380 922
336 1768
167 1281
1328 1616
1181 1120
813 522
564 742
1376 984
376 1664
796 476
470 780
644 1756
666 1499
600 306
473 464
2018 1284
1696 546
1444 1864
844 1370
366 720
1484 1332
632 1972
944 118
184 1086
890 1142
358 1375
160 1592
192 642
184 510
1696 1967
1948 232
1120 848
1046 1862
87 139
1458 1106
1702 1640
638 488
1468 61
1875 396
1438 1657
1971 854
320 1196
745 1986
6 1190
480 628
594 1303
1671 592
1412 282
553 1177
123 474
2016 647
1346 1680
1220 16
428 927
1276 234
1797 1267
396 1864
850 1080
575 7
1990 1024
1192 1599
616 536
882 1472
1481 384
1848 367
820 1150
1256 619
1157 1564
1640 1184
1964 1768
1526 1704
480 352
416 1824
1129 648
937 1648
1906 268
932 712
1685 1268
1216 1531
1627 925
173 1720
0 1520
1576 463
8 976
1244 156
2020 1253
1468 812
456 1796
826 1005
1590 2014
256 1223
1544 98
452 846
1149 1280
1408 1800
1287 618
622 1292
291 722
1489 624
738 545
1209 1776
946 1213
928 370
1282 528
288 1925
225 1022
1670 1676
92 2026
2016 2047
2012 378
38 380
1184 1613
33 1000
34 1146
1794 1583
1040 1168
1263 1894
1564 1036
732 1672
1744 617
158 1719
474 1544
424 864
945 1184
1932 336
402 648
1378 1880
1848 686
1654 1455
968 254
46 226
1680 652
749 1568
1176 1798
201 136
389 1911
1322 1268
1443 592
387 1365
1349 1152
1424 464
1567 48
1024 1229
1614 592
256 414
354 1051
1328 266
984 1500
190 590
458 1828
1914 1688
280 220
126 2042
181 973
153 2016
784 1514
164 1091
1983 1280
1984 1444
90 1844
1268 1628
1208 1701
1354 1769
468 1792
892 1362
438 188
722 1031
804 704
848 1608
1896 376
888 1166
299 1124
354 1184
1764 211
1496 1840
2025 919
533 203
171 881
973 961
344 1019
164 198
898 677
873 1536
2005 1536
1008 532
1844 642
1676 756
1404 225
473 1682
1613 1022
1474 85
82 1052
1010 453
704 1652
614 80
1120 297
1904 837
578 344
1560 1174
467 424
676 555
656 396
1506 2020
1975 1735
1148 128
504 84
1970 1773
384 1565
434 1114
1974 1792
1222 1406
592 16
1640 1276
616 1628
388 1359
1530 1002
1717 1794
346 1992
344 1062
32 1626
659 12
730 1687
688 724
1267 467
216 3
949 468
488 1085
0 1937
1026 1198
3 1416
1307 727
400 1536
1446 798
1092 1894
524 312
991 1443
1072 222
60 306
1916 1202
1001 1686
560 188
33 1149
796 528
1692 604
1488 1338
47 1417
412 1862
1059 1300
1469 1424
941 1986
1636 1373
711 1216
1924 1096
289 1988
1052 735
969 143
1770 1473
1506 7
1142 1683
379 412
1109 1088
1477 1572
1541 1144
342 1010
582 1404
399 1568
540 1343
120 834
672 1965
384 1118
229 760
336 1813
20 1104
584 347
518 884
1296 1376
713 832
734 820
405 194
814 423
1637 1340
1678 633
138 1542
1328 1157
1559 506
1738 880
348 147
838 1086
1011 961
1872 1024
1044 99
246 1568
914 180
1878 1152
1790 175
0 259
1092 1116
151 962
1615 1668
696 1754
698 1172
812 1044
1543 509
248 576
89 920
898 1685
1328 633
331 1098
1220 1354
43 840
1670 350
896 1328
800 871
546 1840
1504 536
426 1424
1904 20
1018 392
1776 1156
1024 1729
992 1604
168 338
208 906
1592 866
1292 927
49 1120
870 1876
348 720
1264 1631
1133 773
598 1280
1485 2004
1800 1098
124 1175
36 1840
828 1264
978 96
1145 306
261 986
1120 1887
1932 1290
80 1840
94 512
1072 1630
1560 864
1030 288
1194 1698
1964 1510
150 1632
864 576
1721 938
816 1057
1125 380
215 554
1676 1130
520 1708
2028 1392
1154 1120
286 1234
1397 64
380 16
2002 590
1154 264
748 84
254 444
176 466
404 336
1774 1604
1572 148
1736 1976
576 463
1260 345
1529 869
348 1280
1712 640
432 1972
1446 1394
1932 800
1038 12
1601 1996
1526 1196
524 800
422 544
925 1792
1269 1553
1387 1156
990 1552
1982 158
2042 742
672 222
23 1578
1896 1620
1934 794
1782 1963
53 134
164 1701
2044 1556
1594 1743
1862 74
30 1504
4 1934
782 274
1700 1139
456 1228
466 1164
713 1691
1336 1254
96 74
10 643
238 1044
1908 1624
1050 1944
1184 721
592 608
1499 591
666 911
313 1209
307 1236
1168 744
294 1732
660 270
272 1666
872 1664
1886 643
1276 1516
1512 845
300 112
2036 1906
1486 1525
1928 1232
1741 1460
1430 708
1784 1456
1310 1024
1222 1232
396 592
1935 1972
1616 1685
730 768
456 452
796 1536
1423 1600
136 2001
90 226
1576 240
1755 54
1093 121
673 214
1560 809
1668 1966
1941 936
252 0
1320 1496
889 103
136 1860
1746 320
2031 1927
262 2028
480 1976
632 252
354 1376
348 641
143 2004
708 1042
1938 635
1126 404
964 112
1590 1860
1336 1324
1543 2044
1660 1776
576 1494
649 1204
888 193
537 1871
1166 1923
245 1056
1048 2008
426 1754
1859 569
678 640
1320 1185
61 54
1052 2012
1512 656
1801 1173
160 1567
1445 556
524 1696
1497 2016
72 1984
194 1472
1491 1628
1808 534
1010 1
400 1624
1839 790
1864 440
222 321
1089 342
1126 1188
1015 1310
184 1116
2000 1930
1927 222
32 1536
356 2017
1071 22
456 1684
1258 1882
1520 908
352 418
204 166
374 293
688 838
1332 2016
1007 178
397 512
146 274
1068 808
960 1996
1461 14
292 645
178 1608
1032 996
2007 2032
88 1046
40 1912
1736 1708
1176 1050
984 1269
83 2006
1734 539
480 1183
1711 193
54 640
38 484
1835 1920
1405 150
1304 1194
1611 314
306 800
40 370
246 1536
56 1024
1895 128
1688 0
772 729
92 1917
602 849
1858 423
1236 1176
1973 1024
1864 1356
610 680
1425 18
884 2009
1260 1238
484 416
604 1727
216 238
1678 1588
274 449
920 1074
1292 623
522 1218
1132 1401
1676 1118
1302 1783
183 799
1158 232
569 106
1243 104
1005 351
1962 992
746 380
952 2028
464 1787
361 1712
1004 1993
336 326
430 792
1736 1541
516 1315
2014 1485
283 860
1992 1608
1718 1508
100 188
340 620
232 372
1537 436
216 27
2029 899
572 928
237 1126
760 1223
794 1680
441 946
2024 1556
512 181
952 804
864 1035
516 1328
506 1121
1007 1117
22 643
160 987
475 1832
1114 447
828 1145
1680 600
668 1975
94 1552
2040 1757
1332 2040
352 1688
1062 1964
502 1554
258 1144
148 1649
616 240
1300 1824
552 1612
1380 704
744 376
1690 752
1066 566
368 882
640 440
1756 1840
1358 1056
202 877
1395 1678
117 352
272 464
369 133
316 756
1624 914
598 381
1408 1651
1488 1949
1087 1840
345 1552
1548 1220
1300 358
986 1863
1499 2028
707 95
453 866
696 1603
404 1272
600 729
1132 1722
1696 1550
1104 1916
1728 1687
924 620
1481 1564
1600 282
752 386
691 1717
945 1807
2021 795
1466 43
1793 1057
54 2000
1972 1204
252 615
1242 1928
350 1728
1461 2020
1848 1104
352 634
287 1763
85 600
940 275
576 308
902 695
291 977
211 877
1834 680
1708 1274
568 882
1496 1149
204 1700
568 879
1322 1576
28 1700
560 960
806 1922
1045 1007
448 1908
457 346
49 376
1456 454
2002 701
1584 1098
214 1858
787 933
1136 623
45 1888
1384 1903
1508 2027
1536 1996
720 1320
1822 128
338 234
353 294
1210 1440
838 1752
1161 730
1744 1418
1056 477
764 1700
646 48
683 1612
324 1517
96 766
381 1549
478 1344
297 33
226 414
528 780
1912 348
695 1880
441 114
530 376
624 1444
1700 1437
1477 1496
340 792
1488 136
1926 1623
35 1644
932 1086
146 962
1748 1320
1794 898
1145 249
567 1838
9 1352
1852 96
1232 181
1428 1076
1611 1176
1658 1322
193 1184
1366 398
591 623
895 740
761 1941
70 696
1808 880
1306 680
2032 233
968 903
964 1130
1781 1268
832 404
798 1504
1160 225
1473 18
1417 712
433 1390
784 975
708 1992
766 528
1728 784
1780 1207
134 1390
1316 1580
856 905
32 116
849 1696
1819 221
415 605
872 142
384 1378
282 920
1744 2020
1968 624
632 1144
732 603
64 526
640 236
160 1618
939 1689
216 468
1920 2001
539 1173
848 730
1728 1934
32 752
664 818
1520 1600
2032 680
145 816
1758 1185
1936 736
1038 937
330 655
1605 410
1178 1186
872 318
863 624
1726 778
570 1765
828 1224
327 1473
680 1346
880 1966
1304 1768
569 402
1992 740
255 1334
796 2038
484 318
1075 724
1354 1896
532 1300
1947 1171
1600 276
705 1878
2034 434
1746 763
1590 715
2028 668
1328 1297
304 1266
78 776
1404 1984
1566 500
1374 573
1948 1164
1284 1361
1196 1596
304 1424
345 1423
1624 1344
692 1328
487 1330
720 1352
576 1374
1690 1792
1253 1553
536 1160
816 1740
1756 1431
1696 2006
852 470
1800 1536
55 1783
624 688
1600 566
1985 89
944 1068
1392 1388
971 1944
1746 1663
1776 1008
1284 993
1211 1756
112 1511
228 1471
469 396
512 59
1970 1456
1542 1475
302 624
647 982
1424 648
64 1452
650 800
1926 1432
1504 1504
513 992
1254 1281
2020 1576
1861 414
211 680
1490 431
601 1881
970 1328
403 1982
1480 980
1696 112
937 86
802 2006
413 1704
1774 425
805 1999
60 1256
1101 1430
1372 55
1197 1816
1880 1309
1343 1992
1241 998
914 2047
1444 1456
1557 1035
1688 1436
1752 359
1718 355
526 291
410 1104
382 1290
22 1313
1884 1958
552 1684
1154 1624
676 1849
1205 1200
724 1008
1214 1717
1152 840
1946 1711
1772 194
869 406
1932 66
1985 945
960 527
184 104
472 1778
908 1206
1186 446
207 736
1746 1456
575 1717
1494 400
1874 1572
426 532
736 712
688 1986
2000 174
2028 352
655 570
552 1656
282 346
1296 1111
97 345
1492 1635
726 1065
1608 1000
438 256
2038 407
1048 1878
200 44
1656 1067
386 1233
340 2
879 181
1218 1592
154 951
1662 426
548 490
483 486
1452 1552
484 718
1432 1120
1740 1648
17 422
1572 1807
1201 1463
668 24
1424 1728
1980 1554
1788 1921
1718 1856
998 1734
263 248
986 825
1879 1703
36 1727
1632 812
464 436
650 551
1710 304
1382 1704
440 51
1350 1282
1592 1847
2038 489
213 649
1872 1848
1660 352
544 1296
268 880
1269 260
408 332
1814 558
514 426
263 1594
478 1291
740 640
528 1430
399 1944
1811 104
1622 698
761 1160
1182 1113
699 1809
452 495
2001 404
970 184
6 1668
256 1882
2004 646
1428 528
217 1978
922 1527
224 690
675 1391
449 1654
1344 1384
124 1510
182 1557
1204 1101
1290 1208
1592 1385
109 0
1952 1264
401 656
370 901
774 1846
1198 380
819 1209
1650 378
156 670
1538 840
915 1212
1214 888
1849 1788
1759 1564
538 1752
1660 392
900 1802
1740 768
143 136
1036 1536
1924 1932
776 1237
1143 1280
484 1204
794 1913
1139 115
1176 1915
409 2039
584 1872
629 1704
1333 640
1898 288
1916 1046
1048 1519
1996 1936
151 507
486 1027
1120 1983
1588 832
204 1303
878 1426
1442 928
654 1286
542 640
1168 1660
422 1368
1536 1766
63 1462
152 1080
1531 898
944 608
145 64
1231 160
1856 1664
304 708
1379 128
1188 1450
2026 1360
484 535
1294 1414
1125 608
1680 1429
766 931
918 1588
1927 1784
232 264
1531 1124
1830 516
1504 1996
568 1090
1037 530
696 1336
432 310
1485 1436
898 1342
48 1440
109 60
167 14
1306 88
124 601
301 1220
726 46
1054 996
804 932
1083 180
332 127
408 520
832 897
713 288
76 730
880 1280
66 666
731 1806
1438 1007
1408 1822
1709 52
1744 1556
1601 1546
1024 1456
1240 38
872 992
1723 372
768 1155
1612 1813
96 1860
215 998
1015 932
882 1084
460 1024
1552 303
392 216
1568 566
104 640
1216 868
381 754
748 264
124 916
400 1006
608 1272
765 437
798 1914
738 652
32 906
1422 1744
1258 1792
231 538
844 1680
1200 417
1584 472
1474 288
1603 1401
1168 638
2 1250
1570 869
1184 476
1464 1849
287 1048
1840 1015
286 1596
1162 260
1708 848
1663 252
1122 1944
293 1627
33 1421
983 1670
376 1336
1114 153
1396 399
1788 752
1252 642
964 1712
1726 1109
1007 1276
823 1416
1749 438
1896 97
414 1875
1440 1585
210 992
1594 1660
1668 1088
1326 496
1226 664
948 2005
2024 1542
490 1124
116 1278
1882 1020
1852 1891
1488 1178
2023 517
68 600
412 1548
1996 2006
1888 1988
2044 1816
48 639
834 877
1064 1404
1130 562
560 574
640 792
1760 1263
1222 1460
1247 627
1160 1064
1247 192
516 906
1992 954
1544 72
1984 1117
1297 1452
1152 732
1378 2024
1164 1376
1216 1931
312 2016
448 496
1848 168
355 688
538 1343
434 2044
465 1808
2011 1529
416 1733
419 986
1389 436
1790 353
1132 1094
1282 183
494 1953
1148 1480
179 1792
1958 1256
554 1672
1376 222
1152 1822
1998 832
824 781
1102 296
1424 20
1133 1248
1453 92
255 1116
846 368
464 692
1977 1760
1548 1008
840 1295
457 388
1052 347
1994 664
1042 1041
1177 1600
104 1290
644 1928
1089 946
786 133
1208 1288
1815 1804
782 1949
1107 328
1852 2033
771 1968
1504 1986
1928 188
692 880
72 968
110 1734
1432 1147
768 894
1018 648
1234 607
1378 1384
1658 780
480 920
1110 1347
1048 1852
1104 1476
910 1283
1904 1488
1096 1580
7 1500
1872 1009
514 728
1874 1876
125 79
464 1884
964 775
1846 1398
1642 1026
1217 454
1807 784
1088 1672
1476 1312
523 306
868 1078
364 912
1269 1984
564 42
259 434
679 1015
1460 62
727 52
1271 1111
277 1640
732 589
1808 1925
1275 48
1984 1607
1452 832
1920 827
0 437
669 1096
1117 1922
663 976
950 844
1126 840
396 583
952 1576
1318 66
64 132
1733 1634
296 1384
950 1228
72 1773
702 1380
1227 430
2004 69
876 552
288 1850
720 1494
416 1233
442 824
1964 1261
140 382
189 610
2004 734
196 440
438 1490
262 1002
298 1930
367 873
1090 1822
1839 504
1146 440
1454 792
218 579
1678 889
112 1120
1095 408
1280 1125
2006 28
1528 1277
572 1806
1936 255
15 980
1829 1664
454 74
1965 1344
1030 881
1078 18
1050 323
1012 4
1892 579
680 348
1765 1861
514 1047
474 316
1572 580
1030 2018
1721 973
272 0
1074 1430
58 960
1560 1014
232 595
367 1104
327 460
620 326
1004 1088
826 238
1056 800
1726 382
403 960
204 948
1390 111
368 1119
1098 2017
1446 1852
1556 1392
2012 1273
1462 620
472 790
120 357
1712 486
1852 1824
1693 880
66 2001
1683 562
20 2040
1653 1856
772 100
1487 1981
976 1801
427 1344
1300 1156
551 1833
1994 404
0 829
682 1730
1850 288
1188 1689
1310 1284
1248 118
1198 42
390 908
1756 1136
8 300
664 512
33 216
1522 471
160 1722
1638 2042
1762 680
1116 1553
1450 1054
1843 1717
1024 1944
763 699
370 1568
262 816
544 1432
678 1056
1497 1670
764 376
2042 1156
1600 1666
1756 1262
1648 279
240 1784
1664 220
375 1770
1040 983
652 352
1546 1664
838 130
1808 1008
1184 1304
993 796
640 532
880 1845
2000 1364
1821 80
1134 282
2022 1010
742 1591
1680 1920
828 992
120 1037
272 480
424 1408
156 1960
96 588
1982 940
794 142
1536 1202
1376 2040
1304 844
1988 1228
1273 29
606 528
67 1590
1091 695
876 1256
2008 537
1751 1276
944 339
1296 712
1863 1192
842 2036
1044 957
803 271
542 1920
630 1576
1853 1643
1191 417
1626 693
1370 646
1840 1806
1827 172
1748 1131
458 969
1766 972
1600 1712
411 1317
1073 1588
1527 1418
380 1770
1521 1350
552 1727
652 976
920 1748
1706 1184
1696 1248
793 1615
409 428
748 886
984 1213
994 112
428 14
2038 1875
724 1690
1651 992
395 440
552 388
1236 153
1243 193
478 1120
868 1888
2036 1456
615 828
1510 1112
1522 736
1154 1296
855 2023
654 1446
512 1020
1416 1801
1762 1524
976 438
1653 52
2008 589
1562 792
1664 610
1626 2
1332 564
1780 634
288 824
1342 132
649 2000
506 1246
1314 962
980 472
1196 24
718 1090
1328 1098
293 912
92 1092
1508 752
1164 938
1398 1220
1228 662
532 524
590 1278
931 1876
1682 1398
376 1640
2034 1733
704 256
510 1148
1476 240
1856 1332
332 495
432 772
1293 998
312 1464
1394 1476
2028 435
496 989
1620 940
1248 1823
1483 1768
2036 47
1864 512
975 1932
296 1296
455 703
1830 862
1954 1944
672 896
440 1290
513 872
1966 876
176 54
1908 2002
1014 233
1384 1524
675 1678
460 440
1658 1536
500 384
1369 863
920 236
1442 463
1504 1547
1622 1702
1456 332
434 1535
1624 948
82 453
1156 800
1357 1426
1362 1659
1326 251
1667 286
976 1194
832 1837
418 264
1754 60
792 1342
1696 417
677 1536
178 1052
1731 923
1388 1184
656 756
78 1429
102 1608
1196 15
60 1928
1507 992
1246 1513
1052 335
2031 148
1004 1569
1656 640
848 280
1072 1856
401 1320
1710 1346
1039 668
1861 806
899 1583
1148 1584
1336 1717
604 1073
1388 310
228 564
1225 108
567 192
1016 1954
1468 1792
708 1016
544 1931
723 96
623 1194
110 1256
408 328
878 724
320 1188
65 392
1696 1785
593 1211
1567 1792
1469 1976
600 1419
810 1455
1422 1712
1248 2028
850 134
1208 369
706 291
98 1496
1830 1017
728 908
698 688
1326 1192
426 71
792 190
1462 716
1424 844
596 1715
1484 1534
484 1336
464 768
916 1049
1088 628
1157 466
708 721
1664 942
129 1675
412 1702
1305 1854
1448 945
322 532
1382 2031
768 1184
1104 1585
1812 731
19 2002
1688 1205
440 411
1776 1614
160 736
1808 96
1466 1708
72 564
744 1502
256 1936
1724 1552
294 1289
1874 530
1672 280
1770 152
624 1508
733 812
1008 803
1224 242
538 2032
1648 494
160 1712
1988 1216
510 1146
1588 1744
1872 1946
835 463
768 1056
116 1768
416 460
1900 639
727 276
1561 1204
1556 1097
502 1648
904 1616
1766 928
40 1133
1844 1480
772 56
1280 1940
1120 819
574 206
1996 1513
1864 90
576 1433
1540 168
2044 202
904 1786
1068 1566
960 184
1763 1685
1806 652
1394 174
979 1219
1660 329
1501 708
160 1920
948 481
1668 254
2025 1268
758 102
1775 1770
1174 728
1296 1644
780 1640
1544 208
1068 1704
208 138
1442 1608
608 472
352 1022
1478 1314
1664 1824
180 1348
423 1488
643 1112
1024 1088
260 762
872 1882
522 636
290 208
1030 1442
814 576
1264 86
1152 792
1857 151
1948 934
1368 450
772 1102
1546 666
2002 1704
142 1946
1708 1830
312 416
1494 411
1842 767
1388 818
1512 12
1318 551
1718 849
832 1058
108 1724
2044 28
236 1847
790 1941
1168 64
75 196
1414 558
1968 1916
580 585
372 824
1037 1767
1362 1502
2034 294
560 1502
1872 1408
1852 1430
207 1222
1798 1044
1572 650
203 1796
1688 1350
1970 1655
167 806
305 220
45 67
1022 104
1424 1416
360 1960
1188 819
326 298
7 687
141 496
1340 1006
1765 703
1777 1963
1929 1978
476 1360
1488 352
1704 1306
786 952
512 1446
89 1528
1788 940
2034 417
1407 1708
1452 162
1751 500
1504 1976
560 375
114 1945
61 1152
1001 1257
1615 1664
922 499
92 1152
1072 1580
518 1982
734 4
390 1916
523 720
739 1381
1276 1419
502 796
3 1470
1697 329
1496 123
900 260
1093 1128
866 114
1299 1952
660 1857
1370 1344
1272 1920
370 863
380 240
1424 1288
1150 829
1500 494
1832 1007
1783 608
132 384
115 1107
424 1616
986 764
48 10
1680 399
1312 246
2016 1313
8 709
1623 1273
436 731
852 205
1631 197
882 1148
1139 1874
1046 132
1999 786
1680 372
576 1141
108 532
1328 687
289 836
128 113
1246 52
86 1026
1372 1912
94 1998
538 1976
938 1236
1358 782
1696 1692
849 904
1567 1798
1908 1038
597 1248
1612 894
996 1097
1422 1686
1152 878
120 284
80 1228
620 994
6 392
944 545
1236 1006
545 1431
1494 664
308 1078
136 336
767 652
821 1030
1766 2044
91 894
2024 638
535 568
806 1494
709 310
1288 316
52 508
1818 1218
1074 1544
752 1625
1085 532
202 345
760 1796
269 1970
1008 124
1718 1708
1364 336
740 1676
264 428
674 830
1482 1524
384 332
400 724
93 1290
242 1564
228 904
1592 1935
1560 1743
1276 619
596 449
106 48
346 462
1804 1384
1938 376
1336 542
138 57
260 1228
1752 1618
1906 1879
1493 750
741 1185
622 847
1616 1165
343 173
1307 131
476 391
1684 1600
1134 542
864 1637
344 1596
313 762
1760 180
1164 257
352 1007
1495 324
482 626
872 1899
1347 372
1272 1714
800 969
1596 326
1030 1486
1796 1874
1550 358
752 1240
682 140
322 1010
927 1318
1447 1644
146 831
495 1458
898 572
604 2000
1710 1768
1976 1604
1980 4
1088 1266
252 918
968 1001
1328 847
275 1840
1328 1204
122 714
620 1692
1623 304
1052 274
1185 818
694 230
792 1578
926 705
288 1090
701 536
1372 525
535 1816
1914 1379
1075 1712
932 1396
730 1331
1881 558
1058 1448
1126 635
1899 1854
1272 2031
1375 2013
586 1418
67 732
576 1783
837 94
593 1984
983 1636
1967 1842
1496 2044
100 480
1766 140
1429 1640
1856 36
1284 1226
904 1863
1536 1756
716 976
1560 1362
148 2044
253 1205
1053 1685
796 1665
916 916
1345 355
532 1210
1111 919
215 288
1772 672
259 1893
1491 1170
1492 1654
1243 1998
1844 355
529 1888
1424 1057
220 0
1126 1889
1354 574
1345 1862
1360 1540
1349 822
956 216
262 196
56 500
1429 936
1633 1084
1692 1536
1315 572
264 1392
469 971
1390 464
450 1800
1964 476
1098 1580
1329 264
1656 441
1030 1449
920 903
1975 1728
1945 49
961 1032
1984 804
1948 1334
1435 536
940 290
1270 120
1184 1040
1781 950
648 1958
1558 1664
568 1779
1435 816
1386 204
1700 1128
352 1328
466 513
1822 1096
1393 1668
737 1663
314 636
616 979
1403 1368
731 1020
1169 1156
1624 1224
644 59
1162 1714
1248 1253
1061 878
96 1520
438 1074
1798 427
700 1466
1440 888
2041 432
1683 1699
1732 228
1118 2014
1284 1056
640 1878
976 1948
374 901
525 284
1228 610
1471 1412
21 1235
862 1247
1908 1966
848 900
632 834
1410 771
1112 616
1371 444
1920 1239
1022 1836
1510 188
1568 892
892 1276
66 1162
1744 402
295 848
868 1975
1542 0
1728 1968
1016 60
722 1536
1784 1920
712 552
660 341
1862 428
364 732
1239 720
1608 640
1618 1152
1920 1024
568 212
1186 1676
467 1799
56 1360
416 1150
862 1212
1350 1324
1366 1892
1408 1216
2045 464
958 1532
1650 1242
343 100
1536 1048
907 1102
934 1319
987 1901
608 1676
734 982
1728 452
854 630
677 1756
2032 1144
994 1645
703 792
232 1594
806 1179
52 1206
1392 683
861 1324
27 852
802 1914
1982 1046
1134 244
348 1186
656 60
332 307
1400 920
1900 1448
196 752
1020 692
18 711
1073 936
788 166
234 1454
254 1921
457 1834
1536 962
52 1024
248 1362
1376 1872
598 576
585 1094
1292 1048
1058 1584
1112 136
152 484
968 1060
1604 406
1088 399
509 332
1485 1896
260 1152
498 152
1572 1254
1703 1476
802 362
826 732
160 144
836 902
176 1732
930 1754
104 1676
1008 1008
1380 576
184 1111
1056 1854
472 432
700 1392
976 1414
324 1048
14 1981
1249 672
1301 709
674 72
1304 1350
1079 1974
352 990
1540 960
207 578
48 1138
1280 1651
1486 780
42 797
723 1244
1678 68
376 748
1562 212
1598 1952
957 347
1394 1310
1152 725
1755 651
1922 1120
1822 1226
1628 1936
1155 1664
548 538
470 828
1882 1472
511 1229
1436 1296
1402 1232
1642 1829
1060 1635
1798 1952
1732 780
968 282
89 64
1019 992
324 1500
1141 504
1354 1016
1686 792
698 1953
577 128
472 240
1722 836
313 325
570 768
59 612
832 168
1532 454
1808 632
1536 796
1432 1026
526 1489
1220 1587
1198 1736
890 916
1716 196
350 1124
788 168
778 883
728 44
468 759
1636 1896
1001 1299
1372 1704
2024 292
1012 90
74 199
188 1405
1922 1304
1257 1072
1680 386
1869 1609
792 1194
521 1184
225 1478
755 56
1880 1604
1273 1104
10 652
997 2036
56 38
1121 1836
1848 832
57 1056
384 839
219 1822
765 193
141 408
269 1401
1402 1836
213 720
1920 616
1264 1644
23 89
642 728
970 1650
1524 1527
347 920
1728 1295
1971 1148
1588 836
2006 1464
1122 178
1032 1906
658 1164
1909 182
1124 1089
1353 1261
1317 1740
1988 328
1994 2046
744 1240
1976 1930
1350 2024
456 1728
1112 371
1065 626
1183 936
411 1573
1252 536
1198 1706
1400 204
983 1826
233 680
1180 1314
638 352
1536 1937
652 1630
502 694
22 1964
214 115
352 757
1723 1868
573 644
37 169
272 1971
1508 1843
1712 1000
986 824
687 796
1532 1864
1950 1034
1030 220
339 1853
1144 400
1748 593
620 1734
2022 352
1252 1214
648 879
88 983
1000 1670
582 1550
665 1523
201 376
531 1928
714 654
1712 1536
1060 1592
892 382
635 1148
1856 1719
838 762
662 20
1513 1993
743 1826
1350 102
445 1126
828 1633
828 194
1560 1242
1664 1264
1220 416
876 489
1024 445
361 929
1316 250
1739 1402
188 936
2042 1520
263 363
1422 1008
1488 180
1236 374
1102 844
102 1437
842 704
64 177
404 2036
1208 592
867 1340
1321 716
1454 212
1088 624
920 890
1800 84
617 1192
1520 1825
1220 1764
776 1120
633 1652
1158 224
808 1521
1668 1566
406 37
2008 1484
1053 1583
1117 1634
1676 702
1312 382
1697 1938
1268 0
1226 1869
1590 1022
800 1368
529 376
1260 557
934 868
136 462
1698 1752
384 326
715 1131
477 1418
969 387
1789 1856
360 298
112 380
1224 636
956 426
537 168
400 1286
1739 1581
1226 2008
1512 744
588 1703
451 561
515 64
1644 1008
1796 947
282 480
236 1486
1420 192
680 40
1303 376
320 1184
768 1012
1802 915
1588 556
681 1136
972 1164
116 131
307 1039
1275 199
1719 970
1757 1875
644 1320
1669 336
92 58
1720 1120
513 188
1490 1180
1182 2024
223 1458
214 1822
1000 482
1372 664
1140 365
1164 196
1236 768
1768 568
690 949
614 1204
826 824
1412 368
823 33
1524 1903
160 250
1412 200
236 702
596 216
1692 775
1512 479
669 960
1832 594
820 304
416 3
48 2024
326 1970
1656 1832
870 270
1154 1695
84 60
1417 1672
936 660
1411 1168
296 1524
728 482
1176 604
1566 867
571 1617
376 480
1520 540
411 96
980 1876
1608 1140
1440 1278
965 928
1690 1450
1048 1504
1886 704
1680 1533
756 208
488 1054
852 429
1095 1000
1849 1024
1110 1740
974 1072
703 1959
556 332
962 2001
953 1852
1728 327
1756 1384
776 584
1581 696
1168 1682
1428 608
344 195
622 2004
1722 130
747 728
815 1626
660 1432
544 908
1240 597
2032 1698
1342 857
1364 1915
100 347
1919 1830
1094 548
1956 1358
994 1072
346 256
90 544
19 1788
1489 1248
962 189
1516 584
1360 1712
1618 746
1374 8
1191 1418
1294 747
1136 660
944 610
1255 999
901 1159
81 168
352 1403
1576 1464
1338 864
1 1273
836 203
1776 1400
281 1896
1600 1936
668 1328
1136 596
1786 1288
282 404
1706 687
107 1519
1636 1310
132 311
953 1733
106 1726
1552 1492
700 1512
1583 1857
876 1712
1088 1815
530 1283
338 1432
1064 1372
516 1615
704 916
10 562
1712 160
669 100
1515 544
296 168
1812 1240
1368 1428
1528 1024
428 1480
256 1744
108 1199
186 122
616 936
1416 512
480 1156
1116 118
1704 216
673 472
1115 1843
1170 768
775 1532
1715 148
1888 1608
1633 285
1156 764
1732 1108
2012 1923
657 1760
280 1877
936 316
1820 492
1648 1531
1872 379
1876 368
636 316
791 719
472 972
193 1139
582 1878
896 1864
1216 337
1349 1498
1182 706
452 852
1839 52
1236 928
1488 1394
1528 287
1156 144
267 523
1798 926
1728 1570
669 1217
672 318
60 1057
664 104
892 1128
701 715
1829 514
1176 452
112 440
596 1664
558 256
1035 1072
1970 1437
0 1506
1492 885
1695 1618
1918 1433
2008 436
1872 290
1335 1572
1576 82
768 832
832 1507
1911 1856
1007 1140
1044 248
1876 1241
144 604
1348 1898
936 10
620 284
202 1728
624 38
1088 1569
103 1506
871 1429
318 1828
264 1234
855 1668
1262 1818
276 1304
52 1526
1888 663
1576 400
416 428
1594 1280
1840 1061
1915 768
762 1844
251 1344
457 1831
1004 430
584 1690
60 469
515 1500
1740 460
1704 1978
30 402
1769 1498
1697 1910
637 107
1528 1440
1236 1050
1356 1236
896 1112
1986 886
464 1151
352 1828
944 1816
512 664
1 1406
1502 336
618 1878
1808 1286
588 1428
432 1744
434 798
180 137
1655 1237
536 1076
1984 1622
1604 835
176 628
1041 166
1024 558
42 1801
206 1116
1183 1262
850 80
1870 1462
404 304
409 1621
560 857
1115 1044
356 930
1744 1192
2040 1325
2031 628
1900 843
802 1632
1660 1202
864 1621
955 2040
1644 1920
1829 888
458 2036
1410 816
1041 600
745 1946
1151 719
1278 812
1193 560
136 686
1468 450
176 1615
941 752
1018 912
335 1909
224 810
1763 602
1939 243
520 1632
229 1830
502 1852
1356 1760
1113 1560
1172 1450
576 130
88 1904
663 1204
120 1418
1492 1246
1388 376
1280 1648
1358 891
878 1199
1495 1944
546 635
42 544
942 968
1146 784
1040 60
767 801
916 1052
688 541
1464 1250
757 645
102 570
758 407
1384 1674
598 605
557 795
558 1992
20 1674
472 1589
856 771
888 402
528 256
1239 378
1352 1217
75 1983
1656 1415
193 1970
126 68
1899 1656
880 108
1271 801
1616 1632
1466 200
970 1029
104 520
1609 1413
874 1130
1251 1086
1420 1325
318 70
1440 656
963 24
960 1697
608 196
1359 1176
1710 560
684 1002
1002 2016
774 1580
1117 483
400 1100
1376 708
1336 1397
579 1795
116 848
304 1880
1576 370
40 536
2014 454
864 1800
426 1656
38 1108
770 902
333 1653
1332 1536
349 725
1681 240
1357 527
904 1137
204 969
1612 1658
1446 788
1659 1264
934 134
1622 1792
1813 712
1363 1126
1354 1920
584 176
91 1872
840 716
1828 405
812 1571
1242 608
408 205
1919 515
89 1052
304 2034
1939 1996
57 1904
1224 432
458 1174
1591 914
46 1408
704 504
936 1553
1128 844
952 1644
1636 1501
1483 1168
1227 1996
1002 1752
1647 1582
644 1759
171 1496
76 708
244 339
121 1048
2040 860
560 424
1076 342
1897 298
1576 1884
1475 1978
1385 1536
1733 352
568 485
688 1264
1088 1747
480 130
541 1216
1784 1005
1434 1669
119 953
1880 1680
1080 1404
1716 200
1180 1451
885 120
1681 177
735 320
720 1296
925 732
544 956
446 688
1912 384
1008 1175
1813 426
776 112
1753 1920
1916 1144
25 1685
1294 1440
1920 824
1484 1492
674 1996
1488 945
1906 1916
1600 982
1485 448
1296 134
128 408
1550 768
602 336
682 1668
739 1113
925 280
1316 1724
1071 1473
837 102
746 1884
1688 396
1431 1116
816 147
1480 1417
456 888
1936 2
192 142
1206 1508
1668 1296
1885 1950
1358 1840
1964 47
1056 1704
1368 1972
774 1792
580 1828
1744 1904
28 1656
1610 102
1971 1352
534 932
1712 24
912 1894
1296 902
1913 201
1347 108
907 178
1268 1354
1880 2020
952 1058
60 920
94 1794
1578 632
1038 2016
464 1108
1424 2046
580 620
1442 1026
1345 87
1536 1459
821 482
133 217
1949 1882
1649 1248
307 1744
1150 999
834 2011
592 832
257 200
2039 288
1992 200
440 567
234 1730
824 1167
160 964
440 632
1468 262
344 362
1720 16
1642 1101
128 1866
20 770
1653 330
428 882
1016 1500
1800 245
62 1812
634 1250
1914 1890
720 936
1620 1568
1748 148
516 1826
1906 1076
1904 402
1953 1867
1136 484
794 625
281 104
1278 749
544 1250
1792 188
1488 668
734 1323
689 114
2 1662
508 2004
1900 32
1620 142
157 1382
772 1251
444 1110
872 1430
1153 235
523 1174
284 1104
360 84
1933 1152
1659 1687
1955 71
999 1208
920 1283
278 1376
1931 751
1423 1335
908 321
1540 445
1280 284
1498 1216
268 1706
712 1907
1834 1069
1950 1660
552 616
188 982
1788 1448
1456 981
983 830
777 642
1743 1584
1178 320
76 1056
1600 1096
1328 2040
26 441
924 83
636 791
1020 666
1699 82
1072 868
1620 72
1677 1992
1274 912
855 1321
1032 15
1792 1587
916 194
1409 1753
1267 730
1216 460
1306 1736
915 166
1427 800
659 1153
1968 62
405 1024
1782 252
133 1024
66 1361
1347 1492
1882 77
336 1905
456 184
1286 1116
1804 0
674 512
1604 1563
112 746
1188 336
1553 1522
300 1226
160 492
1024 474
298 152
832 1327
398 1758
1126 1836
1024 1748
238 1110
872 624
600 1956
30 456
1062 1521
414 1896
244 850
560 266
866 955
970 420
1016 655
27 597
1672 1096
802 1338
1736 1363
36 1607
944 1868
1352 832
976 157
1559 224
157 1760
263 1176
1479 397
1784 882
192 752
40 676
1748 112
1325 100
1446 223
872 1325
434 2042
1874 1820
1658 742
368 969
1754 834
1520 186
904 988
1641 80
1424 702
1104 803
222 1978
1770 1445
1398 2000
1932 1697
1066 1555
10 418
1784 1908
820 1990
237 1664
776 1350
1794 1768
635 559
456 456
1810 1878
1816 1609
929 180
1962 1558
384 1024
718 830
970 1550
1036 664
711 1420
1574 1991
1208 213
908 707
856 583
1143 784
1190 1828
1432 13
920 398
197 1613
1810 908
1394 1536
358 2017
1419 692
1975 897
4 528
318 1708
608 128
1460 1428
1268 1568
2000 499
752 347
1680 508
56 88
820 1898
1952 843
688 379
970 2026
1140 124
282 854
1374 384
888 664
72 1376
358 910
184 1339
47 1670
84 955
592 1674
117 392
1956 1344
250 0
1493 1292
675 1078
890 1494
1276 869
48 1083
1770 683
1642 354
436 1517
1440 1701
448 1490
1808 1496
490 492
1287 1378
818 944
39 1472
101 694
542 1554
20 376
2032 162
404 1168
524 1450
218 1195
1556 688
6 507
374 984
1888 1738
1693 652
607 309
768 1469
217 1640
2002 167
658 1889
1320 44
108 512
1911 1143
1876 416
456 1841
1034 792
845 1686
1066 817
131 128
1984 1049
954 1356
36 1166
1085 1076
1813 490
204 1136
660 1922
222 1504
922 839
1769 1946
1900 2017
1144 1429
345 2010
388 178
1778 343
955 1397
1520 1350
756 352
2013 1356
1611 773
1438 1975
1470 101
759 1484
250 1883
1819 854
1539 1065
928 1942
24 1795
1338 274
94 752
1752 162
866 261
724 1406
8 1680
1571 455
1984 1314
1700 912
804 1858
9 2005
1244 1700
1620 186
127 408
1078 1961
128 1678
878 50
1632 493
1718 710
326 800
1684 1785
1313 1792
1565 1474
223 933
930 1000
1874 865
32 1640
176 864
18 1132
1368 740
1820 882
1114 104
802 448
1192 1344
1936 1048
1491 2040
2019 461
1954 1760
1623 669
936 1933
649 547
1337 980
1340 610
2023 1100
79 1231
2022 221
76 649
480 754
1048 1745
2021 1313
1600 598
2000 1448
303 831
904 1448
1167 521
534 718
786 982
1078 1651
610 1386
1500 600
1410 1301
1312 1696
1601 285
1106 1850
152 1368
91 548
1504 1238
1728 2014
592 1218
1754 1792
1982 1649
1968 457
1767 32
288 287
394 920
1477 1537
264 187
2017 1112
736 1499
1414 1062
164 939
955 1636
1542 743
1184 1068
571 1566
1824 870
484 1915
371 1314
0 104
1740 1104
359 1504
1636 412
1741 1808
828 1780
1009 192
1932 1532
292 99
231 1452
152 520
1120 1982
1656 224
1870 1576
10 1965
456 960
1401 1840
1441 539
1147 379
672 540
746 892
960 1645
440 370
1399 1584
1222 493
864 625
272 654
2016 880
1489 944
236 810
1232 1272
1465 1132
1054 1295
1104 537
825 567
496 10
512 536
2009 750
938 249
272 1168
298 1844
986 856
1036 1056
1715 816
522 1701
896 868
261 1470
1346 2040
1068 419
516 304
1008 621
861 1271
1292 1976
2000 1312
843 1260
1926 624
551 828
272 1504
928 1081
176 216
1976 604
1880 1314
1704 352
1307 340
48 168
933 232
1376 334
2010 877
1224 70
1632 1640
1308 1921
60 1635
117 1032
1848 779
642 94
624 896
1929 60
1852 1424
1855 1332
1063 1984
1396 1420
1860 1288
1958 464
720 1077
550 1668
67 1398
1516 2010
1278 1396
1701 1320
1941 1780
1259 193
1405 1558
906 1440
1440 621
576 1300
982 1575
440 1535
640 777
679 1744
1736 112
890 640
1094 254
1914 632
632 1019
126 512
1426 1652
2004 1942
1918 230
448 148
862 843
1546 1618
1682 2036
968 343
1873 608
1552 1152
2023 581
1977 316
529 1918
1525 2019
100 1174
1676 1674
1972 405
103 48
1568 1591
1168 809
2024 1414
1205 1652
204 656
240 1092
1010 1791
448 1696
941 1779
248 1274
1790 882
1480 1518
453 1651
1379 935
1224 851
1418 598
1355 1482
1188 974
344 524
404 365
1016 269
1636 722
315 1016
824 460
693 223
416 427
400 440
458 1232
511 908
1334 566
232 1072
1048 1495
496 1776
1689 725
195 75
850 54
2002 2010
650 1392
974 1664
1239 829
1852 311
2040 1676
353 1757
249 1274
1579 1226
1970 574
204 1480
1650 325
184 1168
1024 1142
204 600
322 1860
104 507
132 2025
734 818
1009 1643
1160 774
1512 1286
1632 1507
1296 1988
224 1606
1774 1224
1164 1166
187 862
1359 1612
644 1218
1152 1373
468 388
1216 1426
1620 1777
559 1432
1238 1348
1540 982
163 348
2026 855
1676 903
382 1328
472 1631
924 720
925 1726
1230 2019
992 1672
1732 934
560 1456
1449 546
1706 658
1684 1384
2004 1088
152 968
320 1200
514 948
610 394
1438 1395
1555 1408
1712 953
1892 296
1176 404
1040 432
860 361
868 996
907 512
16 1614
1280 2038
978 1364
341 374
866 1408
1239 1624
714 498
812 10
1536 656
512 836
1773 1856
880 604
318 802
1056 1148
890 16
455 850
1882 1627
1456 76
526 633
1199 1749
1772 1970
336 954
1382 910
692 1666
516 1708
1480 1020
1410 1920
1865 1958
1792 1478
1425 49
434 40
1602 1662
720 844
548 908
826 1352
1224 649
1656 586
1781 1644
408 1044
40 1526
726 1804
292 1696
1336 1552
1494 632
380 494
1616 1546
612 1673
600 1117
886 1439
1430 1096
1176 788
1368 480
906 1804
530 336
1214 184
498 1217
704 1926
571 1417
721 12
2004 710
90 238
1836 503
172 1362
1382 1855
1064 1307
336 110
1244 754
759 1574
1492 678
715 969
592 1389
454 904
1308 1648
1906 288
383 800
1808 388
1728 181
654 121
1586 130
531 1694
1508 14
1536 1521
1610 1301
1042 1886
1866 75
1810 1024
1408 1608
976 234
1054 1410
620 976
323 64
923 125
1024 820
372 166
368 775
224 954
2000 400
1604 2024
1908 1520
1969 877
772 1040
332 1529
1204 804
1366 1649
1690 1100
69 546
168 1294
1656 1359
110 1930
480 619
1012 1240
1227 1241
156 207
336 788
205 51
108 1434
34 836
1294 930
1280 1518
1380 1652
1754 1489
1436 1987
222 747
1396 1064
1792 2022
1872 1890
337 1036
48 1762
424 480
1163 730
1936 16
392 630
1728 1960
1015 650
1536 759
238 1323
1170 1578
1093 1696
1503 142
1684 115
1860 1105
1814 51
1402 1794
384 208
1200 1626
93 1704
1912 1236
1181 1284
908 208
1990 1574
900 474
298 343
366 1924
1002 27
1911 1019
311 858
1990 1352
1931 1566
1533 1021
264 502
276 1048
1633 1752
127 1810
1556 1792
1082 1424
1214 1623
2036 316
1414 920
872 1843
496 428
285 224
934 1013
793 1078
1692 771
1354 1720
19 792
944 438
500 2019
1926 466
1787 1576
1300 512
1472 104
402 300
538 335
1762 278
516 712
632 1434
902 571
796 1780
1216 1310
1370 602
192 213
946 1316
440 1352
592 1329
616 76
1024 323
708 1110
636 728
1056 1116
992 1092
1166 1318
653 940
934 1026
614 1803
1834 409
1700 424
894 96
76 1075
788 1600
773 1559
1442 552
155 1336
536 245
1685 2028
1440 737
1310 36
1504 1040
16 1833
1312 297
1872 64
1528 1164
758 941
1280 964
592 1556
81 902
309 562
1516 368
1112 1446
944 1629
872 1236
1920 1144
680 832
1448 974
1646 654
686 1767
198 1994
1158 1110
474 942
660 1934
1252 1336
278 1616
1786 264
1834 660
384 2023
374 1388
658 803
432 826
40 485
128 1215
160 716
556 1799
228 816
534 1536
480 316
619 196
1112 1692
628 352
904 1248
1290 384
648 865
1284 1568
906 576
1080 1369
1099 1171
1373 1244
315 1283
1197 704
1495 1406
900 1780
1796 1292
70 147
1072 966
936 554
886 530
831 1922
1180 1172
0 1408
160 1454
1450 1706
1568 1716
952 1360
538 1372
54 1536
2000 176
460 266
1020 1727
1720 920
325 1536
972 1206
804 1624
1584 1548
1184 772
792 503
736 240
343 432
1056 1552
808 392
428 1798
1248 1136
648 1878
915 96
1944 820
1968 1003
360 1528
1178 1503
1537 494
604 1278
1313 1984
1463 672
242 1347
1520 221
1603 642
1406 502
1479 1012
1193 1567
1321 1852
418 512
1224 1296
1569 1970
258 1730
1674 352
102 138
1224 1986
648 1645
494 118
1814 672
1374 786
180 300
607 957
616 1400
924 1990
41 640
1730 1121
196 942
416 1059
600 1330
1018 1870
1786 1713
1814 1390
1936 1872
541 1603
35 447
2026 938
28 1632
1249 1528
1115 135
966 341
1317 1120
1216 250
563 1220
1477 958
1951 1852
196 46
102 1677
1624 36
299 1682
1420 1930
343 144
1766 898
1042 638
686 1536
12 882
303 1616
1412 1087
400 1185
866 852
1295 188
1204 612
1504 27
820 1200
1632 928
686 192
1118 488
338 1360
912 1738
1034 1228
267 1152
1728 1060
624 172
2008 1116
1756 1622
406 1761
102 597
540 1980
1436 602
1584 1031
1083 68
1472 276
662 1913
270 456
1664 204
1981 1348
1768 1261
696 352
1396 682
1821 91
372 128
96 268
1124 275
1221 2025
1352 1024
1762 990
1978 1376
969 144
1790 512
556 51
1684 614
440 1795
456 1143
705 1982
965 788
192 1732
472 2037
1952 1017
2006 1613
966 1794
1736 326
1092 1920
1521 1096
312 1358
478 1596
443 172
1541 991
488 981
588 1498
0 672
1973 289
704 1114
816 656
1590 808
341 1154
460 1400
842 1762
1343 690
808 840
1968 546
96 1870
1912 841
1090 25
138 1273
1578 576
723 1417
680 1455
576 459
1138 58
1831 836
417 1994
1368 302
784 1596
378 234
1632 1077
1888 1776
1894 1952
1782 564
1228 188
1264 903
1149 93
528 26
1524 1735
924 399
1775 232
1412 584
1920 324
1291 1326
582 260
575 1880
250 1196
1780 2004
1501 1899
278 1728
1210 1205
1690 764
1091 130
1439 1489
1376 1030
1660 136
1329 1338
704 1066
1134 1720
1896 635
322 134
872 553
78 38
872 1972
1611 1630
1685 1218
238 526
1002 648
358 272
52 694
950 916
152 1884
1424 493
988 1288
65 112
232 32
1344 832
20 1186
167 135
778 83
1912 1844
810 177
993 1448
1043 1608
2037 580
1326 1548
1288 496
1272 601
283 1848
1737 1801
1536 286
323 768
1072 557
286 499
2044 1585
1288 252
1826 1454
1327 1338
280 1617
512 1958
1275 640
1952 1506
1093 974
1096 1763
373 172
832 1736
609 1984
1266 874
184 392
460 319
2024 128
546 1798
1968 525
153 376
2016 1440
956 1044
1992 1960
1817 586
408 414
140 1900
1696 750
828 810
1502 32
852 582
484 1027
129 459
60 548
2008 552
435 1042
1384 266
1775 764
640 200
408 1210
943 1260
1863 896
1250 547
808 1588
940 1632
1970 1999
2040 1168
416 1039
1110 85
409 1671
192 336
337 1148
536 144
892 837
1524 632
359 1109
52 768
497 396
823 41
1164 2015
140 611
1664 400
1452 556
206 290
1986 1672
368 2004
825 1494
644 1092
1001 455
1444 128
771 61
808 807
240 608
940 42
1618 1156
1616 1280
336 198
605 1860
272 1200
455 1884
378 1732
1917 1649
1066 1428
57 1004
1338 1397
273 1197
289 1024
1550 1672
168 440
401 1657
1824 812
560 1421
1304 442
640 1683
191 384
960 1712
770 992
1644 1824
1784 164
1380 1126
1788 108
608 1122
855 1590
442 830
1336 1606
976 1518
1849 935
1237 184
325 1496
214 2042
480 1521
1376 1964
1342 6
456 707
750 2046
261 1112
1464 712
176 1712
1074 656
332 1886
1432 1064
1204 1730
864 1528
620 1181
1363 1696
1792 156
1164 778
304 1128
1326 336
1492 1326
950 1112
474 462
1150 1721
320 171
1288 1739
1280 1044
2039 152
1408 1548
1016 464
1617 1828
1291 1771
1075 596
77 768
573 728
1930 704
187 1020
2037 1281
1720 1741
71 96
1056 1044
1844 1389
454 323
1883 1120
269 2042
1140 1810
1100 490
1344 328
110 730
333 1402
1701 408
844 1822
318 96
571 762
844 1220
1496 1816
1792 1287
97 240
2040 880
1228 646
810 1060
215 870
1512 872
733 609
936 1386
1295 1090
1716 736
832 1797
1296 1659
600 2001
62 1276
1082 864
846 316
1280 735
1500 1004
128 49
1176 1723
0 1304
1366 1872
296 1879
1091 1505
693 1174
1322 458
852 2003
1404 218
2036 161
1721 8
576 1598
550 1627
1998 1013
1014 1730
1956 1818
492 228
1431 610
156 2045
1913 1320
1662 30
107 1200
1166 262
1704 1704
1085 1748
720 236
806 40
960 1758
410 864
344 758
1630 336
1596 1259
901 1435
1218 1772
1065 658
884 981
1451 84
992 1316
1690 1000
1009 424
887 1936
1293 1284
704 1157
520 676
304 1408
224 1948
496 41
856 1422
492 167
128 388
1960 1347
1585 379
794 1236
1711 103
1364 784
1482 1280
346 1356
1772 1872
1917 84
602 212
1182 76
448 576
1768 235
430 904
213 1736
1848 478
548 1915
1416 832
852 256
204 1046
1400 2024
1834 1408
796 1558
148 277
274 1124
1440 1076
154 1841
1472 1918
0 1594
1942 270
1880 540
416 1201
1612 838
714 869
1102 622
956 1352
1585 758
1853 1230
256 1708
1016 1024
1254 744
840 414
817 1553
1856 126
1379 0
102 246
1153 1823
1073 1545
420 1438
1665 268
1562 1420
216 712
377 913
1156 732
1120 639
105 1424
486 1528
306 10
260 20
1376 156
79 1940
1908 480
1845 1324
502 1034
727 804
1735 888
340 447
127 632
106 1848
48 1041
1984 20
478 1240
1932 452
711 720
1725 272
1622 456
326 700
48 1694
936 1030
448 267
1556 1692
1292 510
105 486
1372 1922
1601 100
1779 1519
606 1452
1198 636
1388 1196
546 1117
1638 986
1775 640
1312 620
1680 642
1848 1152
1710 988
1602 976
1758 1921
1073 649
858 1765
31 1385
214 63
1256 934
712 232
1236 841
1076 925
1276 306
492 1360
117 524
1361 1616
977 1136
1010 212
410 642
441 1608
1767 1252
1711 1288
752 280
1424 1381
1698 591
1356 688
566 320
316 1700
639 212
52 16
1385 1256
1301 1358
872 1557
1054 1632
112 1328
536 1536
496 1292
728 453
1720 910
1622 1403
1768 1178
322 1700
1362 1070
1794 1931
672 1632
1296 1296
2016 1432
679 816
826 1668
1577 454
1744 598
238 1586
1033 274
1664 1336
666 1868
1070 1200
1119 1180
192 724
240 1906
80 1280
1778 260
1928 472
1248 926
1266 1977
394 794
331 574
512 292
1904 724
157 684
845 756
1539 1434
62 287
200 585
478 256
1262 1398
240 1522
1826 1632
1876 764
209 1998
1736 354
322 1258
1384 202
800 94
1812 1221
373 2036
1624 1752
1464 513
1476 153
1642 1092
767 632
733 69
1264 1932
1220 1876
543 412
1245 327
688 718
1214 568
1280 1984
1525 1890
1260 1949
2014 1226
1797 920
708 741
1168 1612
1812 1148
752 1048
1066 560
1852 2000
528 61
674 1762
320 1780
936 856
128 1248
1624 1625
2047 1454
418 955
440 260
1284 1360
800 706
1456 2004
1707 1076
1052 1281
1451 1976
527 448
960 1128
582 672
54 508
552 1280
1374 1638
1632 1953
2005 352
1986 1383
1640 1974
34 1004
462 858
1440 1138
1042 1136
1345 1366
974 1611
1956 608
1945 200
517 1168
1516 136
1228 768
280 296
1621 1806
262 984
32 738
1057 122
1614 876
467 802
1686 928
160 1060
721 662
1281 1713
1577 920
640 214
792 147
108 1756
901 1108
549 73
16 1822
910 1344
296 140
1920 565
1524 1280
1328 1373
341 1229
1032 1848
1766 1146
196 1972
935 1240
1727 1942
389 318
1693 1249
608 1148
1520 1972
837 520
230 169
1764 582
1814 1428
366 358
562 1562
1750 1734
1686 778
1448 1410
1418 1580
64 1192
1828 316
1944 598
511 1648
1784 596
206 1476
488 792
1418 500
432 920
1842 1488
747 1532
1168 1816
414 763
164 118
886 404
929 2041
1457 1708
1428 448
708 125
921 579
732 1574
1505 869
564 1646
714 562
1152 1833
1298 1071
1180 452
820 1504
100 1403
1744 1424
944 1038
332 1792
482 1975
228 174
390 1600
1222 1364
720 1808
549 1746
1435 209
1995 964
1348 1232
399 886
176 1082
746 1460
92 1050
124 2032
1244 848
1777 92
487 1748
244 2032
1372 1036
1444 455
726 1540
716 1163
1622 669
1904 594
442 32
1876 1286
1836 521
2002 640
664 962
808 58
1616 1860
353 468
1263 835
435 1030
1280 1516
342 962
1823 649
318 422
1324 1390
901 1390
480 1242
1024 2016
616 826
888 82
0 252
1978 2000
1728 1913
1076 768
26 1625
824 222
1712 12
1688 1616
514 464
744 2000
1024 1428
77 1048
1179 1928
1452 972
1202 904
1914 172
1330 1788
1297 1251
782 248
1024 782
638 2023
1944 1545
113 180
240 1407
445 534
1818 666
126 1917
1816 1258
588 1787
932 492
606 1242
556 1131
1525 320
1468 697
327 1662
1656 1797
108 1940
462 1574
435 1963
190 256
1221 1616
1132 640
1783 1656
1721 1130
1578 1304
1076 2044
1536 959
1232 1288
1376 184
382 1162
320 1620
1321 491
442 1773
1627 1871
1483 1139
649 688
856 1605
1070 337
646 1749
1700 1300
1720 1668
1420 1714
1032 1896
1248 384
92 104
646 749
958 1032
58 378
988 402
438 1474
856 1664
1536 1888
708 732
1184 1700
1052 1432
1989 230
1608 1628
16 168
1690 1248
816 887
538 394
1948 1767
1223 64
556 1992
1649 1667
1042 633
1683 1150
1591 1376
1252 424
264 143
1555 1482
1456 712
1467 144
460 280
1612 232
1819 1109
256 2012
868 1067
74 160
1569 1754
1768 628
636 90
41 368
178 682
98 1420
260 487
1480 605
524 1667
857 1447
1536 1174
1972 200
938 727
1952 659
1300 1448
1043 1472
167 720
1386 139
1792 854
785 240
589 698
1312 692
524 1186
267 42
646 175
1570 496
1393 1312
450 646
496 1248
1404 864
1872 1622
944 1482
410 1939
1837 1080
371 578
1850 1224
116 2004
1380 659
637 1928
1294 1453
2032 1752
151 1552
1760 30
893 448
864 227
2037 784
1344 576
1365 1258
33 1424
1822 1706
1624 304
1054 168
1626 438
546 662
888 477
431 1248
476 1605
1786 1902
2035 176
316 882
626 1864
283 661
544 1887
53 912
1155 1537
1544 1872
1568 2000
1453 108
746 128
1892 0
1472 1211
254 509
1480 334
279 728
640 129
771 864
1530 1647
422 970
542 500
1506 959
1268 1740
1342 684
865 1050
1640 921
888 1168
170 1098
1497 1828
984 1318
1296 872
2032 982
159 1957
1276 760
1776 1893
826 1012
936 421
360 44
1624 1536
92 536
64 1859
1286 1328
1817 1373
1384 272
1646 1789
512 503
428 1113
160 1212
840 1609
1609 1557
580 1204
289 284
1984 519
249 1330
483 1298
1600 1834
1320 341
364 1900
1294 98
1952 1280
249 706
30 773
1204 59
1318 230
1144 1756
1024 524
1641 1340
1944 1276
170 1014
725 1488
1820 1314
30 176
1936 914
28 1696
1578 1692
1293 1584
624 1744
538 72
1654 1008
160 1389
0 2039
1704 1882
808 482
743 1060
808 489
1517 930
2000 1292
764 1055
1432 1248
1920 800
1226 316
1260 1177
1488 908
1551 169
750 786
748 562
1448 535
1066 329
1019 704
255 1642
794 808
396 406
1192 1452
1712 533
1308 1696
45 554
542 1200
526 1696
1336 1664
1460 280
1042 529
319 440
320 1593
659 1448
240 480
1686 1336
1269 453
2043 784
632 1946
1828 664
1836 1736
1499 1082
607 1983
784 570
86 1152
1988 1164
404 968
1944 455
1756 404
2023 1440
994 253
1222 1469
843 2013
1470 224
424 1121
1960 220
649 1066
738 1002
416 745
263 946
536 680
524 1504
1956 1987
1672 472
799 1010
852 1184
1456 56
381 1769
1579 1864
8 1856
572 478
1651 348
1412 235
468 1278
936 824
1706 1862
1550 1102
479 1035
1620 1026
1472 902
1195 684
1977 1135
94 586
512 104
644 56
1996 1268
832 366
292 1155
1315 140
588 906
1548 2028
1028 218
1048 1489
999 544
1949 1000
997 1893
1756 1504
876 312
2044 1080
290 566
992 1052
1608 1694
660 1222
1204 592
470 935
136 424
1992 1538
193 1447
1096 998
1209 1388
1168 1390
1740 552
1805 627
1062 1372
1640 1255
440 756
1368 1430
1688 588
313 1096
1810 1395
212 1450
1472 1853
1454 1620
139 1609
1058 2004
1248 1796
1356 1816
1002 224
1450 4
155 768
468 1661
1758 230
832 1513
821 876
243 147
614 1632
1648 462
521 2001
224 1360
1508 1328
1499 1120
1884 1630
520 1324
967 220
1950 1200
1611 1524
1340 895
881 928
1720 234
760 696
736 488
456 1862
1040 1042
182 875
1080 1880
539 1920
1766 1664
1562 1855
1409 1598
64 480
1616 336
501 160
1687 24
1600 22
1812 396
1252 953
1638 1781
473 1337
1295 210
784 750
1592 588
1238 664
1132 672
868 1583
1832 784
846 2036
151 1282
805 313
1414 144
1800 640
80 1920
234 233
422 1104
1640 1265
288 841
935 57
1588 736
1217 921
1822 85
952 1137
1856 1518
542 428
1030 1540
1240 121
431 240
234 1557
1006 169
48 1496
432 704
1728 514
1966 1964
396 1015
773 1920
726 2030
1344 1203
1356 1380
152 1286
1728 196
391 722
619 1629
492 574
1152 1024
205 1931
1536 1054
92 1667
1552 743
392 326
1754 1184
676 1120
1312 1425
810 686
1741 158
636 708
754 46
1200 1700
1424 748
189 221
1696 8
691 1230
2008 1824
2038 307
400 280
736 186
462 1760
1406 774
522 1153
1976 1959
310 1797
424 1232
1501 224
703 794
523 1200
378 1268
1853 1712
1686 1293
342 1288
1492 800
324 1926
162 1225
643 1602
32 1672
1296 168
438 1544
2047 692
807 1277
1939 374
216 1490
832 1992
1778 1232
1027 1360
384 1500
364 824
1397 1240
432 1934
984 674
107 1841
1504 692
876 1068
824 928
96 1905
562 1374
519 96
1424 927
198 856
424 1136
24 1039
1091 1807
480 268
2040 512
672 1716
74 1791
1961 448
898 970
597 1680
952 1520
808 1412
1934 682
267 1039
2012 584
1544 1240
371 736
848 1656
64 1879
452 792
724 1442
1979 1478
277 950
1334 950
418 240
460 1214
1076 1602
704 211
1428 929
960 979
308 871
196 817
990 1424
1412 38
1040 488
392 1044
1710 230
1614 364
1135 1956
100 892
966 1187
40 647
532 856
764 1219
932 572
694 1172
856 1024
668 1862
506 1878
1173 840
436 1057
2028 1928
1760 178
1541 1643
780 472
807 524
1367 1822
716 1832
1363 1011
1172 1420
1512 1151
1648 768
133 2024
1283 392
1280 1190
1919 1426
200 644
2016 186
580 400
1139 1583
228 1370
1593 381
1640 1172
887 932
210 1608
432 1374
200 266
1 538
1992 818
78 134
420 1136
124 351
286 1158
595 363
1188 26
1687 664
1826 1082
358 1112
1448 67
168 1537
1383 1076
260 1508
814 1200
790 494
364 1060
620 1258
400 1776
307 1586
1154 1940
720 1870
1567 1064
1889 879
370 320
760 1406
1452 926
402 1121
1328 714
1256 592
1168 872
1030 1248
1600 272
1515 1208
1659 1067
1384 1764
1424 285
1426 1904
298 1471
939 1934
64 176
1250 1885
334 1176
244 92
493 416
1262 192
560 1977
1611 869
1566 1759
1932 1316
1692 1992
1999 1932
452 1120
1932 1252
1606 536
1511 871
84 1330
883 154
1248 136
1593 816
1924 1596
1538 1853
244 746
1214 490
984 612
563 1232
1173 459
1794 312
1390 622
1522 572
672 1641
572 449
62 1705
28 816
1348 1189
1552 40
387 1936
1270 306
14 636
1892 1456
101 1792
864 484
2043 1732
1813 664
1916 64
1340 1003
576 1104
764 1404
1818 1064
1212 31
753 116
496 2040
384 896
982 1515
1514 71
367 816
1504 134
1744 908
1385 1023
1708 150
1912 752
1187 16
896 944
1478 365
1123 1664
1974 594
276 1568
1660 1112
579 658
670 1961
1169 1655
220 1153
145 1153
976 1018
8 1775
2 488
2038 848
1680 765
1895 1792
1365 1621
1412 168
270 854
2028 92
176 518
1617 605
454 354
198 849
1856 224
1662 1969
704 954
1042 930
1676 1048
1664 1343
1354 1120
152 1224
716 1084
513 688
1324 292
1088 78
1812 2012
1291 1098
1788 2046
272 1188
337 909
1552 1150
670 925
1653 1568
1888 428
766 841
680 998
240 1724
258 908
1264 1444
672 876
190 163
288 1109
132 949
166 206
1623 492
458 1510
1082 822
1058 1825
1487 98
438 39
1792 1062
649 182
814 1588
1287 821
600 546
2027 1304
1958 1367
614 2042
1099 1324
1499 1988
1861 409
960 1376
1288 1794
819 63
20 970
1376 192
1890 1900
1964 1192
820 756
1008 988
148 930
382 416
324 1969
1162 636
1677 176
830 392
224 1385
332 1248
160 1069
60 180
1055 1085
1832 1584
341 120
1216 784
1584 1132
1576 1708
714 1974
1906 768
1904 1891
1165 61
276 1120
1140 1726
1078 1285
1604 949
752 2035
786 1315
656 921
1730 1646
232 1984
552 192
487 556
1519 196
1954 1084
768 1664
144 1573
1961 277
619 453
668 1324
1182 644
776 1800
1100 1350
1656 257
1218 828
1197 1876
1752 994
1799 426
1406 1610
600 1677
848 512
810 1198
80 98
1227 1464
120 544
6 495
2044 572
1330 1522
884 332
932 1908
616 1080
1776 700
1792 892
24 1981
1386 1637
1232 1712
505 1957
1202 409
1575 472
1446 752
1715 1158
1662 796
910 1086
292 121
620 139
1712 846
1352 228
467 698
858 1451
588 1047
1632 1780
1182 928
695 87
777 1072
103 1722
356 608
736 515
46 376
496 1530
622 1032
479 1935
1841 1204
1408 34
34 756
612 1557
364 1429
16 970
1816 948
2016 691
778 1219
1002 182
560 1634
473 518
886 1283
788 1748
344 1934
1502 341
847 1208
1802 3
1494 161
1544 1760
802 797
146 524
894 1960
510 1180
407 670
1498 536
1413 218
1871 1134
1666 1940
248 1540
2028 992
846 1001
716 882
1070 24
213 1856
848 1697
640 603
1408 868
199 1912
1060 1830
1914 847
812 1434
1174 24
504 230
800 1648
899 864
82 988
264 1002
515 839
807 168
1388 1500
24 1632
1004 512
997 2045
994 1292
1964 331
66 164
1345 260
1365 1600
192 138
1840 334
957 1416
327 1434
422 814
2015 1840
1990 1398
1807 1468
1039 1324
306 1376
32 293
641 878
1401 1536
1440 949
742 760
584 624
1238 1121
1247 657
1729 1006
766 71
708 126
1974 1806
348 112
656 1568
1557 1708
1908 1381
167 1132
1304 2005
456 508
80 460
790 1609
1290 559
448 654
838 272
1944 1912
978 246
1412 1544
1072 1016
904 2
865 582
1984 1367
60 600
1110 584
384 120
1594 1694
823 1100
1484 334
1589 141
1138 1856
1054 368
510 1600
694 916
1647 60
120 1742
1028 1264
884 1707
320 1003
1862 1955
1749 732
1706 1449
1647 780
150 452
1584 1024
1504 1386
720 1868
1255 762
1908 370
1099 1984
928 1111
91 256
1820 1049
88 1300
1805 1680
1286 1550
422 152
164 1400
687 1676
240 121
948 540
372 438
272 2022
1646 2016
1728 2046
1748 681
1872 1084
1409 15
781 1516
1094 1426
1259 1707
1730 620
369 512
1117 77
816 1720
1558 636
1840 1716
1964 572
953 877
372 660
512 1220
30 848
856 512
1696 447
2044 1040
1392 862
1888 976
648 1350
666 760
632 474
859 1542
1764 1786
1730 1062
58 1108
400 0
728 870
1843 516
1952 1074
1791 1213
570 48
1369 648
1272 1916
268 816
710 462
1668 496
440 1130
262 392
1112 246
1648 1936
1108 824
1716 914
512 476
2036 709
424 460
1950 300
1520 1760
1494 143
848 1467
240 883
756 1646
2017 132
888 856
1888 2020
1850 1528
1748 317
1294 1032
16 2004
661 584
86 1824
1880 2008
1988 1676
964 1126
193 1044
50 856
800 928
1246 400
1322 2000
1434 1624
996 1550
1465 1236
2012 122
120 394
284 1380
1172 732
748 1599
1199 341
1596 218
1800 44
96 83
808 167
1569 159
784 880
772 1048
910 1958
448 1528
416 1995
338 1776
1297 1703
1083 446
542 1880
848 1220
1433 1759
18 1014
1360 74
359 448
1062 247
416 1345
942 612
1914 16
181 1350
564 1656
74 1733
1646 155
487 964
1285 451
2032 685
1286 1293
1946 359
840 1673
1568 1680
358 1739
0 1476
1037 1676
1764 1153
1376 1474
704 559
172 1990
430 1405
911 1464
1144 1768
1936 1260
944 1051
368 1601
688 1604
1430 1232
1424 1111
299 280
1784 1984
1231 944
404 434
420 1981
0 1682
607 1128
1577 672
472 1552
1456 1726
122 294
684 908
237 1360
1606 1473
1736 656
1308 1917
615 384
1773 1686
730 715
272 652
1001 1088
1784 508
1134 2029
566 716
1489 320
1618 799
136 1536
84 818
1346 1042
1632 1807
64 1359
556 1839
1175 1728
295 673
146 795
1612 1126
1624 470
2000 50
1564 361
288 1170
1267 2014
1280 1532
1958 1954
368 674
466 1328
252 1088
1594 1723
1552 219
1221 1194
357 640
295 1908
115 384
227 1028
1838 1013
752 178
1282 237
1887 506
1464 1343
784 388
312 472
2018 772
1016 950
1240 771
630 1472
1696 920
1890 712
52 736
1920 362
2028 1382
1984 357
1544 1279
72 1046
430 2036
1446 400
43 548
506 1227
698 1776
2036 18
186 1938
598 1528
340 986
224 1230
496 488
200 528
48 708
312 1170
1010 824
1795 1812
294 1653
385 491
377 1680
1625 964
974 1669
1458 786
1530 260
522 111
248 498
294 324
950 1312
734 130
107 1581
1823 992
530 276
1380 1752
1608 1809
1138 737
722 1268
180 1801
2000 1716
810 860
1416 1428
486 1420
200 1101
1792 1736
167 1148
423 246
336 132
556 799
1328 1651
96 319
1348 962
1944 1858
1462 612
1728 1364
1720 652
1158 1373
1656 808
1682 1252
1104 825
1290 709
479 600
1480 1152
736 606
1168 808
1764 473
568 855
1588 1776
1598 1553
472 416
1978 1754
1237 148
1363 96
522 190
1702 856
1139 1216
1940 1030
230 2
1064 1304
384 1307
767 1749
924 544
905 1019
1090 765
896 1750
403 1414
1098 1584
800 237
460 395
1797 544
528 211
12 790
1453 1166
568 308
1650 527
302 448
1755 1796
1064 683
1856 160
1335 152
108 1424
448 1729
1790 1468
1874 1683
1864 1804
1795 1030
818 548
448 408
348 27
1234 880
1425 1418
536 1450
1353 2038
1820 1437
188 108
284 666
145 1112
434 669
484 2024
1508 238
40 307
24 578
1656 471
1002 1160
179 2034
676 818
1778 1206
144 602
1036 768
428 1651
509 1376
872 1952
1971 1120
1566 930
50 474
320 896
608 975
1248 364
427 1561
365 1937
1628 1136
1850 1726
376 836
1096 1368
830 1206
1257 1056
23 624
1336 534
1757 1880
1762 1040
1430 1611
244 1394
253 1104
497 788
1188 1520
1604 1860
1579 1011
1298 1925
1254 1616
56 289
1417 446
936 798
289 1422
548 952
1991 256
1430 1832
1216 1
450 1164
1728 568
704 427
1185 874
270 1740
417 512
1984 560
624 382
1674 816
1549 1972
1768 2005
853 232
1797 488
772 512
752 473
392 800
980 483
1856 556
848 1192
1048 686
31 735
40 2022
560 1616
1517 1209
256 102
412 1066
1833 464
149 16
1378 1127
626 1832
1370 1600
1781 154
677 1921
1196 1088
844 1465
845 1080
1715 952
1382 2020
1977 839
696 1318
1690 1331
70 152
1374 1170
1440 1713
1673 1192
64 624
693 1044
1892 30
1214 1584
1621 1005
2000 300
796 228
1966 1160
348 1562
1504 1426
320 1372
1728 813
1464 136
72 154
384 492
1272 667
562 544
1350 1106
239 510
767 678
1826 752
290 1226
2042 1464
1727 1224
796 1827
488 2006
1136 904
628 706
910 992
1916 1492
2026 320
274 746
661 1322
174 26
780 1517
1920 102
360 263
1632 1467
1464 1460
1868 481
1276 1875
1391 1648
74 914
931 241
700 1614
264 71
1996 1866
324 628
0 1051
1410 1152
708 328
936 17
1328 1766
912 110
232 496
1942 799
76 168
560 1648
1420 320
44 1928
518 634
1520 1460
64 1002
1551 1878
1304 1491
153 1762
364 1876
444 918
42 1804
1888 282
1648 1370
1216 1745
647 666
296 1538
1441 1656
440 1122
547 1212
1531 1472
934 460
552 1968
1004 882
728 593
278 345
1780 48
1803 144
576 1792
1670 1768
1570 216
1264 1500
1408 1960
1027 1903
1225 28
516 1375
391 1372
230 24
2043 1546
736 246
54 1141
356 200
468 2020
258 1368
1186 1120
1970 502
1184 326
736 1007
1752 668
611 1994
1328 524
194 6
1990 672
256 446
874 674
1510 324
1084 924
1292 1728
1122 378
1740 1296
1006 980
896 1414
466 1062
672 348
928 1840
612 24
1612 1646
2044 1264
686 206
1112 388
196 1328
262 2044
786 408
48 198
1077 1932
274 16
487 1030
224 496
24 1771
1744 880
13 901
1876 568
1392 788
24 308
360 1350
60 404
234 1981
1156 535
1339 384
216 1608
1552 32
1506 24
64 1428
946 992
1200 1932
671 723
748 1822
642 1896
2031 1026
677 1030
136 529
1504 1538
197 766
320 672
138 1448
1108 63
1188 138
1648 266
1049 588
1638 292
602 366
822 2042
1555 618
671 566
492 1104
94 1230
1792 1748
657 1008
274 2045
1696 995
277 532
358 1136
1817 1168
1890 1694
988 269
1061 116
978 1652
14 522
1820 1984
1055 936
1670 1688
338 817
288 1756
543 1559
808 1952
1112 328
192 1254
1731 1265
462 762
1530 1820
1832 80
1399 414
484 1312
664 830
636 1516
1288 544
1958 1322
1574 1711
562 1136
456 1496
1204 644
1057 1672
2020 412
2016 1620
1428 832
1746 1117
970 1547
183 1856
764 1636
1180 124
960 368
1854 1023
1165 727
1453 1904
377 1744
1818 1440
832 1772
416 1302
1014 338
1029 1568
1470 588
1496 820
1336 1044
1567 470
1637 268
84 1360
308 557
656 156
1400 293
1510 118
850 319
1734 456
2038 1834
1224 1408
1312 1356
270 538
1126 1124
277 48
1327 1819
1344 1456
1752 944
944 528
1849 1558
471 1762
315 1579
1880 1198
1856 1356
1521 1723
766 104
645 1477
1588 58
855 528
336 1447
1174 1819
919 946
664 1854
512 1943
1308 710
12 1344
323 262
1666 600
1579 1620
1368 1464
1047 1449
502 1274
242 189
836 996
32 1857
887 1944
1190 1388
1536 1804
891 942
1626 1792
118 846
1838 1718
798 1898
364 1800
196 200
1556 72
1174 1947
1262 1600
994 886
165 1574
1600 1116
1024 2014
152 466
19 1122
931 8
1491 1930
1047 1610
1692 973
740 479
728 343
728 341
1880 138
1837 32
326 432
192 648
1208 983
404 768
661 2
1204 304
1413 941
1550 1307
1336 1188
1462 1992
1858 236
1771 112
136 312
564 776
1224 1860
122 1378
180 1762
72 1597
163 1312
1992 130
557 940
1444 610
721 1344
1476 1284
904 896
1754 331
1830 1444
1088 42
1441 164
1324 1771
1123 406
616 576
1062 135
1346 678
118 492
424 1928
1024 1692
1498 732
1874 164
1944 698
188 2037
1238 1736
1860 1014
144 1336
1382 1745
302 0
1104 1466
1340 1214
629 1469
1151 109
672 1496
256 1824
748 344
1024 728
1064 484
1472 176
684 294
1636 874
1134 1094
1130 609
300 516
1804 2027
548 1893
988 1490
312 996
1712 1500
38 753
226 500
1768 240
1716 1307
1856 596
74 988
481 1552
569 1812
1252 1722
1084 2038
1024 1392
592 1716
739 230
168 647
649 296
1529 1016
226 320
1888 416
12 320
1735 1004
794 536
1189 601
1769 1672
249 1676
867 1418
1690 104
1784 314
1196 1445
428 1631
238 2016
142 1755
242 773
800 610
1113 1800
315 1255
2004 1188
1014 1644
1664 1254
742 1504
1151 1118
450 192
1471 1376
1144 46
84 1944
1060 180
954 1412
401 116
1926 475
724 263
2022 576
660 929
1086 807
1848 376
1182 900
203 179
256 368
204 232
600 915
922 936
1952 1688
1220 664
1844 1100
450 1884
436 996
1558 1289
1466 392
260 1712
836 239
384 1727
168 1088
196 560
1888 792
1854 1842
155 1296
272 786
4 636
360 1274
784 982
360 592
722 224
1360 36
1519 1178
1192 72
2027 1955
1226 1245
188 1001
2014 1856
104 1266
8 592
1424 1610
1469 922
64 1089
818 82
1611 701
570 930
1840 608
368 968
1349 926
1480 40
1552 2
293 452
96 1136
744 1798
1776 832
1995 886
1232 1600
160 1024
98 1642
1136 1272
276 1472
400 398
1617 1716
1544 64
48 830
1128 609
882 602
584 1450
192 1212
1658 817
1439 1459
59 1912
444 696
542 1444
172 1232
1804 740
883 654
1284 772
1445 845
1114 194
592 950
838 1605
1290 1890
1606 1778
1280 1736
224 1703
1136 654
1656 284
923 586
1804 1965
1984 1357
1722 1979
1616 1444
1150 1748
434 794
116 1785
1476 1794
100 1481
1302 1888
1771 347
1545 980
96 852
574 1680
1238 416
1243 1908
478 1743
1264 1187
1740 1152
346 1059
1600 1032
455 1588
1744 1100
547 847
1217 1639
380 810
6 567
1749 1444
467 614
1614 1520
1865 1598
655 584
1888 859
1036 650
1252 983
589 962
773 456
681 252
1480 69
504 890
183 1219
972 1120
516 585
364 816
1163 1008
1018 1275
1940 1095
1764 109
906 243
104 588
192 1549
1084 739
1953 1888
1809 1272
128 1758
832 1514
820 788
651 64
1192 1798
909 2000
804 1492
978 1814
1888 423
980 1168
22 639
1136 1499
1376 1484
516 352
1196 1210
1808 1445
1152 1674
1242 1404
1828 1536
243 821
967 2043
1175 1463
1847 406
1024 1808
1076 1698
324 2024
10 1120
268 1341
620 822
893 256
1466 1882
778 1976
781 1274
1580 360
688 1044
1896 1830
1552 264
1887 1496
484 964
360 626
272 599
97 1569
572 1056
16 1680
1089 704
88 590
464 194
352 791
1010 1820
1772 0
48 0
1052 2008
539 1368
424 1200
373 627
544 1895
1846 457
1531 1202
654 441
560 612
1857 808
1228 606
183 12
1427 1084
512 1644
1493 818
1032 1974
1439 1676
1972 1545
438 1322
572 479
659 353
1627 1213
524 252
1686 1649
128 766
596 1014
40 274
34 579
1986 1840
744 1970
1207 2002
384 1478
1397 1652
711 2029
1741 1656
173 1256
694 790
2006 560
1616 1003
1584 384
1544 1311
1750 1412
1307 1612
1724 736
716 1498
1247 1752
10 1349
1756 1150
312 476
335 1152
82 1218
1764 166
1947 434
240 900
270 1071
456 1990
682 175
1805 1176
1414 0
1339 1664
928 244
868 1892
1292 1294
1712 1995
1632 744
940 1744
424 1478
1617 1322
48 1344
1992 213
1460 1208
750 523
1236 1908
1792 1678
576 2024
896 1638
42 721
870 838
1752 401
1796 1785
1024 640
1186 200
1848 806
1870 68
80 850
313 1328
1920 1314
825 763
1877 560
1145 1040
957 520
787 868
560 447
1334 1926
1643 1992
1178 1838
1280 212
1420 1480
1116 534
2041 775
66 954
350 1514
764 662
275 531
355 1380
1488 862
1720 1942
67 1546
1230 618
1920 112
580 661
891 624
96 1682
1552 988
340 520
853 416
558 231
762 1434
682 58
663 364
1526 332
499 1028
681 1032
208 64
404 1141
12 1888
399 1392
545 624
1329 992
452 1378
880 390
766 1488
1024 1071
708 1187
1568 20
1674 1120
1976 538
1612 502
172 114
1926 164
1462 1342
842 848
1650 880
512 780
832 1355
1240 1792
305 596
816 1793
1224 228
1970 2016
1056 960
1936 1920
1164 390
588 318
1774 824
1685 61
1555 970
182 1413
1252 900
1280 770
682 50
256 956
1200 1074
1588 962
1312 333
1578 479
1209 1235
1290 352
494 1412
1572 1471
1378 732
1797 624
654 1666
152 481
964 1721
32 371
736 1644
412 928
694 1236
162 608
1448 744
86 1680
50 694
339 1140
316 1154
1794 2033
224 1146
1480 1568
1504 498
1481 1024
1792 112
1409 556
153 304
1460 800
1254 600
524 1424
37 485
750 695
71 1602
884 496
1910 1402
726 121
37 275
1462 484
1879 53
371 590
1304 1562
1685 1130
1072 620
1188 808
932 804
1107 92
840 1040
504 402
73 1740
608 1866
1930 613
219 445
841 986
1324 1724
70 60
1697 1090
1808 0
1852 229
1198 837
840 1342
1220 480
224 618
815 121
764 1184
2045 1192
1899 314
1718 248
1630 1605
1943 1280
1266 1973
1552 424
872 830
743 259
94 1984
544 1768
1268 1269
1567 534
2015 582
304 2002
646 375
1436 1190
364 1714
800 816
1372 488
718 1096
130 1042
1080 1254
1272 1806
1876 1262
201 603
322 1254
832 1441
628 36
1056 1512
990 152
1507 1886
371 1392
132 1044
1120 616
536 1012
612 718
1694 308
1897 1376
394 1032
2034 380
558 1532
1932 0
38 886
1382 810
748 384
1105 969
1794 205
1856 1256
532 240
692 534
1046 1852
464 936
568 242
1019 1984
722 1795
1800 1700
1036 81
248 30
809 1071
1988 624
1937 1371
1233 926
918 769
697 1130
612 1392
1912 251
760 464
64 1144
1233 1344
342 2000
510 1088
713 187
1381 268
144 1308
1366 76
820 1876
1596 199
1580 1460
1442 1604
1578 1448
1260 1739
912 1598
271 1909
224 1760
1804 366
1931 1150
1496 628
612 214
1941 198
919 292
1788 1657
835 265
1363 594
636 1184
650 1708
1998 2033
759 1088
542 1361
800 1968
1336 43
195 1573
967 860
256 869
436 1728
1866 1064
693 0
638 480
196 1491
1948 1809
1376 92
2024 15
1724 1473
1481 1248
1431 1904
0 316
414 768
1164 992
1803 776
1116 327
1752 1035
731 16
796 1167
1920 638
374 1370
1864 1828
704 66
1666 1664
841 1974
1490 207
1262 1960
752 1482
465 1344
1960 320
1968 1022
2041 992
1519 1716
1909 1364
48 968
1132 1692
899 1088
507 1136
589 674
143 1928
636 1666
770 1962
863 1129
1446 1947
468 180
1984 1437
1636 1152
1990 28
1698 476
8 2040
904 1067
464 874
1604 562
1560 1240
256 1812
768 1964
1016 1184
1144 1058
1098 1044
1985 1052
1160 1386
1304 976
1072 1285
491 1632
617 2042
1031 1626
1948 1072
1538 952
1778 299
1047 1438
570 249
1160 856
1618 616
4 2032
1288 1191
9 903
1564 1836
850 1848
229 1848
1587 1350
154 662
390 1806
1712 683
1272 1600
762 802
1802 608
547 474
1821 1792
703 1011
884 592
1220 1225
576 1692
2016 1327
26 148
54 1347
1596 165
1614 1304
642 190
759 235
217 19
786 492
2036 1655
220 1520
1519 804
161 656
1422 1099
1520 1245
848 688
764 802
357 566
112 36
1492 1500
2012 1456
420 780
1346 512
1042 1343
980 1832
2023 328
157 251
1760 88
160 28
559 316
809 936
724 1508
896 1345
1976 1619
1782 281
1360 896
1344 1952
1179 2040
1712 80
592 8
823 0
1498 1254
1811 1824
1809 1040
48 260
1744 1318
166 1991
765 1958
723 1230
648 1632
1264 556
952 1599
758 2006
398 761
1233 848
450 1380
425 1022
1004 1527
1850 1908
2028 1212
1256 1568
624 1273
1539 547
640 1227
1793 970
472 1860
1808 1476
152 190
144 1610
232 669
290 388
1212 1451
344 520
154 1532
634 958
1002 452
1067 224
1280 1497
1760 359
1430 808
550 1034
1080 891
632 532
1510 1713
1446 1771
1352 1871
434 298
1952 1043
1551 1665
682 1266
1159 1249
1354 116
1659 826
939 1104
1142 652
685 1540
460 1607
1568 774
1966 504
129 1930
1816 1431
44 1564
768 546
1868 12
802 468
216 226
543 2012
1032 476
1515 1682
1314 2018
1758 957
936 38
2016 114
2045 2016
656 620
1784 650
553 35
1682 1353
1252 654
1108 1344
754 1054
885 260
766 1416
880 150
896 636
1222 848
1024 762
1640 2033
1080 356
105 698
1251 183
1477 1059
798 196
1760 100
448 1088
1488 694
1359 1681
1409 1332
208 1174
446 1424
1712 1819
1862 1020
536 752
1248 952
228 377
867 739
526 384
32 112
1450 1600
37 1666
1072 1486
301 1030
393 968
618 1176
1267 436
43 1434
678 1665
1610 736
1792 790
301 128
672 1447
1724 1980
1980 1714
1720 1832
502 1957
1733 717
700 1124
1586 1835
2000 696
1136 1704
1984 971
515 336
181 1714
605 1184
365 1364
818 288
1268 890
1856 882
1070 678
1940 122
1876 1976
1264 2039
1208 2044
884 300
1204 1401
1070 1470
1044 1040
699 674
969 1797
672 2025
2024 1972
1473 502
1292 1336
1168 1074
1718 120
944 2042
435 1216
499 191
394 1153
340 1968
1348 1872
2002 1150
1120 1948
1692 1985
