100
124 137
10 174
241 224
112 12
128 131
96 208
24 244
182 134
132 228
76 220
126 202
170 172
175 85
159 219
199 140
228 141
207 72
6 16
104 34
230 232
172 208
255 200
48 52
141 96
198 31
136 25
40 182
8 64
204 64
50 89
220 27
128 8
236 179
168 94
160 84
224 132
92 52
128 132
184 88
20 115
174 60
122 184
120 160
94 235
216 224
81 84
184 102
105 96
64 20
44 66
3 116
199 196
0 20
20 116
6 111
5 165
123 1
18 193
160 232
104 134
98 204
240 241
74 0
199 108
208 130
223 138
234 119
181 0
25 128
78 170
88 255
224 192
189 180
234 188
43 56
154 192
71 88
50 230
68 240
216 207
101 36
92 0
8 40
128 213
60 96
179 81
21 5
24 12
129 140
148 213
180 168
192 152
112 104
16 142
174 112
188 120
138 245
18 86
172 64
191 37
