10000
1240 256
462 1216
1745 1690
1784 897
64 858
1317 1214
499 488
1460 540
168 1926
184 834
1578 1032
803 881
1015 1194
1808 1426
1158 1868
1730 2045
1272 1133
608 1940
558 121
1708 1088
1138 1728
1672 2010
1046 1770
84 1408
712 1248
1952 990
754 1216
576 1362
762 1452
1806 248
152 1938
573 1779
936 948
1248 1277
1917 107
1672 70
30 1253
724 1230
405 14
1872 1160
592 1982
269 1624
401 1868
1992 11
820 176
1256 1840
1065 1325
219 1602
684 1142
120 1283
960 48
510 1998
1728 1008
594 1780
415 1406
1008 1836
753 183
96 970
5 1098
1185 1670
414 1228
60 191
840 1584
1480 1437
80 108
0 1928
1503 858
1764 1742
1052 1520
1487 905
1918 476
297 308
1522 1180
785 1432
1054 421
816 1061
1103 1534
2016 1428
1592 647
1626 336
1472 426
317 916
1910 1761
736 1628
1454 762
240 560
1595 328
644 214
474 24
1824 480
295 1891
1850 1712
1672 1154
1002 777
1644 1260
1189 1584
1741 179
1120 1302
1784 1246
1002 1118
1908 1660
1318 1386
1322 1135
1428 1775
1226 47
682 2
412 1896
110 1688
1248 1329
1088 736
981 1270
1043 1457
1580 1310
1355 1224
1116 1103
1843 1380
296 564
1645 1796
520 550
818 1215
1798 618
1262 696
1024 1448
608 512
1237 1240
484 1536
78 1568
1700 603
240 2040
1954 84
1912 1872
329 368
312 1380
292 124
292 128
592 681
1226 466
1959 1499
32 1058
1449 135
1542 452
1112 500
282 467
1528 1692
1260 2032
1143 1034
1901 1792
1900 226
1766 1360
786 1680
1451 1542
1932 960
520 1428
1632 1412
23 412
1440 2036
882 1248
976 240
1008 1336
60 1368
927 1696
253 816
448 991
856 1253
834 1665
352 1394
221 1886
304 1594
614 34
815 1512
1728 1824
1859 933
1121 377
774 1228
1600 544
770 747
1532 283
1116 644
532 313
706 1056
457 1991
1152 608
1123 1256
589 634
830 209
1705 1571
1762 528
1371 1558
1368 804
823 216
1096 362
228 1194
1466 846
1503 1296
1648 1698
1712 76
400 2024
1661 1840
1135 1786
1967 64
1442 338
1428 1960
2037 500
1633 898
244 947
2008 1529
254 1933
1469 151
892 1740
1768 551
559 64
388 762
1499 136
1648 898
1736 1408
643 169
642 480
1600 178
1743 540
1800 1341
765 953
1022 1940
644 1989
2033 598
761 1655
1368 1037
1064 1462
116 1088
448 219
1066 128
618 723
1488 1284
1337 2039
2033 1239
1018 1959
1733 1119
777 1408
58 1480
718 2028
310 1098
616 1456
1760 583
1024 165
1828 302
1770 1564
845 444
1247 1866
168 4
1838 146
1856 1088
569 94
347 1415
1864 639
716 1744
1856 1002
345 1228
1078 1837
1158 1713
408 854
1672 1666
968 1976
248 265
252 195
1227 760
1920 166
490 942
1349 1168
138 726
254 1226
1332 423
1424 1870
401 1405
232 256
951 1284
312 1532
1763 352
1619 1060
1619 1897
1967 1312
364 1986
660 994
40 1040
1882 412
686 2021
1519 706
2008 1034
838 712
1208 1362
345 1712
1232 530
1754 818
1536 179
1436 1137
370 1929
1694 47
615 1974
660 376
701 606
1044 512
241 2037
336 572
1588 1280
32 994
1129 1996
2012 632
1929 1094
68 1296
1468 1062
1996 1816
1224 842
1542 1104
1979 1280
1920 1116
162 840
1272 904
1305 1876
320 548
1011 1410
840 565
63 1498
855 1839
70 1171
147 160
354 1800
504 357
342 712
1942 1073
961 1518
1384 758
488 936
1388 1792
1084 132
1713 2004
104 459
1902 752
1656 1128
1212 1168
505 664
1801 674
524 1970
1136 1754
742 412
1824 1870
1992 937
447 1020
1916 1426
524 818
1080 224
1867 1819
1134 1280
446 1706
862 759
429 303
544 1679
1600 448
631 512
1700 1613
1920 1861
1304 770
1606 817
516 1740
1360 1856
1624 196
60 260
1032 960
1964 1214
1763 1012
418 1920
1944 297
44 1008
95 271
1218 1600
980 2020
505 1280
1680 1126
1808 1546
56 40
1034 481
1428 1824
620 716
1680 1655
1649 112
1781 1638
794 286
40 2010
764 287
693 1707
428 424
279 823
2044 626
463 1988
1707 1850
1997 963
732 722
80 1440
572 1508
532 368
1329 1016
920 963
1829 1708
815 503
1618 302
772 253
734 412
892 2047
1347 1512
131 752
944 1918
42 843
496 1340
1535 254
1440 440
1819 178
1248 1540
652 1440
1212 1690
1200 1984
1896 295
1525 1275
519 136
1252 1046
805 1728
1315 587
1844 1228
159 769
552 1281
542 1798
876 667
250 1146
1120 129
196 518
1449 1856
583 1830
381 1808
247 1856
1286 1283
744 1066
1368 1578
760 408
902 549
1968 446
712 2005
988 1258
92 660
1716 1573
1466 188
752 140
1014 614
262 1774
906 391
1480 1609
1336 1124
2006 1969
732 444
1564 352
1769 498
2032 1804
528 1434
1512 976
1528 1362
544 1006
328 1738
438 1412
556 1327
1662 1495
407 1636
230 1912
1582 432
288 1504
878 1096
1128 280
490 1783
683 56
1824 720
1713 1444
888 1678
1168 1682
1679 354
786 1462
249 1976
1366 326
353 280
1760 189
1538 1663
986 1464
1048 704
1360 916
1882 352
940 1263
1197 595
0 1774
1404 132
1296 768
137 716
517 1866
862 1766
684 603
864 640
675 931
4 1981
868 416
1324 1828
0 620
1644 1324
405 1491
832 252
305 1408
454 1180
256 492
1708 782
82 1164
1357 1510
1672 1550
2036 688
1392 125
646 502
1226 1336
1373 926
1244 180
1616 1780
1712 607
502 1430
172 1152
672 256
924 544
361 1191
1244 1887
698 1164
1088 23
1390 805
1242 1320
1502 616
1381 1452
32 1808
738 1496
1395 284
640 1977
280 1368
1514 1996
779 818
2040 1428
1678 1720
1870 656
1374 936
696 1408
2040 1174
136 903
86 283
120 108
1465 1776
1024 1952
960 232
1689 2032
1715 1129
1024 290
1772 1582
564 1584
1652 1196
1302 224
982 1273
1136 128
1026 1003
536 284
1240 332
334 148
1448 1027
0 1420
1782 401
644 753
1256 320
527 906
1336 282
1824 875
1260 1506
676 1383
1553 40
1262 412
1042 544
160 1465
1388 1424
68 1227
1668 1024
1720 1881
1030 512
1514 116
1570 622
1823 990
200 2032
128 1412
1835 1472
1683 93
1400 604
1646 1734
1368 1200
224 1816
2045 225
264 1289
1166 19
1488 1518
1152 1061
1875 1998
1994 1039
1302 1933
1624 1926
1262 1329
768 1216
500 1371
1148 1576
248 974
1132 1108
362 637
1864 1218
1867 1843
1847 1062
1640 2000
644 2044
1814 788
1592 1362
114 612
819 856
768 575
1409 484
1208 262
1616 1244
96 201
1642 1075
1312 1657
1500 1504
1203 1415
420 436
1932 1964
1725 618
324 1928
1696 366
2000 1464
24 655
342 1808
1912 1354
992 40
807 1500
1288 778
1816 1390
796 756
728 583
184 910
182 686
1234 1794
1760 1641
73 1304
1547 1143
892 993
1466 1124
1456 385
1746 1512
970 596
1776 1116
683 2012
468 523
2008 1344
1662 1742
1426 1360
2024 1442
1936 1724
1827 649
1238 1602
444 707
1555 882
1645 1784
1497 1870
1144 256
1247 760
570 656
198 1948
1588 781
722 1082
280 1771
1078 1693
1227 1160
684 1934
968 1570
1976 1067
335 267
140 1728
1876 1288
838 1549
1360 848
1371 1994
848 900
64 1926
1 1052
952 1737
1152 1594
948 1740
1632 970
664 240
1352 976
532 464
1327 1178
1118 1554
196 1875
1765 936
884 690
328 714
1024 1813
1148 14
428 822
1132 1721
176 1164
361 1818
1849 1200
1430 749
16 446
877 1992
104 1026
30 1900
1602 1732
1167 888
1600 1198
254 53
1572 200
1026 740
808 1600
980 1698
636 600
1656 736
586 2016
1712 1899
1494 412
925 986
595 1619
738 1525
1184 202
171 1164
225 1900
1840 655
1646 1707
1917 664
1866 576
610 1650
1286 1432
656 1622
1152 387
0 2032
1664 1137
1101 992
592 1496
1506 423
411 150
1536 1696
1636 749
832 977
780 1982
130 261
504 510
1626 1714
1236 884
1656 1294
788 192
659 1224
428 2006
598 107
214 928
350 1442
814 988
1201 100
1200 639
1874 480
662 386
632 916
833 458
58 710
1428 114
158 1080
866 716
70 160
1610 532
1520 701
75 971
329 340
1480 587
973 1275
1944 1070
1468 724
1104 592
144 1242
1955 1024
1690 464
538 567
805 670
388 1744
1024 1531
944 620
298 391
1566 608
1592 1439
1136 1440
17 236
1216 368
370 1292
2025 1470
713 1564
768 1006
700 1840
1824 1342
806 1120
384 1926
485 896
1444 1107
24 1350
1560 969
890 369
889 2032
112 1856
1242 719
1867 841
1762 1595
168 855
1334 1004
161 1054
1231 482
40 73
112 1084
1600 814
1214 436
1330 913
136 1082
1091 88
1120 272
149 636
1980 1022
1030 1891
518 1776
236 804
436 752
1782 1386
1560 943
963 1002
1139 846
1245 430
1426 116
95 472
1312 24
1282 987
1516 1579
796 1248
792 1965
1489 688
1618 1888
1356 1888
1864 1360
1094 757
1536 498
390 740
240 952
496 242
1382 772
1159 660
522 720
235 847
1546 1053
1102 1464
368 1396
880 819
792 1560
390 464
572 1045
1660 1634
616 468
1184 1988
246 516
1515 512
1948 832
1000 313
52 1052
1612 787
560 1134
1076 1545
1556 1654
1535 1969
1391 875
536 800
36 1678
664 184
248 1606
112 1653
160 148
342 176
988 1540
760 1678
77 711
1536 1610
275 350
97 1870
1636 1936
1002 490
848 1030
204 512
1372 563
1180 690
256 758
1340 40
1060 1277
1948 1252
1624 702
1630 1934
965 947
1702 777
2040 534
776 1228
310 544
1150 1910
1098 928
1744 1966
1423 1414
879 210
181 1179
1604 922
230 1024
300 1944
1531 1148
1677 1464
1598 1832
132 224
1090 6
1624 0
1024 1152
1786 880
1639 2038
192 174
379 492
1860 1831
510 1714
1350 251
272 136
750 1704
1212 1037
24 1994
1782 152
964 1112
920 1560
50 12
303 496
742 239
2042 343
260 392
196 1937
982 276
1821 901
598 505
1008 380
27 1576
323 1543
136 596
599 1456
1320 1474
1830 1520
1164 1056
1646 460
681 1612
92 716
1388 1250
1892 654
334 1504
1888 576
2044 1877
504 1185
1288 1369
1672 1936
1376 364
824 585
427 370
1148 906
1040 1546
1641 432
244 747
1616 954
1284 792
1623 1878
367 1568
1083 1153
282 80
1495 1032
850 1089
1600 1349
1091 866
1182 1314
1759 1040
1472 594
618 130
1655 188
122 28
1547 1792
1066 580
464 256
24 1136
496 1932
1094 1928
309 115
62 205
472 245
1680 1232
1600 1184
1384 128
1159 1008
509 118
668 1928
30 741
624 1844
572 568
1380 984
204 1256
555 1124
1412 272
1826 1514
1952 1836
177 755
262 1897
1056 2
224 600
1999 1968
1456 1496
1412 162
1694 1560
681 1281
1808 976
1952 1408
576 1838
740 1264
659 1264
1288 748
56 1815
790 672
964 1426
528 76
1100 1701
918 1658
618 627
1735 880
1104 1452
848 1664
1972 1459
140 1566
854 1107
1332 218
448 1774
486 828
456 1764
696 1676
1129 1910
340 1258
798 289
1724 784
1405 608
1064 1677
1228 1698
430 584
352 1344
166 72
1772 1467
1824 657
1205 416
420 914
392 346
1438 148
1950 1334
1647 1480
1153 1621
438 1420
420 190
1436 1902
1915 1221
548 1084
36 787
33 1108
2024 688
1556 328
1984 1784
981 1648
1682 1741
275 263
1458 946
1912 1636
1765 1342
1353 2044
360 1116
884 286
831 1596
1880 1865
1 1272
1912 1689
1652 551
1116 417
878 1965
1709 1888
828 1912
2022 400
1369 1020
1146 81
620 615
1454 1376
1316 92
348 1897
952 1520
924 973
1004 711
1307 1254
2008 1736
1264 1172
352 788
1512 551
1936 1352
1045 409
532 1834
1512 421
1137 264
1344 1566
795 488
1244 1608
1456 1847
454 240
440 300
388 251
1424 954
1536 340
1472 1968
1760 416
512 590
1947 1452
1184 594
1762 72
1465 1762
142 363
1650 1705
308 223
148 288
984 158
492 1248
624 666
360 224
1722 1832
146 1493
699 885
1448 1850
781 1701
1016 1262
9 1240
363 681
1073 1508
86 1205
896 0
266 1366
1590 584
949 1929
1132 1446
1804 1936
1946 1704
503 88
1377 960
371 536
1038 971
392 734
2032 1907
1060 1292
20 195
1525 1854
846 974
416 1810
342 1843
1270 520
1433 1602
1814 324
350 1245
480 443
382 323
1928 504
1139 1473
1374 2000
1686 992
1072 764
416 63
1056 610
1804 1520
692 1367
1864 1994
744 250
1566 1393
1269 768
548 1194
1424 1848
104 137
2026 1592
1789 571
1010 384
48 1792
1428 614
951 1656
352 1520
884 1667
1240 1244
1068 1722
154 255
1987 166
564 1456
848 502
224 649
1680 1118
1699 736
283 1856
1687 2
264 419
923 764
1346 1132
1284 2038
563 1760
0 1511
1119 1891
892 648
2002 496
144 1783
1556 1312
456 927
406 1334
1984 1973
2040 1094
472 1328
566 548
1364 1952
1934 1904
1168 690
1049 1212
229 491
1957 1588
576 1012
800 1890
1054 1760
1552 616
1676 172
254 64
389 692
1280 80
820 1238
1943 1622
512 1099
1346 52
1292 1144
782 658
94 1150
652 269
2012 1524
1140 888
1437 1198
1902 1967
1474 39
269 3
816 1256
1784 2032
1274 1547
1896 1974
844 1452
1266 1701
171 644
824 1038
1020 871
704 1300
364 584
718 1338
1228 508
1717 728
312 736
599 1286
984 1805
72 287
1710 628
1370 1236
882 1960
160 334
393 362
978 360
496 1528
817 1659
1057 1800
324 405
1972 461
1630 1214
1224 1272
1792 1872
834 1254
1902 1116
1442 720
878 100
1902 1908
2029 1774
106 1640
144 1252
466 1329
1500 528
171 248
1743 162
560 1624
656 489
1506 1916
1359 189
1936 1731
1086 655
882 1060
1704 1548
338 280
263 2014
835 320
1084 78
1652 928
2036 2016
936 1726
2041 988
1532 103
91 560
1024 269
468 1136
846 1340
1524 248
1546 1975
1815 276
1825 2010
948 1595
1116 942
1679 1837
1508 258
1738 1212
33 1668
1392 1100
1861 746
154 512
626 1686
948 1512
248 260
199 1620
832 856
1534 200
1792 1774
380 1644
1299 0
1296 1152
1594 1420
1500 1024
1944 1463
750 1169
60 1260
724 1918
1240 1808
1116 1596
2032 1180
332 688
1140 1528
642 896
1933 133
1914 1694
1593 1945
649 1352
616 750
234 734
1824 718
1914 1012
1462 1726
1525 1568
1914 1609
1276 1888
372 1491
1016 1443
928 880
158 1906
136 911
1906 1184
1470 1329
495 1062
1205 60
711 2016
1109 1715
1112 860
1461 994
1516 1245
134 242
1201 470
36 1104
85 1088
200 418
349 684
1428 1819
1874 928
1496 1312
1645 320
1628 1160
1248 1030
20 347
1457 526
248 200
568 482
1078 480
1040 1520
1088 1360
2000 1524
1048 492
1252 808
1832 1396
771 1980
1724 1762
806 42
850 552
320 1500
2044 864
472 1508
488 431
1527 1007
1072 207
112 218
1128 776
796 1978
1108 1259
618 1034
1210 1120
1786 497
848 63
1919 1315
1088 524
408 300
192 672
1123 832
1048 1223
1909 1321
1706 1120
43 164
464 1816
160 1258
20 1528
944 1806
1816 1566
804 171
1268 167
229 1600
1652 1724
261 595
697 1817
664 1021
1965 1168
995 1670
25 678
1136 856
1792 775
963 2000
1004 936
1273 1796
1712 1040
0 834
1851 1701
1937 614
1951 1805
532 1080
1527 218
190 1962
118 1421
306 340
382 294
1258 1780
1176 384
1906 1352
1421 1600
959 1383
182 960
654 642
507 324
1678 1511
230 1128
1216 632
58 258
335 1504
720 916
370 1344
1138 214
982 1113
1256 1340
796 876
1335 1168
232 52
368 516
1544 1155
434 1660
1295 1365
972 632
667 1156
1536 864
440 1837
824 1572
1480 1613
1128 947
1980 1976
320 1828
476 1741
1120 1842
464 737
446 1494
1492 164
408 1364
1947 329
1529 2024
472 1518
272 992
1782 1856
788 960
1536 682
118 1696
480 1581
530 676
91 1748
1312 440
918 951
1384 1160
790 1673
345 179
637 850
623 2032
842 506
1426 383
1336 832
836 1309
368 860
1944 892
1971 1000
124 1533
250 1848
217 1196
916 614
266 1421
320 766
156 752
1294 87
1056 282
1964 317
500 659
560 1212
1518 1101
1060 251
1741 382
516 1088
1864 150
698 698
300 711
973 713
1531 1658
1390 1456
966 1586
1816 478
1896 153
1272 1290
752 728
896 521
816 1883
358 1464
938 1744
1451 1447
316 392
1652 1738
816 1502
408 750
1330 392
290 188
1760 612
1748 866
576 1522
972 1710
1375 387
1730 1984
176 1308
1005 914
141 1140
706 1166
2044 1760
358 570
562 1717
840 655
1118 799
1118 280
889 1488
1609 1181
1536 113
1890 300
690 1664
1568 1278
256 1347
924 2031
1098 1609
878 308
513 1663
2040 1496
1280 128
839 205
546 16
652 476
1128 806
226 1068
1836 1674
460 1465
1060 199
1840 582
794 1897
336 248
964 1624
58 1936
511 1702
406 1276
232 947
1486 1296
656 2036
1621 2004
374 1877
904 1925
1158 907
1872 619
508 1344
2016 252
36 85
1280 640
206 127
1798 2004
224 1696
1774 331
641 642
291 76
1500 1345
1760 665
1216 1846
1236 420
88 370
203 332
1488 1984
1137 1248
698 4
839 685
714 688
496 60
540 1991
848 1087
72 695
185 572
714 1448
1379 1515
1597 558
1373 603
1146 736
146 1717
1504 1426
776 1203
560 100
174 903
830 776
1144 839
1718 832
1772 368
1406 26
880 1954
846 696
308 358
578 512
1572 1601
1067 1139
320 1211
1651 1565
14 244
1592 1740
116 12
752 1424
843 1915
152 1690
1216 928
1113 974
657 1464
296 624
206 1314
1328 1208
383 1956
1070 1596
1216 668
1602 384
1886 1355
1626 168
794 1073
2003 368
420 940
980 321
166 215
943 380
71 472
664 1147
1432 748
1729 2020
162 1024
1797 667
1692 128
1509 573
1052 919
956 694
835 1780
516 1336
297 520
914 69
1417 1248
1812 2011
1344 1880
1742 1330
157 1986
1813 336
268 820
1068 1746
64 284
2031 652
1328 1993
760 1486
815 668
1522 1016
1868 919
1113 160
1734 1552
568 206
1044 1977
370 952
1779 902
1138 1424
1520 1837
664 1419
2000 904
1805 1780
1670 1574
565 1665
832 1594
1870 850
1102 1055
1392 1573
1623 303
1600 1142
63 1409
811 548
537 1070
1186 1109
1969 1508
1360 1553
386 472
940 240
1637 188
1206 1024
68 512
1491 1428
1368 832
379 1698
340 1076
1128 56
1237 726
1780 1388
52 807
1536 904
1688 1944
579 785
1524 270
1552 2045
76 1376
1860 1667
972 1336
1071 351
719 1956
136 1560
948 1323
1208 638
1577 284
1884 822
2040 111
932 1920
1680 671
152 1529
1284 436
433 266
1800 47
1640 535
136 860
336 1670
1079 762
1354 232
838 948
1566 2041
1910 1200
488 598
1296 1980
1894 428
521 1185
2045 1888
1808 1220
1768 120
761 881
1754 214
1358 350
488 1154
1027 976
1733 1064
1303 1680
1787 472
1579 1246
1980 1194
388 1360
44 1858
1167 317
368 211
1565 398
98 1516
451 359
667 292
29 967
1924 39
195 1232
175 1870
1736 1849
385 1056
60 1238
520 1912
759 1412
1579 1699
1804 979
1616 574
729 522
1740 1711
1089 1290
899 1752
1877 1288
18 619
1874 1250
451 278
32 1172
1862 967
896 116
1038 381
1097 1288
1771 355
1094 1074
894 1279
1744 808
1031 1595
1452 800
1201 1796
752 1584
1507 1625
104 1563
40 678
233 1800
544 1536
1488 1124
732 62
512 161
763 1046
1362 1102
1820 100
976 1318
902 784
100 552
308 942
276 1882
880 367
1968 2026
372 838
1004 575
1482 832
700 1265
516 115
739 123
1598 409
1584 1569
934 1823
1376 1664
1072 848
1052 704
831 31
12 62
1889 1456
1932 1676
820 1343
928 1758
288 1344
1200 638
1652 1408
556 307
928 98
1936 1798
1509 1764
1509 929
673 315
64 680
1376 226
792 124
1434 1808
72 344
408 1332
1075 1895
1240 1744
288 244
1768 1534
927 737
516 0
800 1116
1002 1850
1584 1009
1315 32
385 902
1306 789
20 916
1352 188
1516 1352
1789 1594
1884 839
1909 1408
998 465
1032 1276
1774 1340
51 1729
902 212
608 130
1167 1218
1672 1170
732 704
488 1081
1143 480
419 181
64 4
420 1377
1330 1165
792 237
2047 1773
684 34
1696 1965
28 1364
232 1528
1158 841
168 1274
1796 1570
1412 683
1932 1460
292 886
1680 1980
790 1440
1570 880
1422 1448
785 968
1662 698
1632 1472
556 1720
196 824
1183 1374
1002 1656
128 1341
35 1684
96 137
968 216
1576 0
588 1500
328 904
2032 498
1368 1328
1850 561
2008 1496
960 1055
813 1085
1088 678
1948 1634
1336 397
1522 1262
1059 238
522 914
1638 1744
1564 1696
1950 1158
872 702
1792 1320
474 890
896 858
1466 384
1719 1323
949 751
216 1717
1844 688
1600 844
1948 1722
1408 1760
908 2012
1726 1492
392 1392
115 949
1251 288
1180 632
1858 1328
943 580
45 960
1099 1403
1552 2003
624 1288
1600 655
1911 1855
992 1168
1015 780
776 218
1770 1902
608 1168
814 262
1202 700
1806 1196
218 1624
1444 232
1664 804
1553 1748
129 1880
1814 1368
664 1446
728 1224
1004 1744
285 449
1323 205
455 776
384 1420
695 965
774 55
1516 1037
612 1221
1904 926
390 640
1640 968
164 758
994 612
1864 1724
1283 974
1580 1164
50 204
526 2007
316 1404
48 1148
2035 442
1862 456
66 87
908 1560
1776 124
1250 604
1630 508
1665 510
92 1454
710 1144
1867 1161
970 1697
1601 598
646 319
934 509
1098 350
826 208
300 1968
1088 1536
638 1971
1868 140
1754 790
1336 1050
438 1676
1316 768
1818 741
1677 859
1696 1874
280 1066
1488 700
1711 1473
760 1921
286 815
1993 640
1716 1163
1992 2040
656 824
1428 389
1582 48
48 565
1202 1984
1693 96
1616 904
664 781
1220 1814
24 330
1490 1516
1047 1714
760 753
1579 399
1200 1856
863 11
2040 102
61 1761
962 520
1509 398
157 1006
168 2032
1898 32
1471 1771
978 1278
1811 772
1440 1322
328 676
434 558
1072 1107
1080 1141
848 1782
744 378
1589 1463
53 1054
118 1309
1386 548
406 1269
1104 1352
112 550
1278 829
260 576
1270 1911
1866 240
1289 640
220 1889
1068 1944
633 241
258 1495
1827 880
422 1015
406 1870
1211 386
973 1351
1902 996
966 652
998 694
1214 480
1824 569
1674 1358
1016 75
438 482
1801 538
996 42
1236 1085
403 1713
1746 1158
1703 1702
1889 520
456 1553
1954 1634
800 1185
456 197
654 1518
1344 800
1043 896
196 1360
1548 1699
1384 1615
1136 1760
976 945
866 2036
78 157
544 1928
1296 982
1804 746
346 392
563 129
568 660
828 314
1564 188
1804 820
826 186
438 1344
612 1531
1982 1440
280 1880
416 676
212 1162
976 960
1567 1672
1172 1220
2002 1510
1481 1364
224 1020
476 920
1074 66
1497 1264
1400 1772
2040 418
1920 984
1142 744
1814 696
295 1904
516 1466
1075 363
1587 1873
720 1227
640 1395
686 1775
940 857
46 2016
1160 1783
1014 1100
1447 522
1073 1913
406 1561
380 846
32 1931
402 1352
1677 1591
537 1500
1923 860
156 350
821 336
997 776
1994 1109
265 1161
64 1912
1598 1152
908 358
440 1811
56 432
175 468
1921 1726
1884 290
636 372
1655 390
279 776
708 1601
1528 875
862 1558
1956 1584
1138 925
736 480
277 616
1348 1248
1384 1280
1790 1816
1616 1214
448 1736
1070 230
1526 1644
539 1424
440 808
1949 664
1644 1272
1111 1040
358 197
169 1288
231 16
1298 248
391 578
252 1072
1820 1664
1135 0
1199 539
608 165
736 1944
194 1948
1472 1600
324 2011
494 985
1904 310
1590 1076
1888 928
1776 292
1088 1816
1934 376
183 464
1479 942
241 397
880 1096
78 24
912 212
474 2016
1792 1584
524 387
1904 384
1386 1481
1492 612
1888 772
1744 1872
418 1256
2043 331
1850 1528
1770 416
1376 716
1680 864
1308 788
1359 2018
1023 504
706 1900
1682 566
1936 352
2020 498
706 184
1707 969
38 1524
1223 320
1672 796
757 1262
48 1396
964 504
476 2028
1176 232
1168 700
1828 896
43 1376
956 1696
1128 64
1060 1656
559 1370
1556 1756
1406 934
1797 796
1390 1629
20 1246
1238 896
731 803
1320 1038
632 380
1288 704
1769 912
1119 1813
760 1009
1720 1195
1231 662
1609 456
1456 1227
912 81
310 1286
1836 272
731 705
1281 1316
1900 1208
136 867
128 2044
2040 1433
1252 96
1566 472
1388 1199
1655 1337
1952 54
1418 1680
930 550
1188 768
672 1280
164 330
1296 620
408 1820
844 815
1344 76
218 731
864 384
1856 800
321 1364
1540 208
314 1096
212 604
484 1976
685 1533
1703 131
5 2039
666 667
674 1819
641 1008
425 1697
344 235
736 348
1847 290
1120 1510
1182 1584
1340 130
905 997
1400 1440
1651 964
759 1840
200 623
216 730
162 52
460 1032
772 31
376 935
622 1084
1776 1781
1272 1176
1424 220
595 1440
595 1274
464 295
200 113
664 699
1680 390
1458 1759
672 507
1501 1984
550 88
1122 1716
583 255
1494 1562
1412 558
1424 672
316 1469
2041 1938
1313 1264
1798 198
1792 1520
182 1362
376 1524
1571 1607
346 1539
1824 995
80 1476
1845 542
334 708
807 376
1273 1810
382 576
2004 1419
2017 1964
39 1112
1314 172
1200 219
238 1624
392 1478
1778 150
1576 1360
204 497
1136 852
250 801
144 737
144 172
1611 120
1648 1840
840 921
448 416
1874 1390
1997 1070
1429 1908
1297 392
116 908
716 1016
322 838
1768 75
1808 420
1634 1441
940 1282
1335 1657
1569 2035
1369 1355
1442 480
714 802
974 1252
1136 85
960 659
54 92
1591 1548
568 1370
1557 540
41 848
894 1727
1460 32
871 1034
1482 753
704 384
1170 459
180 1068
1572 952
231 1585
1880 1564
1836 678
1303 396
208 1324
673 1096
2045 520
258 384
1892 984
1968 1884
1652 1216
1735 1144
1112 310
83 736
212 1088
966 216
1982 1193
1792 1218
664 1392
994 1116
1288 713
821 548
1592 1772
1036 1368
1909 1959
143 1883
232 1817
788 901
580 1514
304 1124
1215 1057
676 1231
862 1566
32 222
1584 1360
824 978
1304 1792
1342 1972
960 1264
1576 394
870 1907
1848 976
18 1368
128 188
1874 0
120 429
40 102
1350 767
1230 1698
844 2004
1023 1492
1670 1534
1392 326
1266 1060
683 95
1216 1448
900 184
812 148
1088 832
1424 890
1470 825
1036 1685
1444 718
1768 620
1696 1552
873 1792
471 0
1749 1740
62 116
176 1149
155 509
729 980
1200 1682
1148 2037
1603 583
1326 3
1386 1286
1486 487
74 1920
363 994
816 408
568 1124
2044 551
1224 728
1484 1640
226 1084
189 1680
478 672
1629 112
1396 1126
1185 776
781 798
1168 1971
39 1216
876 1953
415 993
1604 999
1586 93
400 435
1150 448
184 1049
1676 1040
1410 530
1920 648
542 1444
880 1428
1024 1662
1631 346
366 1816
1914 780
32 590
160 304
581 1464
1696 1536
1240 1324
1931 1920
15 1680
1684 4
392 1140
8 1072
1566 896
1552 1886
608 1216
1924 1440
9 715
1342 99
1350 1377
1661 963
1459 1860
1280 32
416 1304
1024 382
218 1064
772 1282
876 1426
1236 160
1914 210
1708 1550
209 1936
616 1014
1968 54
1302 232
1034 761
422 666
1754 1823
112 119
336 798
624 870
926 1024
1056 1859
310 1246
240 1807
1504 1536
1604 1800
375 1357
9 940
2002 1608
1802 1514
916 841
700 1704
344 1964
1482 1390
1228 137
2030 1339
240 1000
1886 410
1801 1156
176 1565
1684 103
416 540
770 1766
1608 1364
881 1945
384 566
514 1424
1602 1124
134 785
1716 1191
440 352
124 1876
1082 1916
66 2012
1810 3
1161 1884
1992 100
1540 1090
1645 956
179 1151
576 676
1680 1456
472 1264
262 904
112 794
1464 912
38 1634
206 16
973 1280
1959 1936
1960 1504
2040 1034
656 1693
128 1956
420 331
45 1705
816 1044
1595 1263
259 1502
1602 330
1226 94
408 356
764 1804
1812 1784
714 503
543 232
808 1292
12 1068
472 1788
1404 979
717 1761
2002 295
1766 880
921 1078
1414 1192
1405 690
108 416
1329 1536
1480 558
920 560
1152 1456
641 1656
240 1168
42 1744
992 260
1586 498
632 1544
2024 845
881 1938
1417 912
2002 1686
492 896
900 1618
482 1670
278 230
672 158
452 1568
1134 537
135 950
1772 402
494 48
1666 1242
942 751
70 1016
1368 1995
2028 1804
1692 256
1200 196
593 1024
939 660
207 978
2040 1502
827 384
2008 1900
2040 1372
1794 1542
192 1728
1953 1552
340 1324
1664 280
1752 1401
433 1484
114 1393
333 882
1892 315
1816 1376
504 132
1714 414
727 1306
1072 1714
1636 292
525 181
242 445
1432 560
907 1661
326 974
655 190
456 1156
18 1544
1744 1694
1084 1168
131 1000
512 1138
1328 566
248 272
740 1284
792 331
416 404
221 1896
1872 1011
384 1186
344 1062
179 1814
1181 1904
1122 1926
282 1393
262 1460
1257 1887
947 786
1904 1392
1809 1024
923 72
638 927
746 1677
635 242
1016 1263
1596 686
420 632
1108 608
1555 1664
1499 1952
927 1251
360 1830
815 19
289 1744
1216 1926
954 1378
1252 1814
1627 1562
1980 640
1684 360
1930 854
698 1282
1940 1464
2000 236
976 922
261 608
1280 772
1482 1152
14 1082
1368 1778
624 722
142 754
1799 1544
908 1095
296 115
1237 1417
1168 244
512 1370
1864 1624
1081 504
1832 1658
1960 1726
971 984
1446 659
1268 1952
660 1071
1686 79
282 1573
453 1410
768 955
521 430
1256 1052
1464 1688
322 1936
275 377
1840 712
442 1919
336 1712
1665 106
1662 1616
1228 1528
1318 928
449 958
863 1558
766 928
1130 596
936 2024
1943 230
1679 584
208 1484
130 923
1384 1854
1066 1512
51 819
944 577
1119 904
1256 904
1172 1366
1765 448
1414 485
1280 1885
936 1316
2018 1872
989 1072
264 1615
1381 720
1994 976
227 354
1013 390
1024 889
1596 1290
1454 999
1974 1640
1778 1640
1262 904
1921 80
346 1300
164 1108
1284 1198
271 1732
1402 145
1261 416
1881 1048
720 33
1032 1730
744 1920
1016 1748
1535 166
1504 1938
592 1106
1126 757
240 1356
209 544
1904 1960
602 1850
240 220
1544 1830
596 407
1578 712
1058 136
1989 1556
1585 623
324 1364
1116 1472
585 138
1988 53
1282 224
158 336
1452 1301
50 1976
1231 448
415 1208
800 936
1420 1574
1416 1754
855 1708
13 2036
832 441
1539 1638
686 79
1286 95
906 1706
1193 1603
1625 1004
1662 231
852 1536
192 1586
632 296
64 1340
114 1748
1312 1205
871 560
1737 1501
1952 576
820 1870
854 308
654 1681
392 891
312 1480
234 1792
1972 420
1014 1712
954 480
832 920
1675 1280
299 1368
1849 1768
1944 1556
35 218
1252 1692
584 1388
2008 1936
96 1591
1130 1482
70 816
2046 420
1828 818
1962 104
792 995
1255 1169
204 1244
1999 1188
1472 1487
1694 378
704 1288
1480 91
980 1679
1908 384
1972 1984
683 310
1663 192
1434 786
1928 1556
1060 1670
1210 628
1824 1715
1686 2016
637 1576
1928 68
864 392
976 1900
611 1200
896 2024
905 1784
252 1758
871 1342
1647 170
1093 1914
458 688
1105 1341
1432 1984
257 768
879 576
40 126
0 151
49 1261
1344 624
1349 1568
1612 496
1144 454
1792 16
645 274
446 1808
1188 657
76 1669
540 1734
947 216
200 348
136 774
1460 1840
515 1952
1967 1489
418 638
864 1921
942 270
628 185
1240 1447
119 1312
64 354
1976 1634
1294 1712
1404 1854
118 650
848 1063
1142 1008
806 648
34 1993
1268 1096
1936 2016
860 282
360 324
4 2038
1664 144
1448 861
624 836
1436 25
947 907
888 2042
692 576
1596 64
1920 1071
1760 906
488 1488
1145 1728
1404 8
212 56
1661 72
1869 792
681 1965
1411 133
1492 980
1147 1670
554 536
1517 2034
1224 506
1418 1838
886 1064
184 1472
800 1134
273 186
1955 1260
1794 912
1143 638
256 537
1212 904
1032 2000
160 52
1760 1612
1694 1456
671 640
816 184
1771 1046
1536 531
1240 1748
544 496
876 1598
1834 1104
240 1736
1928 1964
1768 841
1128 1196
104 1396
1933 2027
1490 502
1496 1673
1450 527
140 1429
1918 1368
38 1487
870 1660
1040 322
365 1416
338 589
256 734
460 48
575 196
1772 1804
28 656
1909 1960
1342 1420
512 1140
306 228
788 1859
1946 120
1808 620
278 1384
1387 2004
487 1433
862 317
1896 1866
788 1440
526 1728
1868 932
246 242
848 1154
1294 803
1840 66
648 286
1968 1296
1056 2032
1992 2032
1709 617
1613 228
1288 213
1528 8
636 1698
1508 1870
374 336
1792 1984
345 246
2028 840
28 716
1822 608
756 148
1150 264
1280 1219
546 670
726 584
1101 419
456 1648
1512 734
86 1724
1498 1926
96 1801
268 1924
1838 1915
456 419
604 1629
2034 576
300 1946
98 1200
1474 466
596 1574
1044 1115
512 477
172 1964
1544 621
112 1372
186 876
260 1694
808 287
1768 671
1928 246
40 832
826 404
968 836
1104 1646
567 682
1118 1799
1574 1960
864 866
642 688
1616 1116
1288 607
1941 744
628 27
974 1822
1268 732
248 1932
282 902
1346 960
1174 658
728 1867
1268 366
133 293
89 1332
1399 1681
538 1206
1222 1024
1096 544
384 956
1344 709
1748 1476
984 719
734 1656
1727 1541
8 266
1872 1542
208 2005
312 900
1545 1246
1232 1660
1237 1824
486 44
192 1436
1208 1328
487 53
104 1459
96 1428
912 1464
204 1318
1432 1528
510 356
1626 556
1200 1292
2041 946
21 1712
489 1744
623 847
1530 850
1584 621
1760 596
935 704
318 1789
144 32
128 716
1719 1818
443 416
282 926
50 1266
184 1732
1689 461
932 571
417 844
1826 550
1453 1564
1924 848
917 1764
634 1011
1142 1632
1677 156
1452 1024
1214 1684
383 480
764 1868
1893 171
1632 1976
1600 1589
768 17
190 1529
1551 340
1252 1604
2033 1159
1240 1024
1888 956
616 232
1464 1308
1244 647
800 726
1869 1636
454 1816
1316 378
682 678
1176 2028
1504 1687
178 530
351 714
1500 1018
263 946
611 283
196 1850
2015 1792
1710 244
765 1452
482 2044
128 256
234 1528
1964 800
728 523
641 1731
858 1034
401 6
1004 708
919 544
1084 1592
256 1328
568 256
412 502
908 794
771 2047
1800 1774
1832 384
38 232
1981 640
1792 232
468 1486
1279 1079
852 1484
918 1318
826 1750
66 1712
1568 562
176 695
1791 528
909 1232
1188 1911
2024 1215
1939 604
80 1600
1528 1278
1008 109
564 2035
1056 1094
396 367
438 2040
288 208
296 1536
416 560
452 1382
946 770
1992 1564
1919 36
2017 966
913 1456
1773 96
2027 1216
1556 2016
606 1202
22 2024
1940 344
732 209
394 106
1995 84
1111 267
1027 1482
1521 1524
1428 1377
1487 1773
780 656
1198 892
1474 322
1512 494
1611 1292
1816 1720
1424 1208
1969 1090
351 936
496 707
2047 1786
859 1700
18 538
1511 1590
985 1288
682 908
1644 700
1710 1544
720 1081
20 217
822 1199
686 1612
2024 1736
366 105
744 942
350 464
1512 1356
1500 1241
1770 1376
648 1368
1744 1224
1610 468
264 1154
1321 1936
367 382
1422 1914
518 1892
257 0
439 94
1596 852
264 1971
1976 664
921 432
1576 1028
304 1458
983 852
726 513
1337 796
447 1120
750 1104
1040 1651
37 1524
1800 1382
924 160
1073 43
1815 1840
403 2018
2000 676
1980 80
1573 1372
2036 1872
620 1104
1454 1186
827 472
1996 725
1568 136
1616 1368
1700 801
1650 1171
1406 358
936 1608
448 1268
210 1727
465 1826
158 1569
0 1536
1004 645
1924 1088
1764 1171
1365 1588
1431 1800
663 1356
467 2002
30 632
1744 1360
1792 552
1051 648
1448 596
424 768
1698 1748
1276 204
990 1390
1360 1324
1184 1137
1522 1293
245 150
1375 1338
108 954
622 1854
1305 1862
1722 1650
56 1682
1569 580
1280 1118
1564 494
1919 1014
2007 216
1130 328
280 774
126 1500
2033 1384
2007 1454
584 148
1858 358
948 1435
32 1184
1390 965
0 2037
982 166
984 72
88 1136
45 643
1960 552
505 1344
177 18
2013 457
1966 568
628 276
398 2036
906 15
1104 1197
781 1400
1944 1418
2028 1692
1176 1102
763 54
1316 960
1328 612
668 1444
1990 1557
920 1262
926 1810
1578 1188
1492 588
1291 890
1166 918
504 1409
452 752
874 1592
580 1386
501 1208
770 1560
1952 258
1064 616
1440 48
1425 850
104 348
1074 1008
166 1304
580 1079
306 286
939 400
296 806
469 892
43 512
242 1380
336 106
1280 1345
250 1896
67 1444
783 1216
448 897
663 1584
1588 429
942 1360
1428 473
916 1268
1728 1085
1252 1727
1024 1856
1472 864
1653 601
1296 101
1268 1488
852 305
44 1765
1528 238
2 1168
2004 520
842 1739
1120 362
1924 1865
1528 827
1164 164
720 1640
90 1604
968 234
1394 736
1812 1980
491 16
1672 793
105 2010
480 1584
1261 953
1782 384
1730 613
1920 1082
445 238
1168 1303
1683 1151
960 538
240 1300
1314 900
26 372
1698 1204
262 985
512 252
1706 1178
1628 1024
1252 560
885 819
869 2045
1697 1028
1957 1724
1566 1856
1516 1846
1261 1599
1868 12
923 1296
1274 1732
1041 1430
1803 1086
1620 1672
248 957
1388 1100
1590 608
674 856
1184 1967
1000 1342
920 1400
360 1152
456 1009
1136 1368
1056 2008
348 1586
350 844
1752 318
313 1124
466 334
320 376
1912 792
1768 855
922 1250
1838 1900
804 112
1369 260
96 442
550 776
1500 952
1976 1157
384 14
1028 1140
768 1606
921 1376
1564 608
1372 595
568 222
1494 1940
168 1672
1452 714
1312 560
1155 1878
0 1940
1205 1304
1514 1594
183 93
1017 940
761 1548
611 1856
1684 2032
420 568
400 92
634 451
1488 1964
1610 1266
8 2019
92 740
1660 788
1020 577
1648 256
1112 1200
1692 1992
342 734
1001 1244
440 1696
628 1616
1090 108
104 128
144 1421
1151 1666
192 408
131 1708
1872 1120
845 768
1742 956
1499 1948
319 880
120 1775
1324 170
850 1334
882 700
1736 1470
1170 400
720 280
728 128
1986 1040
1604 182
1000 1136
922 1938
469 248
598 937
371 948
1920 74
912 318
1136 1620
1504 703
418 872
256 1504
1072 1775
429 338
515 1644
1517 121
1039 1310
1816 1536
796 1392
58 1680
282 254
900 952
282 344
511 1277
416 316
1092 940
515 455
1120 1305
1910 978
72 167
242 2040
591 1956
271 189
1312 1512
727 1946
80 1024
1318 204
915 1044
1372 1780
554 1341
496 1154
1609 336
1632 604
1960 548
402 966
256 1835
1248 1886
1682 244
282 123
1032 466
84 92
649 1315
1776 276
924 1310
539 1013
1504 1300
1492 872
652 608
1082 994
1154 1750
1632 1232
164 1571
416 256
104 593
1276 1767
526 1707
57 39
1874 1373
62 808
1162 1526
1702 112
2014 243
714 746
395 1608
379 1398
128 722
516 1398
525 1087
1016 1824
2043 134
208 1222
1904 425
368 710
1680 480
1556 972
1833 991
449 416
996 1596
1656 1988
292 546
1864 1172
1976 1435
1534 753
1024 1470
208 1997
1120 1656
1518 1873
826 745
391 1680
1688 1953
674 1298
106 904
1047 1018
1098 499
480 2006
390 1868
1737 1087
1268 508
310 1368
2002 1809
936 1621
368 1452
1249 586
1728 168
600 954
768 216
1647 1701
876 1656
1056 1178
1184 295
1722 1536
258 927
1324 1198
190 775
1600 1476
374 1116
1353 385
660 73
161 891
512 1674
1878 1781
344 1516
1842 1036
848 1208
1250 1428
1268 315
1207 1963
1952 1080
1634 808
1879 159
1272 517
1116 1086
475 1318
913 328
836 1842
68 1916
968 630
978 603
384 1176
925 1475
350 230
292 136
1060 707
1450 1516
1548 1434
1108 1972
260 1800
845 774
552 1184
516 592
1735 227
1081 1164
1850 1302
1299 451
92 483
1116 79
1808 151
357 1792
1899 1932
253 224
899 584
1820 1936
1920 1649
368 1096
1866 1414
304 501
927 1528
738 469
1703 1442
710 1645
1902 1362
1480 1278
1874 296
1161 411
1816 1974
1324 478
1688 1476
501 1830
768 260
608 928
1784 1156
1095 384
1372 168
1536 152
1118 787
990 1672
382 1306
379 1736
1684 274
1421 1196
1258 1064
694 1560
1020 210
1760 1677
372 1301
805 1604
1949 64
1017 968
1139 1512
1144 638
60 1728
1345 268
1130 2017
856 1888
1968 492
1618 811
758 977
1436 1486
1292 1428
806 1546
1929 384
613 267
366 715
766 946
1964 1432
1872 1564
1120 8
1576 1618
1952 1450
1472 1974
1910 1032
960 420
926 13
102 1762
104 816
1602 586
1792 1008
553 496
51 97
885 48
721 193
1542 1969
947 200
1788 674
1514 1344
1539 1718
926 818
271 928
1534 1952
228 324
948 1608
1992 21
1880 625
946 1892
776 1274
1962 1480
904 245
1126 1183
1340 148
464 100
784 947
1724 1229
1356 1360
1176 591
1624 1520
1384 1714
496 1312
67 1964
260 1650
861 954
1408 1712
40 1540
1619 400
1352 2014
1908 1481
1030 692
976 1109
186 1886
1551 292
1510 852
296 1664
984 1842
2009 862
1248 1873
1230 1974
1691 305
332 544
552 748
1208 1694
1888 1832
1746 6
614 1618
1805 1598
1116 24
1408 1334
1671 1962
159 1655
1303 278
91 1536
454 268
950 416
1743 1702
208 1096
1601 470
978 448
302 1699
944 1541
37 1028
627 1630
1420 208
560 1792
904 994
1674 1408
2011 1924
1028 783
1919 1872
509 946
655 864
970 560
528 1000
1928 1664
996 148
1440 420
1435 508
635 1280
445 1152
1440 724
1297 1664
143 1440
1597 1556
1189 612
1950 1760
1631 896
365 1422
156 120
1266 804
1183 1280
1240 521
1098 943
630 2030
682 191
1026 1840
368 1644
1182 1002
300 744
1902 324
1560 1285
342 297
1936 1076
1136 646
239 1714
640 558
1852 1296
1135 91
1322 64
1104 1475
284 948
1540 701
1485 1438
1871 1897
462 939
640 805
1395 1912
309 1866
1832 1558
542 1884
1300 1944
1438 1616
916 546
1492 680
0 1233
1798 1034
1818 1107
1186 512
1114 532
1272 1476
1247 867
1864 1232
447 609
129 1685
1190 528
1166 344
1498 584
1968 903
282 1828
504 920
213 1604
352 1436
1548 1432
397 998
830 2038
1475 1058
404 2009
1845 611
1728 413
676 960
328 102
1384 1764
735 1399
864 1152
1588 780
1205 270
1853 480
1680 452
475 32
1556 309
852 540
187 442
153 416
1312 1327
759 1077
1916 832
1344 1992
1241 1653
400 1913
1539 180
1426 1264
1969 896
1490 344
1104 288
1368 824
419 1454
1511 1636
1142 1058
1252 16
1624 308
928 1248
524 256
616 1292
271 1225
1407 1009
1792 1716
592 1167
1481 224
1882 962
289 1768
926 832
1088 649
1022 1360
631 192
1332 1622
1424 1448
756 1344
609 198
520 756
0 1002
1029 164
1016 1344
1484 1406
1560 1177
2018 1024
1839 874
863 853
368 1534
1943 1216
1096 1024
1320 392
1680 1132
576 453
1533 1120
1447 1467
1177 1272
544 24
1174 548
1720 398
1228 1976
1358 1495
351 1280
80 1845
92 1584
1689 1648
590 1149
352 556
1013 340
1448 1324
1559 791
1323 431
1372 416
448 76
654 903
1794 410
1533 1380
392 1927
1864 1734
619 1852
540 382
136 1024
1440 2042
1405 680
1832 264
288 540
1362 1870
1569 472
668 29
1766 1174
686 16
120 1149
790 728
910 740
1772 848
149 1952
1076 628
2047 1044
607 294
1827 1771
477 1380
238 1650
1692 260
1710 1068
276 896
571 1298
1666 848
1960 39
1249 32
1395 1136
1648 1658
342 1916
1740 496
1771 1440
1136 1712
295 1113
478 1060
752 1736
576 983
88 1800
1284 1648
810 1008
1520 1498
1656 719
584 287
308 61
745 1536
1549 659
101 1979
168 100
637 350
46 252
62 1960
1478 560
1236 84
1584 833
151 1832
240 1824
1476 2002
692 1400
1352 1013
1867 602
1704 234
1406 241
1888 1095
1732 956
1920 1328
762 824
120 1700
1560 1836
264 1232
385 22
256 1404
1250 222
1284 1250
1924 36
1580 1928
988 1270
388 781
1862 118
2009 2046
1324 1126
495 832
940 888
262 1226
1332 900
1798 1502
1885 832
36 490
539 1070
1989 994
2009 1824
2004 719
1952 1364
1264 72
101 2044
868 1247
1456 1896
896 901
1871 477
794 2032
196 1129
630 1796
728 1498
2029 640
1434 1448
855 876
1992 1802
1206 1790
357 1507
1796 1795
689 680
1248 256
968 576
1564 968
262 632
1418 1508
1122 806
1924 103
718 255
151 1208
1726 1360
1799 1616
1775 960
828 1292
1144 2032
2018 801
1594 1020
1901 536
1176 10
363 384
380 1368
127 818
1151 170
128 2028
176 54
1544 1502
226 1941
1964 1205
312 1578
822 1033
916 1748
1536 1900
1048 1476
1652 18
136 248
1797 403
1668 1210
778 831
1825 208
1297 1592
64 528
762 312
1216 472
514 45
1044 714
1763 381
1312 456
1835 1908
996 1124
250 1792
1078 344
716 351
1286 291
1407 1936
1025 0
8 1574
520 128
228 512
1776 2012
297 1858
314 349
1340 705
1876 395
1956 630
297 824
1910 1947
378 157
1817 339
1834 1612
1216 99
1728 1144
1284 197
1578 1747
86 2017
472 352
405 1877
1952 1675
608 438
1468 1280
1075 1931
1024 1492
214 1280
1760 216
840 1676
232 1166
1509 1379
180 1664
719 942
1824 14
452 42
1784 1324
502 1051
876 697
1432 449
1760 1072
1070 264
1225 1217
1745 344
1730 632
1189 1792
1424 434
272 1508
1971 908
1186 1512
110 931
1630 1755
518 1705
295 245
1980 1301
1343 56
2000 74
142 1856
544 250
805 1457
1068 1740
1603 1448
282 12
785 173
1595 747
26 1068
1712 384
445 167
621 824
1248 371
874 1200
1074 1827
1824 1354
1234 598
528 934
256 205
1983 1552
898 1072
885 1495
0 1952
660 1737
1761 657
728 924
1084 1260
1178 4
932 1617
992 1322
1620 2003
294 1311
1280 827
1573 2004
1074 163
248 686
546 462
450 952
760 184
1706 696
640 1040
642 980
1360 1287
719 1016
327 292
1735 1550
856 606
40 1588
1800 1302
496 945
1208 414
707 1852
1360 1077
1020 1776
568 1686
2038 1862
1048 2040
732 884
432 1346
86 360
1075 1976
702 188
583 544
1550 1496
1472 804
94 1469
1820 98
1596 346
1500 676
48 136
1104 1596
1634 51
904 1536
1766 192
446 1150
998 670
678 624
1536 1332
1750 712
528 40
1900 477
609 1212
1580 1545
1404 1770
1382 448
228 1488
2000 1968
900 1512
288 1083
1064 1400
1720 244
283 1854
983 316
7 214
860 1453
566 1080
336 356
516 28
1156 656
918 1988
1206 541
784 1440
1850 630
1232 1138
60 438
925 144
721 659
1693 1392
1884 706
838 1096
1688 432
967 1535
491 1559
468 417
1048 34
864 376
1592 324
1488 1358
297 88
110 268
1648 232
1510 618
132 1956
1510 1556
1742 1260
1920 1122
1239 1325
616 58
320 0
1452 1070
88 2006
1712 1664
670 754
1380 604
1024 1916
268 1555
701 28
401 539
788 950
566 1587
580 866
1120 1100
480 53
1816 1842
319 1037
564 160
1048 1244
1859 1972
1774 992
138 1552
982 564
1982 1222
455 128
1016 638
421 436
1199 1920
72 852
264 1536
632 416
76 253
1851 1050
854 318
1658 1620
1653 834
1027 73
664 445
984 1967
504 600
91 1906
1132 1948
1072 349
714 1338
1717 1532
749 2045
1792 302
1304 1896
66 1473
880 814
1972 1212
316 1600
1292 1114
1145 910
1899 1613
1148 1392
1653 255
448 250
1697 416
952 1192
724 1313
4 900
1941 1176
2024 242
1500 52
650 54
1173 1184
298 182
836 1918
312 1104
808 1464
1379 1812
623 288
451 1362
1104 1619
47 992
1970 241
1093 1560
1780 1833
46 576
638 1424
729 742
256 259
15 1558
1500 1559
810 1885
1210 330
1531 98
498 830
1753 1781
190 1679
1088 948
226 64
1616 402
1904 62
265 4
1472 438
1050 19
200 1344
976 216
1904 1208
256 1568
234 94
672 1621
216 720
1444 1792
992 1536
478 1224
1 618
2016 1976
264 1196
1968 1591
1296 1249
1733 1674
1760 1654
587 340
1368 1856
324 334
1551 1332
709 1440
256 1366
312 1558
158 76
964 312
1621 2015
270 1317
839 264
1072 468
731 60
283 644
1722 246
200 36
1624 1008
55 1334
618 1320
884 858
1904 34
564 1180
498 948
1527 1511
278 1961
1664 944
460 472
1605 958
1018 1909
874 1705
392 408
184 1193
636 639
1232 689
1984 26
1007 380
1688 1932
1440 175
832 861
516 1632
232 1920
1246 1814
1795 1664
16 840
1816 436
2028 1188
576 399
0 1528
149 988
1601 1536
736 150
911 1553
715 620
940 968
2000 976
348 1376
732 1712
1083 1344
1141 336
1788 452
1922 576
1392 1298
1678 556
764 1798
1310 1238
736 860
1124 1192
1240 154
88 602
1480 1945
247 1545
710 256
696 672
1100 328
1466 1150
828 220
1470 960
1851 110
1318 956
1048 1067
1265 399
990 661
1873 196
1808 370
296 572
1933 1848
1992 366
278 1098
1391 1074
856 1420
1598 1099
40 620
1928 140
314 4
1928 252
804 703
1656 1184
1152 810
1664 436
2020 1880
1542 124
1642 1250
341 782
1969 1168
1582 164
1760 768
1658 812
1568 2002
1943 960
14 841
1033 1976
306 852
320 608
1860 880
1052 1755
884 694
1616 1676
646 127
1153 1134
197 1760
1114 1259
371 1524
1200 756
120 920
1920 572
287 1818
479 1180
1693 54
1936 163
648 691
796 1812
1428 599
874 446
1400 2044
214 1424
173 1898
518 1534
248 404
1552 122
1344 1236
540 1202
665 610
1730 2023
324 1256
1944 254
1002 734
1592 1576
1453 232
1352 1328
1067 617
924 750
1380 38
216 1100
1008 800
2022 1549
742 1733
1398 876
1274 209
1661 1072
1697 914
1736 464
1324 1719
1794 420
1341 1216
2024 1400
1010 680
1588 864
76 1904
1857 1705
1260 1164
1064 62
76 582
1511 1536
1980 336
128 1966
1420 497
628 1472
1304 1420
271 362
1258 1936
1587 924
580 1840
2038 132
669 1176
904 2024
1168 364
926 1372
1206 2000
1455 984
76 784
1162 1629
538 1860
1149 1754
1928 548
880 1156
126 448
1256 36
120 132
1610 1856
1888 1146
1644 300
1636 1952
464 460
796 393
1600 1752
800 1668
1984 634
325 1840
276 1924
16 1178
966 1612
1858 1036
648 1840
1832 1844
201 1320
760 1718
1352 1277
702 1995
1037 713
1075 655
1554 968
1424 1409
1167 624
938 506
1335 611
2016 112
558 0
1563 1640
1716 872
1828 804
1054 1154
2008 264
220 1672
1240 781
788 176
1700 1574
1268 940
136 160
510 784
254 856
1753 20
1787 1932
1868 1336
1880 1376
588 1310
51 1497
1424 246
256 1102
953 250
768 823
185 1262
42 1314
379 1036
1956 1536
472 1144
1512 757
832 1436
1479 1024
964 1840
680 1794
1293 763
588 1944
1610 1608
446 2030
808 930
276 856
1608 0
440 1746
1774 1164
1024 90
130 172
1599 219
550 1952
1276 572
840 1446
282 1929
1998 684
1566 652
260 1312
580 1350
1504 662
756 114
251 944
749 1756
17 1313
570 1998
1306 1362
696 1464
1300 133
399 1296
533 128
1696 751
1628 431
1104 1087
1464 530
942 89
1056 622
1208 31
388 1426
366 1920
1737 894
1553 489
1822 432
876 1140
382 890
1168 28
352 1704
337 1856
544 628
1395 315
950 1018
1088 364
1220 1209
1196 1304
274 996
901 1373
400 317
205 1588
1608 1088
101 523
1292 238
1736 656
576 71
1791 1596
584 1630
1497 124
1332 1120
1441 284
1156 224
436 1567
1600 1016
207 1006
2040 1088
1319 799
2022 1488
910 1417
226 1044
570 1484
905 1921
656 913
1032 424
458 1256
508 786
1294 2003
1372 948
1424 392
200 2027
616 980
1713 1068
1104 1048
230 344
1952 929
315 1468
1568 118
1052 1448
635 186
106 1407
1320 1167
920 1496
538 601
895 1459
1719 1728
1328 1570
171 1856
1661 146
1142 1181
758 1536
401 512
1546 449
889 760
552 1328
1184 1120
535 1338
1168 464
424 1576
576 408
1102 1856
328 288
0 1948
1920 1130
948 1904
476 1284
39 1058
837 1442
800 860
1354 1609
1235 1116
1990 1152
1649 1155
638 2033
1088 1488
933 1819
722 1761
1942 744
902 157
1973 640
1084 1736
18 1820
1073 644
384 924
1782 1708
107 1755
1828 1235
1908 1792
232 756
1527 565
624 600
1633 297
1190 1276
896 1146
368 714
1882 1955
732 1222
985 1994
1848 135
1526 1712
1176 128
2032 1861
1068 398
1675 169
1776 1756
1408 1492
492 1882
1816 510
1294 1729
940 492
280 714
140 1558
1508 1010
1010 1960
2 380
806 1505
644 1153
229 1522
852 1966
1648 472
1964 1621
594 919
1378 395
100 1950
960 600
1621 1194
184 1848
1635 1764
1592 769
227 72
903 1184
1747 1398
778 1783
50 768
1112 158
21 1676
1397 1915
1630 210
560 231
1046 1035
1792 888
2025 568
641 1800
1256 1150
830 1551
1890 960
859 42
1720 1212
1829 1448
1808 1855
406 1888
265 856
487 1109
846 1736
1296 147
714 1226
968 1644
2013 1326
448 1434
1544 1448
1276 528
1220 1080
96 553
1160 1684
120 178
1624 824
168 148
1974 1194
1260 104
264 208
979 1759
1264 1686
1357 1430
920 304
1920 796
1472 132
1604 1720
389 1952
1646 1472
266 2006
937 859
866 1496
392 1946
1552 1392
300 1668
1152 519
292 1244
1106 1040
1786 1125
1219 1984
604 107
1888 702
1541 1722
1808 1050
1276 472
760 1992
705 976
1038 1864
694 1632
129 1476
1976 636
28 955
1923 213
103 1648
648 1244
1335 1739
39 516
710 1632
1414 1840
264 830
1360 196
668 936
1516 1513
752 410
556 954
195 1090
1396 1400
747 580
608 1682
773 992
1906 1008
1454 682
1364 1772
1197 96
432 3
764 1022
752 1064
1104 142
694 1496
2016 1882
698 0
1312 1610
1594 1671
1440 685
1531 1245
850 567
62 612
775 2010
662 1760
1348 258
287 80
951 1836
1062 1543
1955 579
608 102
1024 808
1617 1574
1024 176
1878 986
1358 1915
1748 1267
1152 624
1632 544
1296 1288
268 1480
1704 1291
843 344
1737 1852
963 1561
1539 1994
1066 380
902 1696
644 1288
694 187
1438 66
1312 1614
1321 1088
1126 1783
696 207
60 1158
910 1350
347 272
2044 734
1203 580
530 1904
993 1181
1212 1886
828 140
944 1536
612 1600
488 5
213 530
1687 448
330 1009
1752 4
96 560
368 1661
1327 827
1260 1720
2003 383
1226 348
15 2014
1418 462
254 1536
898 181
2020 1656
1376 0
306 1745
1593 1744
344 1115
528 726
4 19
936 890
1081 1072
758 1544
912 832
40 1562
1828 1796
1096 768
1298 72
1252 1253
755 1396
66 18
188 2030
936 1336
520 1792
720 1032
68 464
1176 498
992 494
82 2020
125 1268
738 1812
605 125
442 536
36 885
1916 712
500 1674
1172 701
1042 729
1042 1276
432 92
694 1535
358 60
162 1196
978 390
1900 912
1140 394
1856 280
1606 1056
844 883
1160 60
680 1224
1166 1938
1992 956
744 754
1516 1060
862 296
1685 1705
1664 1810
654 330
1644 437
854 1908
1852 1640
1184 217
848 886
1143 365
918 1577
1184 260
978 1704
1873 768
814 1722
504 956
580 1200
1957 512
1900 896
1308 422
376 693
1075 485
152 929
360 1654
1346 664
1710 528
1096 981
257 1249
688 504
1472 1312
164 1640
600 1306
1486 1178
687 892
734 339
854 1576
1540 832
304 1186
455 136
2040 536
620 479
1080 1072
468 263
245 564
896 1436
1488 757
345 1626
331 203
1671 684
1714 1936
775 1924
424 1248
1476 1864
54 851
736 1547
1442 1288
1945 1304
248 27
290 770
1824 427
1251 1293
1110 374
112 710
638 322
1421 703
1888 408
966 1060
1406 388
735 2020
168 1737
1066 1355
948 507
628 1012
1292 44
311 1477
628 735
1231 1226
1984 1964
1688 24
1368 1308
621 1162
2024 798
777 0
751 1941
338 1650
1058 1620
1708 1977
688 1814
920 1955
1124 1234
1748 8
544 1680
1947 242
114 1832
785 1412
320 1409
1882 1925
71 411
1010 834
1256 1406
872 58
1865 314
764 1336
1724 589
1536 590
776 1110
1150 984
916 1388
1920 1695
744 776
48 1267
976 834
775 1421
194 1676
1663 1456
148 1700
1456 1454
794 1260
1194 1730
377 672
1600 1886
1510 1568
1758 1857
144 360
1628 1242
1978 632
2032 1500
1609 1516
220 616
1024 1204
120 807
1475 322
1771 439
716 1272
987 503
587 1771
1181 1296
178 1092
730 1375
295 1268
1280 1152
1144 69
1022 1232
336 1222
1550 885
395 1082
891 1756
1556 1100
1468 358
988 1508
1993 336
544 840
992 1023
963 1524
687 342
1437 368
75 644
1449 1904
848 712
274 958
418 736
755 480
1606 946
1631 90
1072 1358
145 378
1508 694
1126 972
324 1028
1355 40
1562 1225
851 1660
1904 207
2032 1930
1456 1264
1776 586
1200 1709
713 736
556 812
464 1088
716 412
638 1802
289 1152
1138 14
1536 1763
1452 512
128 352
1399 1904
1570 348
416 1419
1607 1005
594 1448
439 375
942 212
1183 1995
1088 58
280 1951
872 1302
417 1272
1247 960
0 947
1996 1759
384 2020
1636 1708
1431 430
1597 708
766 558
1228 220
232 1825
1911 120
1102 1506
1467 824
56 93
760 260
902 825
448 1863
1905 34
1588 510
504 751
255 1020
279 788
1173 1894
1620 951
1181 1120
1696 612
1593 683
1569 108
760 989
816 849
2008 1000
695 1184
650 48
22 522
1828 452
375 133
542 1602
1521 947
1553 416
378 1668
1590 824
1304 96
316 1320
1701 488
1096 1874
571 1796
1440 381
1861 1888
592 582
454 226
616 756
840 1448
1724 683
1147 512
1069 1010
332 1728
1476 1368
40 1491
1885 527
1472 68
92 2028
134 320
1780 997
1652 114
100 724
1335 1472
271 1455
1640 1626
1940 1157
1459 1574
203 508
56 1009
1168 1480
1134 1408
1121 20
7 523
8 264
1857 1276
992 253
1372 52
100 224
1052 140
474 272
439 1415
1353 2042
1156 2004
2006 560
1074 282
1335 614
1939 16
70 440
1541 136
1636 642
1873 1606
848 474
288 757
1752 776
932 1322
786 1354
1136 1196
1064 845
780 1292
540 444
16 666
1188 1482
1567 1448
208 1536
532 104
764 1440
538 1513
812 457
498 763
41 633
1168 1408
1418 384
1180 480
1255 544
237 280
601 636
1640 1945
1559 1406
328 1194
1496 809
1261 792
418 244
42 947
156 768
745 352
792 1032
1456 1386
180 1224
1082 1940
1792 1926
1396 243
1579 713
1295 1481
1134 84
543 76
1804 672
1248 1568
404 1028
1524 1508
1771 488
412 780
552 1262
980 644
1708 214
550 1654
970 301
62 889
1775 80
602 312
572 1082
1120 1178
448 764
579 541
2016 480
1790 774
467 1258
44 656
864 1216
1744 274
1138 1932
154 309
1548 1166
1193 1252
1808 767
1087 827
1383 1898
476 1414
414 712
202 1506
901 64
282 707
1532 90
1222 192
1117 288
562 1189
432 1091
1294 218
1772 885
1024 1314
1742 912
317 1168
1904 906
892 472
1080 404
640 1004
510 1534
904 2008
764 256
1912 332
251 576
1664 192
1681 896
409 1858
536 1950
911 2032
306 1792
1438 606
1580 1490
241 62
422 1394
1016 1562
582 2023
73 256
1972 932
1177 891
1602 1756
538 1432
610 1698
104 1840
1978 832
548 325
1874 848
1843 488
1968 1312
797 72
904 140
594 171
1069 953
0 792
726 1592
1584 908
348 2018
1896 441
355 196
828 930
1941 347
961 1768
668 1769
1646 659
1016 490
733 1472
681 685
323 1324
1848 722
1447 459
737 1368
1024 1619
1352 1071
889 1616
1484 206
1885 171
1937 1672
1236 1164
190 80
1046 1926
1008 165
1808 1827
630 400
1844 1668
689 192
1556 716
872 1952
196 1998
443 1499
1368 1174
515 255
242 24
1742 1362
963 1644
150 1192
226 1122
1030 916
1660 970
1224 1402
750 1529
1158 1636
1600 96
2040 24
1824 56
2014 388
1148 1065
1633 1163
412 704
1445 160
547 1364
1030 250
1466 174
864 781
97 352
784 568
1768 1535
1984 1267
797 1027
1720 1244
459 1829
1638 178
1656 1776
1074 562
106 2010
936 1256
1395 855
1898 28
884 68
514 922
2009 1404
891 1258
1836 818
1792 1670
1695 1034
968 1422
874 1232
504 1374
1052 1550
624 196
632 1688
1767 1405
1536 392
768 1086
1635 1610
858 308
416 692
976 1432
1911 896
1268 465
632 598
1204 1128
541 1053
27 1209
472 1931
1028 929
1203 436
1774 1904
1746 848
1044 1072
532 180
301 1226
1376 1260
1300 2
370 290
1575 1916
1756 1968
1288 1408
1212 1754
512 946
1088 338
1020 1702
740 936
1936 1184
659 334
550 1751
1330 2036
1842 1942
1573 2014
896 1222
656 944
1380 1020
506 470
467 956
1365 801
392 688
1334 604
804 854
1287 947
292 1586
1014 1214
1826 172
1608 1952
1248 246
1134 1392
1752 1386
1146 1436
1238 1452
897 1666
1812 1164
1442 1242
500 348
1928 182
1726 632
750 828
1512 1589
1726 1088
1607 1300
1916 129
862 1668
170 308
156 1451
459 557
318 768
416 1984
1084 1964
391 1108
1398 1644
1367 412
1046 1723
1762 1120
868 16
796 73
544 1110
190 28
1798 1443
453 1968
592 97
1508 1013
1860 1384
1344 1377
628 1120
1398 784
1568 830
764 2002
1977 1152
394 1912
866 746
688 1639
0 1321
874 1130
1507 304
1724 1419
856 1810
636 72
451 1104
1696 1448
1344 236
904 264
686 712
528 560
1820 888
1512 736
1280 596
1920 1728
1696 949
1320 1320
1508 196
232 276
8 724
860 1848
1137 403
1243 1390
1850 532
5 640
692 510
310 840
1910 409
1725 1112
669 928
1692 744
1409 1644
248 333
726 491
132 657
665 248
1648 2009
279 1596
788 620
693 774
189 2016
600 284
1620 522
156 1721
1800 1336
986 1856
1386 550
79 1224
1680 1392
1804 865
284 1648
1074 894
1624 887
868 964
370 1376
101 1528
940 278
1833 462
1112 1428
895 585
28 1726
214 1421
1569 1172
80 1404
599 805
1658 608
184 777
1184 1452
32 1506
1976 464
1980 1998
400 526
656 1553
88 1153
224 0
297 130
1932 464
454 1249
1536 1282
598 1177
1518 550
1165 1477
1370 1728
974 1682
1644 522
1245 87
549 1810
1442 1094
1144 1769
1150 552
392 1208
1418 1715
1712 1178
32 1139
170 1472
1054 1416
1810 1069
150 594
1718 1820
1745 1748
928 804
20 672
184 951
1711 1237
1202 765
1636 1271
1088 76
1426 1426
1222 1792
680 389
1222 296
1490 142
1433 1908
216 56
427 931
873 1783
80 196
2019 511
1937 164
128 1340
1420 760
718 1424
808 947
1792 698
263 1648
634 1884
1028 1896
804 1784
1849 1262
1160 713
960 68
1328 1152
1692 1622
60 166
942 598
1956 614
1552 1614
362 549
662 1091
1446 486
330 1436
704 1436
1440 1758
1292 1562
20 1296
1086 1358
1468 568
944 258
1358 520
211 1344
1712 841
48 1337
957 1204
1848 1080
1140 1569
1912 1121
1991 1803
716 1648
1112 1976
937 478
1208 966
239 136
1462 1086
609 1719
128 1184
1414 632
1117 660
76 1636
1644 682
1060 1214
856 480
762 731
894 0
1108 1432
1520 370
604 1766
396 256
1705 1328
373 488
1049 1144
1340 1460
343 1179
1108 1625
391 1996
924 57
1910 1866
1367 1999
312 1926
1536 760
42 1240
486 1543
276 1910
168 1536
2030 47
1120 1856
394 806
110 667
800 0
237 616
312 216
800 1342
288 1865
1440 1242
112 2004
1893 1062
1658 1427
566 1482
1974 898
0 1392
1368 1680
287 1355
1526 443
556 1552
1485 1167
1318 1189
1822 455
1098 446
312 816
1936 1630
896 644
254 852
620 1130
394 1460
1276 1544
1096 718
472 836
1781 1972
944 1082
752 1440
318 225
1804 1360
1124 1004
1318 999
517 1992
1352 1907
1197 124
394 248
1488 1036
587 710
1808 820
185 1965
5 192
1445 818
1072 1078
1114 241
1655 380
1280 1672
1585 1406
1436 1757
441 228
1632 438
682 467
48 456
1259 188
1504 78
1545 936
1316 2037
126 436
1709 800
1930 1303
481 1568
760 784
125 1228
181 436
516 1552
1460 1820
382 312
1859 922
1408 253
1100 1709
174 223
328 1840
1296 778
1924 100
844 48
1711 654
577 635
1120 1766
1393 94
786 1445
2035 1304
1398 1960
2040 1836
1880 1625
2014 312
1858 1124
304 1246
1533 1096
109 1192
268 1232
28 598
1252 1859
1378 2040
288 1996
912 2034
196 1797
6 672
1608 1105
1424 40
1307 1664
674 328
132 1028
1716 282
575 358
1427 669
3 914
178 486
1633 2012
526 635
183 1744
1736 970
1181 1432
1252 731
1016 1984
1520 614
799 681
838 544
92 1952
298 1136
928 1418
962 1892
1344 1912
1960 1134
1676 1779
1008 1264
1532 1822
1810 986
1622 409
1405 653
552 1195
1344 1710
1512 1566
484 544
862 607
250 1781
680 1131
348 424
148 1172
56 893
522 574
1094 1940
1292 170
466 168
1921 1582
221 242
512 873
1940 770
340 776
1274 399
1046 951
661 693
504 1648
652 1723
22 230
356 1884
1944 1616
1820 255
1196 541
1146 464
458 1493
766 2006
1848 1744
456 100
1509 1272
449 1479
691 168
848 202
2004 710
416 1472
1736 586
768 1045
963 2016
912 382
1778 1620
1718 1622
752 127
2047 75
1760 608
1712 1296
228 294
525 1406
1744 1539
1278 1552
196 1023
1531 1972
1725 1027
1483 2006
1828 680
312 310
339 177
1120 1424
759 1272
392 659
834 752
1024 814
1307 850
474 2030
938 420
40 384
947 128
1873 1510
1144 416
1281 42
1952 1311
716 1305
1880 908
744 1564
1416 1753
464 136
670 1312
1429 78
913 1962
840 1374
859 1152
356 256
141 1915
1445 402
685 1190
640 1104
461 56
100 1744
258 1998
558 1232
256 784
262 942
1004 1436
809 1293
1920 1739
934 1127
899 1804
568 209
429 1707
727 1588
1846 864
602 1898
808 454
2032 1632
1244 228
1928 1247
272 1168
1372 552
295 1248
461 581
1030 1991
769 1754
1395 1944
1958 1130
1590 1062
339 1296
1771 624
1220 1153
1672 1376
1944 365
958 136
1249 287
62 1140
765 836
194 1580
767 895
1854 1382
1330 65
1632 215
694 190
1216 1842
1216 861
1709 324
508 367
24 490
1626 564
746 847
432 560
467 204
314 1117
728 843
1657 1034
1032 118
1468 1444
835 1287
358 720
568 421
912 992
131 1776
978 1293
2042 1728
1108 1217
1696 396
1188 997
1003 1616
1994 80
1462 148
782 1947
120 2028
316 458
88 641
1738 145
761 974
1400 1687
1312 868
1142 814
1721 923
1608 984
1358 1677
1892 1064
897 946
1996 247
405 569
578 1908
149 990
1038 1720
757 149
1880 1055
1140 1128
484 1153
1104 508
46 1328
1652 628
1856 1160
60 560
1216 1572
1307 1540
768 976
2040 856
1272 1172
1840 1904
368 629
1064 747
1920 119
609 1362
1004 1600
1968 606
640 1202
979 1424
1469 437
1584 354
464 1456
1410 1368
708 1222
396 1960
1824 345
1231 118
360 864
256 1524
1888 603
2012 1145
1940 1626
934 1651
424 1892
208 1397
156 1807
1044 1364
1732 878
1812 208
456 1365
1868 1232
1312 1964
1816 272
164 360
1735 357
1257 718
1224 677
1612 972
1959 1494
1576 1426
1165 1165
1348 1228
1904 68
1416 1740
1129 472
20 226
1383 1736
1013 1574
1672 66
354 938
1239 1036
610 1172
1035 912
1192 1568
1285 146
956 364
670 1504
364 1135
616 338
582 1900
54 320
310 1408
1976 1648
1024 577
744 255
380 348
1057 296
664 1820
2035 166
1276 929
324 897
1350 880
710 640
1624 1310
1111 528
1654 2030
1048 800
1103 28
1988 1912
552 1283
1325 263
1224 129
448 128
122 1671
959 1718
851 1609
100 1905
1065 1412
1536 1444
925 860
148 866
140 1375
320 178
1894 231
1617 864
1744 1984
1598 1191
2046 1040
1167 1965
734 196
1688 2027
1040 1336
1224 246
456 400
1940 826
230 224
1240 10
1614 653
1024 854
526 160
2032 1936
1712 1212
813 47
646 452
1584 1837
424 160
1134 1130
1908 1974
1046 1949
615 944
443 1471
1827 832
899 1311
1116 1618
1821 184
918 700
928 153
418 1613
2040 396
1286 814
942 1792
664 516
2003 434
740 442
1906 576
1578 1904
1854 240
1432 264
1067 634
1015 1440
320 400
248 1065
1676 32
736 256
744 1328
1866 370
1120 1024
430 827
1414 352
301 394
1205 1527
1049 238
1764 1264
1898 1040
1920 1475
1450 1163
199 1140
638 1966
856 1065
1741 1501
1024 792
1536 1056
640 1161
822 168
2026 216
1088 1254
1146 1789
746 405
1658 1694
492 66
280 1309
0 1416
2026 804
2012 975
52 1432
666 583
640 713
632 599
1272 2000
1456 1760
176 4
448 566
2000 254
1258 1776
1462 1055
1792 1416
8 1128
1092 1606
851 697
1066 1364
1492 756
1012 324
718 1000
1032 494
1526 709
1888 2021
506 598
1778 117
1480 1496
1865 474
1940 851
1085 797
504 256
816 2042
1784 1099
120 1118
1148 1478
1536 1886
488 1628
1479 707
1008 216
1972 1136
921 210
2013 1903
1901 126
460 1408
998 236
352 632
1924 368
1705 624
320 464
409 989
1088 1000
513 524
544 850
296 1316
1422 1360
198 1468
1916 864
1894 1331
602 1304
759 1828
364 990
1867 636
1999 1536
1596 730
1713 1637
122 1534
74 1970
212 24
818 2017
2016 1349
1288 128
46 2034
696 1892
1196 28
1377 1194
674 1760
723 925
1984 958
2020 0
1611 1552
866 1904
1572 191
750 88
405 498
16 960
1319 1794
484 273
471 875
804 1436
1318 1813
191 668
512 1881
1986 1517
1760 1152
1772 1530
88 1706
1820 546
1380 1636
1176 852
1316 1346
1664 168
437 1654
381 898
768 1440
2045 1894
616 432
1472 232
728 1788
1397 936
8 1777
1609 533
93 1805
0 418
997 1782
1121 226
955 1892
676 88
1026 629
1544 224
1458 1105
1976 2032
902 1470
1937 264
1976 1472
1286 1156
864 2046
1631 1664
189 94
811 472
1264 665
907 1086
1614 1352
697 737
456 1277
1712 1753
1409 361
346 1086
1152 1202
1188 800
1276 1836
1346 496
784 1420
1774 312
1336 496
48 1010
1534 1166
1067 978
925 1799
989 71
214 394
654 207
1489 1024
1885 792
1072 1278
1456 1856
1847 736
350 1544
1024 488
930 1023
590 1452
1208 576
460 605
0 382
326 1864
1984 1232
916 1988
512 1776
1957 476
38 1062
1648 1338
986 1903
1437 1628
1528 1312
436 1334
1480 680
1324 1700
1734 2042
1952 1434
978 1800
918 1548
1404 322
54 961
1728 1572
742 48
2025 1672
338 666
920 1968
56 1760
1744 52
1575 1231
1590 1417
815 1433
1720 437
188 1074
1396 288
1160 412
224 1717
268 244
1363 1544
1478 939
82 672
328 1090
709 1416
1548 1934
867 972
672 54
1440 123
1066 436
1927 1018
1638 485
670 810
556 254
1470 294
1828 1406
1530 1440
398 502
151 376
609 1252
1058 440
320 1802
1866 114
1168 1075
1778 1077
1932 1989
1968 1736
1855 2038
1066 860
1900 904
624 1734
48 16
9 88
684 985
1780 652
1323 1431
604 1826
596 40
1868 1280
2030 744
559 204
884 1776
1880 1947
1232 691
1884 1428
1166 496
1005 512
169 1832
740 712
554 150
769 1504
574 510
1768 358
752 1192
1096 1636
1589 1868
968 98
55 414
1260 1580
1872 1240
680 42
450 464
1337 732
1830 100
40 1787
1142 1408
2030 618
712 1992
856 1091
744 1458
1472 1050
1342 1498
200 1340
740 948
1632 1108
512 1008
1270 173
2026 418
944 897
1656 1976
1552 1026
1176 1624
272 1620
1948 532
1414 407
1842 1731
1816 1570
334 1924
1565 1359
680 621
592 1541
1443 736
1150 81
720 732
1564 851
1237 952
688 971
1688 1344
1851 2046
344 555
1710 1024
1396 374
14 1953
173 68
811 79
1486 978
1768 2006
926 1276
836 48
602 1812
1038 376
64 1875
38 55
86 553
1873 1172
561 1196
414 1728
1694 64
1664 1368
432 760
1692 2042
448 1807
1156 354
268 1660
280 2008
1710 1644
1693 526
747 178
750 296
816 1570
349 196
846 992
1610 1120
1304 952
250 1296
904 748
1046 371
616 179
1498 250
1124 1114
1040 1312
647 736
1434 540
430 1018
1946 1102
614 1271
1953 1138
832 170
80 1040
992 1096
1393 438
1146 965
69 735
704 698
856 1076
1870 1844
1508 185
529 1448
1896 1252
1940 1025
730 1136
452 1728
1172 1263
1704 698
1238 2021
1976 916
611 1281
956 1052
828 1656
1808 769
1588 1112
1831 1964
688 224
1675 0
1127 152
552 359
1991 1677
516 504
803 65
1098 1296
1184 1614
1717 1612
12 488
646 328
793 1961
910 1378
1426 1770
1322 112
1708 19
871 1872
146 234
1152 248
631 191
1641 1612
1580 1165
1354 1824
1780 327
147 1729
92 1980
914 508
1322 921
1789 1728
1077 1663
956 36
282 1896
438 1596
1835 1304
1309 694
2036 791
904 1000
573 1476
1270 1266
202 1935
1490 1309
164 1229
191 1725
912 1254
800 1212
2006 0
1984 1698
195 89
796 1576
752 980
413 1378
1860 132
1224 2018
1899 732
1304 812
1315 1360
1240 1953
52 70
1204 1052
496 1135
768 882
1384 240
296 1842
7 1372
1521 776
1622 14
276 1100
498 196
1420 1004
1197 1920
631 1510
968 1958
1440 2030
1503 899
1069 448
483 1267
1512 1367
1709 896
1864 496
645 613
1911 548
2008 1754
1323 1168
560 1751
1342 732
1750 1692
1452 345
1031 768
750 1132
1999 416
1442 1993
736 1848
239 684
506 446
1657 220
1664 62
1789 1702
1405 1536
1136 793
168 752
1742 638
1727 300
855 142
1853 628
1865 512
292 384
804 512
544 1600
706 1213
344 841
1824 1781
417 1552
608 1312
280 1512
324 968
556 310
1953 891
1914 919
0 1162
1921 1662
1713 131
1870 2001
617 1444
2025 832
496 658
1607 1874
1654 224
1470 950
1190 401
1100 144
664 375
400 768
1664 1988
1835 1868
1259 1616
1674 558
44 672
704 1016
316 1336
1504 1981
674 316
512 821
617 803
272 1755
1970 576
770 967
937 480
1361 1489
839 64
1567 233
992 588
1594 704
1213 1861
612 1692
908 1644
288 1423
138 1736
1544 1320
1746 1104
1814 823
1048 831
1562 1201
1496 1004
336 1383
971 1720
1489 1613
1392 1554
1728 742
1964 1626
816 376
376 556
364 1670
941 1328
1660 1204
1232 26
1388 1360
861 1748
735 1104
220 120
1464 1362
1448 463
376 618
1459 1410
1744 987
883 1071
960 1301
1236 779
688 777
1560 936
1685 1952
1470 838
1134 872
318 1156
74 541
696 524
1874 1760
1344 2012
1460 1535
32 1500
1384 1502
1088 954
1468 1152
306 858
312 1165
1477 1292
1337 800
1376 366
576 1424
642 865
964 1741
1781 1744
1530 1558
1356 236
868 1476
0 4
1704 522
442 550
1152 1922
198 1115
1748 1572
992 1072
12 572
194 608
112 1536
139 1798
32 520
1248 1808
1178 1469
666 433
1088 28
1882 1436
167 1572
896 258
127 144
984 1864
1252 1006
500 1103
365 1556
1648 81
1193 1460
816 1451
514 835
2 360
1640 225
924 2024
1542 626
1526 1352
653 1806
1614 1008
641 1214
409 902
0 1576
488 2040
700 691
232 616
854 1800
149 1554
448 132
1645 1844
259 171
396 19
1615 264
1452 1521
1485 1312
1534 8
185 46
1436 1567
982 1574
764 1522
2006 960
192 1984
1696 1774
1887 504
1576 1316
608 209
1267 780
1290 1140
1123 893
1377 1316
1330 640
1168 394
842 2005
1608 605
1989 1174
1028 1987
1656 1924
576 56
388 856
1938 1024
949 1741
396 1706
1603 611
1612 160
87 1897
950 1683
1360 1076
1092 1652
620 1718
1728 1364
1360 1600
1923 1772
512 965
105 2000
1488 530
1392 1090
1776 1432
1560 1732
160 678
1878 1837
148 126
370 739
306 876
1219 835
718 1136
214 1470
1815 1240
228 224
1294 448
1100 1381
664 1004
819 1720
1540 1388
1595 1232
1224 48
1702 1768
1880 2040
1182 1164
1284 288
1355 1284
1264 824
1696 1979
50 224
645 372
1764 1880
82 1904
208 835
1216 363
435 1883
720 1096
756 1878
1146 1788
1686 567
1560 1576
684 908
1680 1178
344 1012
1573 994
12 448
444 48
1816 480
1888 1808
1216 1314
832 96
245 552
741 526
1944 128
326 1896
1534 1769
1520 270
1242 1686
995 1092
751 1616
878 1042
215 1615
776 852
2009 1652
1416 928
558 218
948 768
1303 1744
71 1566
62 1678
1800 1704
41 1840
424 61
1038 903
188 647
1560 1925
176 72
30 258
264 1560
1048 1056
864 1058
196 1555
1780 1956
1750 713
818 448
847 766
1934 1608
798 72
1350 254
840 872
1069 708
5 1032
384 1328
183 1340
1530 1471
1490 844
1256 1162
1059 896
1668 647
598 166
816 1028
1577 677
1646 156
922 786
1295 315
1152 570
672 1316
907 1178
579 1163
880 280
1098 1568
582 1238
893 867
725 1997
58 1684
305 511
1908 1654
1712 1298
1374 413
1608 1776
989 1826
1528 120
1108 1330
540 1464
1719 1554
1198 1044
200 1309
1272 456
474 1296
60 188
1552 670
1406 1185
1604 1477
1632 1627
1506 672
952 397
1290 528
1537 1964
1851 0
1152 227
564 770
1897 1304
173 1496
1095 1356
492 1349
1996 1348
44 67
710 1748
1630 368
1780 1456
1250 1594
784 1410
1648 137
266 1794
1912 1370
1507 1893
232 1984
1615 835
177 1424
1382 734
1472 276
460 1382
442 1063
68 1446
1242 1528
806 147
662 1653
1640 1713
938 1688
1698 590
272 472
670 1901
1476 1506
40 1028
495 794
295 658
596 647
81 1472
136 717
258 1786
1340 537
670 1494
1688 1020
1160 1870
1588 592
1915 1212
1033 552
240 1136
1296 1597
594 872
1290 1390
890 276
400 1408
1828 316
955 560
1856 1952
1398 664
894 440
1375 464
738 854
560 103
684 300
1452 234
384 628
1121 1762
1282 748
1062 937
833 177
2024 280
1952 82
720 328
1572 1412
1886 842
1230 1458
749 1423
1806 296
1224 1548
1332 953
1536 1021
339 672
1632 1656
640 469
1404 24
1048 1024
854 1284
366 312
1334 1784
304 1256
1352 468
916 1464
2018 1613
1471 918
326 592
512 1066
449 811
293 1706
1783 745
450 1180
1195 1336
1942 2018
771 26
1239 400
1394 82
1904 447
823 1839
1470 1356
804 261
146 448
440 1032
1562 368
246 1584
1243 696
904 1476
974 1650
1888 1986
1804 1436
822 1044
124 952
710 760
136 368
1466 304
854 772
140 550
672 1200
1704 1888
904 1199
1434 274
1654 2038
1969 1404
170 428
264 46
1772 1210
1859 962
1006 777
768 885
642 832
256 389
520 586
564 512
1592 944
1918 398
765 975
1988 1046
1136 1056
2032 338
968 780
1590 116
1690 1844
562 1592
308 1564
517 394
139 645
1836 338
1494 1752
76 1900
92 1616
1770 876
2034 968
29 868
2008 372
484 1192
1541 36
1888 1704
868 136
1262 962
725 1352
528 1854
992 269
1484 338
1348 784
1236 1726
516 1992
1076 608
234 1674
238 605
704 1554
1092 1670
1761 314
816 1460
496 1707
20 1414
198 1555
1970 1184
1092 37
795 148
548 250
1156 212
596 1394
1618 699
1636 440
1930 794
27 72
232 383
1628 120
1956 1818
679 424
786 512
812 614
256 1956
892 877
784 1672
630 1891
2002 339
840 1725
308 2018
1826 1935
1067 1760
1343 1962
69 1392
672 670
624 1680
1188 1522
1476 896
304 957
1510 1234
1290 1792
1622 688
1932 312
1467 514
21 1876
221 1159
1430 768
1576 847
1236 1027
1443 630
2002 1587
336 1700
792 769
1199 772
456 1886
614 1422
1880 917
361 1957
888 793
32 248
560 1276
1047 1803
1183 712
1784 2009
922 1784
988 626
606 950
1728 434
75 408
680 550
398 1012
290 227
225 197
1026 1530
464 1408
578 332
842 1321
1651 588
123 96
1487 1960
802 1173
1568 558
1014 1705
2027 350
384 912
1802 2004
1589 1194
156 308
900 1146
1632 1418
1762 692
448 1436
224 1312
284 1520
1006 1680
796 680
1600 806
651 1344
1092 1471
356 1929
86 1621
1959 434
540 208
1835 1956
864 490
1598 1644
716 177
1597 632
1655 94
114 1432
455 1202
1338 463
1684 474
955 692
349 1862
1158 252
1040 750
1960 624
1057 1896
1070 1228
41 264
284 1380
942 256
448 236
333 1072
1627 244
592 1630
1064 128
52 491
1550 1884
1932 979
1314 1336
93 104
1984 20
1816 648
2016 214
169 1390
1356 287
1832 411
739 102
16 358
547 732
1108 1414
976 122
1581 432
60 209
240 1640
87 234
1548 39
470 1280
366 770
1136 1652
1424 1408
1208 1500
1508 1152
196 1890
1427 873
354 1024
433 1796
1947 1540
571 452
1589 1804
2044 1696
212 1866
1122 192
1280 1751
403 992
1064 1224
1536 538
869 608
790 1557
195 1308
1908 964
208 378
487 1482
1932 1703
362 1943
1646 1996
1895 1694
424 1336
501 1368
1547 748
64 290
942 1552
1428 1429
654 1469
964 1152
1744 714
640 1863
1019 592
1216 1078
1190 648
1376 990
708 2024
1688 607
60 1888
132 688
298 1445
1950 560
1184 940
1992 1032
1648 121
1862 116
528 98
838 1442
724 1767
314 234
1578 316
1932 1274
1879 546
512 1060
1940 289
516 2009
800 488
604 460
237 716
433 1399
1884 248
776 524
601 376
44 704
1562 1558
1247 46
16 208
496 124
1428 1244
1735 1056
440 1060
1659 1458
1624 1102
1813 862
1878 1896
1608 30
1478 704
1310 1917
1722 1884
1964 356
1968 1954
64 1281
1720 2000
192 455
1594 1204
936 858
1826 509
1238 1770
264 1864
1097 520
1715 1181
1152 162
72 1550
1103 280
340 1322
46 149
412 1741
1280 1313
1416 856
1560 1768
1781 1760
240 1342
462 1967
960 736
1029 1701
955 522
316 1048
1038 1332
66 1340
190 1220
1196 2010
243 356
896 1832
1226 692
1207 664
265 566
116 2015
226 256
1556 1206
1835 408
1748 1392
1130 332
518 538
112 653
1896 1125
536 980
1200 1526
650 1098
1944 416
610 120
1992 1648
145 982
1979 1380
976 1580
130 1188
1919 1551
357 600
918 1845
1035 136
1800 821
528 1120
26 1168
1099 2034
1112 1148
1042 724
1952 958
1064 650
1748 1968
1264 166
65 1894
1434 507
970 221
1896 1246
0 1154
192 1280
936 561
668 1638
1156 532
297 153
704 549
811 882
1407 351
537 989
1172 686
522 124
280 569
464 1291
1648 1012
551 1832
1536 1891
1822 1047
2000 1558
172 136
1223 1696
553 842
91 1352
472 1856
1218 144
175 1643
1979 1684
1728 1665
414 1415
1216 683
1908 104
289 1726
1694 1194
1978 64
1724 486
1581 26
724 34
1440 1486
1472 1544
832 396
996 78
1084 718
1000 1664
1406 1502
162 204
1597 526
1898 647
54 1656
1236 1344
208 383
1596 874
1322 400
544 1879
1834 1548
475 1252
1312 1798
1334 1866
492 864
1632 1184
748 504
1555 1598
1598 1248
528 588
1561 48
88 528
1822 1222
925 1098
1104 680
970 1475
1756 1489
1843 864
1060 720
1478 313
1612 1686
1504 348
416 1256
2004 1776
744 1754
1874 1672
420 449
1635 1192
469 601
323 552
294 1898
598 1324
60 10
615 1644
1633 608
1980 1822
1480 65
1923 1552
718 952
608 1208
798 1809
444 1261
571 1948
1798 1916
1063 1534
1402 144
382 800
415 333
1152 296
856 323
1835 1920
2024 2027
60 1401
1855 1000
1672 1973
222 1766
288 792
1486 1251
1920 1582
984 354
492 752
1284 1314
564 1134
1196 308
1579 1219
1090 1703
1861 1784
578 972
640 928
868 2012
792 1412
88 788
426 320
22 1987
640 1780
1264 1784
1181 28
568 632
696 232
1678 304
0 1034
263 476
256 1748
1347 1642
492 1924
1464 1280
1152 1541
462 216
2000 1864
408 1988
1563 1364
1214 856
120 1936
1272 1248
370 54
950 1623
1982 1827
764 583
1814 915
626 192
1964 1015
1504 473
1231 508
1740 672
466 1448
1637 1999
632 220
734 1104
821 545
711 1264
896 1340
1339 121
945 1404
1750 950
40 164
1024 2006
1894 234
1008 683
122 1851
888 515
2039 415
1678 1290
419 1912
140 748
1969 1348
1288 42
1722 352
1755 130
882 1232
888 255
1781 570
55 1620
1468 1664
1846 1968
764 832
132 166
1090 1374
486 240
514 1502
1694 976
1678 1072
1092 1024
1024 1943
446 848
1756 569
1272 1167
992 334
1764 1488
394 597
547 1090
666 384
840 824
1710 832
232 264
1760 1388
1226 1605
1364 1296
1244 1464
1248 544
1632 914
880 962
1504 1744
458 128
1344 1535
1949 641
1208 202
204 384
2040 1006
800 1376
2016 800
1476 1752
1969 1644
325 564
1548 984
1357 1061
2016 1753
1364 989
412 2023
1312 1818
1171 1150
408 1340
478 1162
452 515
228 194
1260 1012
672 568
1864 1736
1197 2047
100 6
1891 1253
1186 2012
1072 1497
906 452
104 2019
1610 1800
1340 1588
1296 1796
421 1308
1447 1774
1420 2037
1883 1087
276 512
1986 726
94 1976
140 1790
372 232
1116 742
1674 1060
659 1920
366 741
514 623
872 1100
160 62
1076 139
138 1244
1960 169
56 932
1721 992
2038 1928
688 1608
366 1566
1408 509
1842 1142
1579 1772
346 712
1122 956
64 308
752 240
612 570
2020 1440
930 1798
439 864
2000 12
1308 1276
1816 1816
328 776
704 884
137 751
790 2001
1440 633
356 928
1412 172
1407 479
1259 1003
154 1200
403 791
1442 807
784 1146
1792 1663
176 1236
1200 1725
1536 2004
1921 472
1066 992
1526 384
870 219
1341 236
726 960
390 102
622 422
455 617
457 1593
424 1961
1832 1501
976 537
1304 422
506 357
134 710
994 1684
2030 865
192 664
816 1600
536 364
42 1802
1831 712
443 468
540 1413
576 1920
640 320
1486 1712
291 1036
720 707
1756 1033
1474 368
256 728
159 1905
715 397
1145 850
1488 1489
268 608
1032 671
1376 656
664 624
1002 1502
497 1304
704 32
1340 1774
1948 504
1500 180
477 2000
1952 984
212 1081
1148 1337
1778 1154
789 1416
1916 923
1240 291
945 1270
107 1526
1690 148
963 1941
506 384
336 1142
1352 943
712 1536
1143 627
737 1018
430 1908
1924 647
1256 1713
1786 1440
402 1780
1016 1907
681 624
740 1215
1156 1712
1453 860
742 494
1268 788
896 256
292 618
598 192
689 841
1761 1150
1602 2022
1481 277
1248 826
1798 1436
549 1261
1538 853
522 1416
1433 32
1742 1788
1453 204
756 2047
1000 1844
1956 254
1536 1841
1664 140
1109 352
1668 1479
1414 143
766 1618
104 1220
1602 168
584 1935
1526 1272
1227 144
118 896
1040 1565
1888 1645
1554 794
392 1024
0 438
360 1728
562 16
20 208
1109 268
232 1776
1748 754
16 752
1112 770
172 1888
1996 268
1610 1050
64 496
1520 576
1636 1164
496 348
1608 882
404 218
842 1864
792 20
100 220
1775 1256
1488 1788
1148 1845
706 1584
125 756
808 400
1806 592
880 496
1280 1559
1740 1802
1524 404
423 1946
1388 1766
864 1302
1180 1958
628 882
1254 1220
1914 1314
175 723
1557 768
1146 1062
1852 1924
1280 1660
1465 792
128 506
1397 472
1040 986
726 1084
1916 1437
1006 1616
264 792
936 976
867 1084
888 801
808 552
1821 1152
1453 1378
92 2
810 1817
527 1084
815 191
512 1012
1772 1059
304 822
512 432
1948 971
1010 1232
1400 2025
1516 674
2028 1232
272 440
324 1939
256 1482
1100 1510
906 877
1736 1510
1230 1600
382 1134
1961 1872
1279 619
0 128
1178 1009
544 1624
841 1460
1346 280
668 846
1088 1511
1658 685
1009 368
413 119
1384 644
1109 998
1009 627
1517 769
630 934
468 256
1307 576
42 323
1552 1583
637 0
692 1940
920 1289
1996 1450
320 86
32 617
1258 1076
1216 1891
499 1376
1966 1768
1583 878
1120 128
346 20
225 1004
336 140
490 1208
294 1440
1241 343
608 1902
332 1234
1430 796
904 109
1872 331
253 288
520 414
548 48
1142 1969
24 68
581 545
1382 58
1810 2044
306 2012
163 310
1890 94
512 400
618 1008
569 756
138 1064
158 1664
582 40
372 1773
2000 2004
375 1448
982 925
918 244
687 1073
1144 112
1088 1535
928 300
728 772
1482 24
125 206
1462 1360
878 890
366 1260
1622 1987
466 2029
253 533
1974 250
1563 276
1631 200
1180 1568
716 308
838 1448
2014 192
154 1740
1412 911
160 1090
609 874
871 112
240 1892
1242 662
1872 1746
1438 1874
874 1347
311 15
410 577
670 854
420 957
1920 442
648 1482
452 824
1840 596
936 2036
289 179
1070 1124
312 66
578 258
1347 1344
870 110
1159 1918
1162 1130
1616 176
1072 1123
4 320
1960 688
1529 911
912 903
1656 259
1024 636
946 1996
1304 1835
1392 1150
1524 685
1899 1006
1955 64
1925 626
2005 1168
530 1912
1164 1164
1700 648
808 324
499 1266
310 764
682 1042
1888 972
1788 1360
30 243
1325 1179
1022 1630
1109 1007
990 1058
728 170
1283 967
1724 1780
773 1980
486 1056
333 460
1034 132
992 382
960 676
1656 692
1918 680
1296 1628
1222 1678
12 196
1084 811
1940 1101
808 497
2028 1350
1951 607
1416 450
132 1791
1399 1950
207 1764
1894 1852
818 515
2023 1862
1430 1854
1168 1600
1524 237
341 1080
314 437
857 1626
516 1355
1304 1005
386 578
304 871
1872 294
447 640
1085 1596
872 64
550 799
4 222
582 658
306 1167
1680 708
37 344
498 1194
160 140
720 451
981 1552
727 700
1024 576
1389 1434
1554 1052
732 2015
416 152
1366 265
644 1394
1069 2024
1016 530
1952 1382
1680 1059
944 2010
2 1979
1892 236
849 64
502 1085
64 1348
1000 704
1272 629
18 129
1560 1618
640 268
1208 468
1627 164
606 206
720 984
960 393
944 1640
1479 1544
1531 1014
1524 1848
1148 1856
358 1110
1012 1238
270 1148
1090 433
1934 533
1680 183
254 1186
1044 206
232 20
1213 64
769 346
1824 814
64 254
1952 366
1228 400
937 520
498 474
1980 877
1262 440
1855 1548
1408 1672
1736 1732
888 668
1205 1109
322 1872
1526 280
1987 1252
1090 2039
380 1486
1160 192
460 608
547 1476
304 283
816 537
616 363
1380 148
273 728
376 674
422 1490
537 1844
1674 392
800 1324
992 1157
1903 281
1100 1824
1114 807
240 1118
2032 1766
1304 1014
1433 753
1762 862
1920 602
342 336
1116 168
1890 60
1642 1879
1260 1845
1240 1712
433 520
1258 2000
919 194
1424 260
1072 1654
1220 864
192 2036
1428 93
96 1198
1124 920
1526 972
1304 252
154 1424
1965 1025
34 1688
1607 584
337 1369
212 963
374 326
1050 1680
421 1764
836 400
332 384
1375 668
446 216
286 72
1760 350
746 1914
315 1345
1524 1295
938 296
1138 1684
1592 1864
408 476
368 1784
908 69
2007 40
444 1803
1937 1352
1890 1868
1553 173
1773 659
1697 952
1897 794
206 863
658 116
1524 1220
221 958
810 916
749 836
748 1360
304 402
1536 0
1364 424
740 48
1533 2030
1426 703
1644 1232
944 1916
556 1320
1114 64
1211 406
1123 765
1424 1087
1824 1024
1664 1239
296 1585
1352 1582
2027 925
652 874
948 302
1622 1929
767 2037
906 1688
44 270
416 0
392 1229
604 1873
1531 1824
644 1144
154 158
278 134
1854 369
1028 1852
1536 1864
1552 1389
2008 273
1048 54
1499 1634
1570 184
242 971
1848 1611
1196 1887
78 1800
1334 896
240 654
524 728
1959 1900
1920 208
912 917
684 224
416 1450
1522 311
90 512
1432 636
1244 1274
224 510
1768 340
330 1233
1866 568
571 1292
1184 382
1759 1392
71 1284
1324 1532
858 1381
202 1690
938 1192
1016 705
90 1660
338 615
602 931
1016 1114
683 1264
1327 1354
156 255
1392 514
1676 1888
1120 1668
996 735
270 1290
1956 1451
1614 1878
1603 972
1193 850
1210 2006
1754 582
1123 287
961 1563
256 1314
995 608
400 246
691 630
1751 462
1177 1024
58 1868
1804 1009
1200 293
267 1687
1168 1744
1868 524
577 1748
1400 2007
1959 1604
1292 1960
298 300
772 1770
80 158
672 1312
1027 1234
1470 1077
2014 298
1096 1856
582 800
1240 1560
1856 1546
1088 1055
1280 1677
1656 1168
1438 77
1449 1312
880 1024
1797 381
423 556
788 1544
656 96
536 1192
152 13
261 1448
930 1880
1306 0
1468 1596
1550 416
722 1266
380 1824
946 1000
300 1024
242 1707
541 879
78 675
1703 827
184 307
778 148
1416 1784
2020 346
1516 1416
1720 1164
1556 1200
1253 605
230 1856
942 14
1684 909
924 260
334 1526
1780 1788
1662 1216
1079 728
148 574
1692 748
1605 1948
1774 968
48 1338
492 268
1996 1863
365 715
404 1456
1504 370
952 306
720 1008
630 36
1486 76
1782 1170
2032 988
1900 1
1373 318
1652 1688
1792 582
1986 1184
290 484
747 1880
924 1400
1500 426
364 1543
136 1756
1040 1970
872 1150
1451 2003
1321 761
1920 972
1034 1320
1169 1305
1125 583
588 765
1176 774
26 189
1800 256
703 300
1268 43
1984 987
1442 104
464 1023
1472 58
1164 1371
1128 261
754 1511
440 325
1412 1758
1846 564
1623 1904
260 502
356 1941
632 928
1902 800
1190 1903
1144 671
824 29
1825 1711
1009 1882
404 1275
668 505
705 1026
1768 584
291 1968
1470 474
1345 28
1618 0
159 1368
382 1402
1190 1978
1791 544
192 314
1322 1425
2042 964
1452 778
1304 1810
1358 668
814 1692
907 1872
1054 1798
408 152
264 307
1088 1026
1768 1916
858 1844
592 904
1519 1564
1838 1488
1720 1048
2047 1919
697 1
1600 1616
662 1206
1975 1590
300 84
1460 772
1946 1212
1112 1308
321 1372
1842 1224
1260 1095
606 1842
1876 800
96 723
1152 472
1356 1544
1020 116
1899 1994
923 302
71 1040
624 48
1762 1290
1171 1684
1255 316
956 1640
1328 1613
779 1412
1241 1288
96 270
296 1192
1478 1024
526 927
824 1344
1426 1984
1054 28
1778 988
928 1488
1808 1376
1312 1874
1794 1721
1456 95
1848 1831
248 808
1996 126
856 55
1824 260
608 51
388 1714
618 10
418 1866
1144 929
1680 276
684 982
612 84
556 2043
355 261
486 32
312 849
300 764
545 678
763 545
1360 519
1614 1570
1920 205
1463 1210
1914 551
1692 487
1386 449
120 1028
1184 322
1616 1000
1888 1939
1780 1485
848 1130
704 1270
842 1804
2040 1148
1376 206
1385 853
1596 1004
560 204
1476 1776
112 1904
2014 35
984 396
1302 1499
44 1568
736 1290
1246 1518
1453 1416
285 1136
128 2031
1840 1486
1718 960
720 654
1939 1682
990 356
870 576
1236 1048
968 1192
672 102
1423 1106
196 1828
1172 974
1447 1372
597 1280
890 122
2030 381
1352 970
601 800
48 1421
527 1072
1960 824
934 1552
1484 339
40 1184
1864 1545
1264 297
896 928
280 256
1767 1430
666 1120
1539 35
1123 745
352 764
1212 1220
92 1760
289 984
1742 1556
380 1692
1388 1490
431 490
1634 1868
1556 1632
1456 2007
334 560
536 1368
1500 1736
1320 1928
2027 29
40 84
392 1451
1464 1934
396 248
1527 1631
1331 561
891 1468
438 796
1591 1704
653 1872
1510 1152
184 346
595 1164
220 1624
538 1576
284 848
1130 1292
1642 752
1570 1379
1680 1920
1047 1660
548 1498
482 280
310 128
795 1436
1768 400
1322 1447
944 1056
1732 676
1850 2036
512 1852
428 896
1682 224
1897 1300
1363 674
417 848
838 1340
1632 640
324 346
1888 1552
536 1070
508 707
501 1861
1868 1585
513 1708
688 1415
736 1776
1040 888
1932 832
600 1194
1496 1789
1800 212
1342 602
1254 502
537 1428
586 1868
1717 834
673 1589
1692 800
589 1748
583 336
1193 426
1492 74
1686 664
1744 1766
1824 144
1251 592
1892 1916
1650 44
108 1072
694 1659
492 1244
1022 1950
208 1290
62 1813
1300 591
42 1032
820 1948
767 164
489 937
528 1828
859 1110
1016 1816
1311 2020
398 1890
161 1464
1589 1225
1539 1704
1771 476
936 748
1100 366
814 289
1356 354
572 1766
1937 1634
704 1581
272 1685
1764 1630
1989 543
1458 512
18 2012
1685 956
634 1144
968 1307
1940 1034
1215 949
738 1154
1566 1479
664 597
596 572
648 192
1720 63
1285 946
1296 1338
1381 260
199 1320
26 670
180 1056
1036 1804
574 1242
1978 1586
1824 256
744 409
678 884
1952 1664
611 1696
480 656
1154 1656
1219 1410
50 823
1308 607
276 209
1904 1785
888 1728
978 832
808 1956
1600 268
1056 524
1012 174
1264 144
2039 575
1909 1399
1752 1829
1128 232
896 1016
1408 537
1892 1273
779 1044
145 600
520 792
352 1964
96 1313
1299 1942
248 1936
1576 179
1716 844
1502 812
1440 1978
376 1088
258 175
32 2006
572 94
282 1196
1371 864
1296 1696
668 753
1461 511
471 1758
1712 263
1898 362
1747 824
372 376
454 56
162 1602
2006 263
1898 433
1782 1080
200 1713
1738 1490
932 1386
1824 746
960 1681
886 409
1774 256
1872 384
1047 320
1009 1412
1925 1648
1980 953
1388 1771
1616 1522
912 714
302 1772
2016 894
228 659
1034 408
80 1816
1642 1876
1072 1529
465 563
1766 1884
544 684
309 1899
256 1944
1134 1668
299 1960
62 1590
500 1250
637 143
1298 504
1231 544
1744 1858
614 2047
596 1732
1184 562
1664 1072
880 197
1162 1860
768 179
840 1862
1116 1715
1304 1126
512 1240
624 1952
820 344
48 1936
1243 464
1399 1436
1279 208
1034 56
1660 1616
324 736
732 1888
490 1976
1722 723
459 200
1780 2036
1370 1868
220 298
1131 2022
32 1210
798 446
494 1048
2034 656
1628 44
1648 1584
1916 282
800 674
414 1017
821 808
789 589
256 606
320 1165
1078 633
1723 1056
374 764
1338 42
55 766
1580 271
1800 766
956 1600
1370 160
1539 1888
1594 912
1728 570
1615 1760
1615 15
320 1410
1698 664
880 1048
1245 1744
850 144
902 596
1072 1427
171 1727
1651 1242
613 688
965 104
690 1288
2000 1417
1418 536
659 272
724 1768
1940 1296
1332 1335
1448 267
1820 536
303 750
417 896
1648 1347
906 401
107 548
864 792
1186 419
4 2028
832 1766
594 1582
733 416
1829 462
996 121
1216 2005
1784 732
1159 970
132 194
686 231
440 64
1008 84
832 567
1472 1472
1836 1984
1990 1380
16 776
1811 1934
1064 1423
784 716
1378 1683
1561 1760
591 1208
1006 1012
1508 753
984 715
1668 864
1540 268
1439 832
243 1864
32 1351
422 1538
1864 716
1539 1689
392 1410
400 1950
816 797
1408 147
0 704
52 2026
370 880
1045 17
1544 1530
998 1556
1208 1188
518 1654
1288 1468
244 138
674 28
258 592
1314 1664
852 918
192 182
978 252
1742 1382
92 1453
1792 1792
1246 1428
975 1924
1291 748
1512 668
731 68
210 1445
467 180
1882 369
568 1399
263 256
1644 1954
791 472
1640 582
136 1609
1695 1008
1008 75
1080 442
1792 1884
198 1878
466 848
107 1807
1544 1910
870 655
850 704
893 1518
1384 88
2018 1136
552 640
1937 1700
1184 636
736 1236
1844 624
1548 120
1108 1822
1484 436
964 1310
2024 969
1852 1948
1610 505
1108 1523
1064 769
736 1648
1740 436
480 1022
1088 182
1620 146
1604 160
1684 1256
1971 1698
1800 140
676 1504
964 1024
1278 0
1944 1928
1208 1728
1470 1104
672 1934
98 525
506 120
1384 368
850 546
440 264
416 1954
1560 1974
1338 0
1204 668
1928 1713
1652 384
410 134
48 1326
1856 1172
936 1666
1713 680
1018 1504
1584 172
657 1660
280 682
8 480
944 1696
212 270
1597 88
948 201
873 1189
1332 1351
699 1101
134 1309
1169 1470
468 1004
64 1084
700 901
1570 282
1326 84
312 1191
1136 1256
1572 1160
832 448
666 1370
1096 526
62 1432
1449 240
244 225
892 1923
320 300
1356 546
456 875
800 1434
1772 347
1964 1158
1296 114
1383 16
1746 849
1344 1688
1984 1040
1728 2047
2034 1822
1106 1085
413 384
1180 2016
1264 1159
1716 478
1684 1290
1524 1888
200 1417
104 570
1264 658
1164 846
1274 341
680 41
684 681
69 875
1336 1856
1192 576
1846 595
1254 924
1479 1352
884 643
200 726
90 1750
1943 1768
128 1432
488 738
72 1840
369 1688
1949 923
336 1976
1147 1488
1194 365
81 1383
1923 1848
1136 1968
769 640
1536 1768
812 1218
758 64
1791 68
1969 922
896 1462
1632 343
12 1208
884 408
1711 75
412 614
1427 116
1764 576
1498 361
304 1372
1220 1280
1920 1772
2024 1943
900 1360
394 800
1088 1520
1162 308
595 858
1304 1070
584 1972
105 620
60 1076
1010 223
396 635
1632 1768
1706 355
840 1331
750 288
1096 296
656 840
1642 744
1624 1480
1955 384
250 565
352 2008
352 1708
540 1134
537 1571
1816 1856
704 1590
892 988
1120 301
68 852
112 1544
1679 1415
992 536
198 1933
1492 1946
1142 1440
978 1406
1511 1018
790 479
312 1208
372 727
780 1279
988 1161
564 576
1139 310
330 1538
837 603
1499 64
1369 70
1696 510
894 1097
1684 1552
1865 1776
152 17
324 182
197 686
1096 731
1464 1293
1924 249
1227 956
1558 1772
1911 268
1608 1215
1599 384
1311 1722
1008 196
1960 1981
376 836
1226 839
667 1057
768 1115
1390 1633
86 1628
1378 736
855 2027
1597 978
614 1254
1913 1976
328 678
186 422
2008 1548
1884 1414
452 1052
1645 1693
1919 976
232 1720
1440 638
548 387
1963 1909
24 426
582 617
1436 578
1990 1241
1581 420
918 1856
240 395
1472 1010
16 1936
450 1632
1592 368
484 1940
603 1255
1922 1510
836 992
1180 1399
819 1669
268 1317
848 1651
1350 720
16 1082
162 87
808 370
309 1235
136 1236
1324 212
1408 1027
216 583
1800 1604
1848 1024
1564 1154
552 716
951 618
987 580
277 564
1334 1542
1881 1024
416 1978
1316 1252
1200 1885
1211 1384
1816 1460
1240 1758
460 1668
1880 281
438 447
1124 1694
1128 1913
1590 1360
704 204
1574 1548
1264 196
1227 472
1789 1216
1684 868
1270 668
1592 408
616 292
1195 675
482 1350
1742 914
168 864
116 1668
358 246
255 62
1151 1182
1908 1827
839 233
992 996
368 1912
534 336
124 1446
307 896
0 1717
588 240
780 483
1216 439
2030 1561
1043 1180
1380 532
1606 1296
1508 1294
348 242
230 313
1412 952
1044 1210
209 824
1737 1830
478 663
748 16
24 1076
2032 1469
734 122
795 1896
2038 160
1512 430
788 1278
896 1031
160 1345
1681 0
906 702
8 1610
1246 1678
1754 1972
994 768
622 1542
289 488
1416 1016
1568 1484
332 1854
870 1960
62 928
1441 1824
422 1819
466 76
124 1574
50 1030
1139 411
984 1684
314 1120
1588 1403
1904 6
435 2004
2002 1360
801 287
1620 1600
1520 1996
1818 2000
1392 751
236 1152
943 1698
1943 1713
1656 1496
1384 132
1536 611
1812 21
690 672
368 1248
1267 451
1280 1900
124 296
1032 1829
1604 448
949 1324
1847 1000
1992 1031
378 1634
640 136
1964 676
1871 1108
1312 102
789 274
224 1060
1914 362
192 230
2030 491
1265 558
1472 133
274 52
920 1392
1624 883
809 1408
1985 1912
1302 1216
40 1417
1092 456
732 1269
1115 568
930 1026
1380 472
1074 784
1796 1184
714 777
1949 217
934 156
1994 1313
1405 962
828 1072
1438 364
783 1292
790 851
1620 1248
556 37
616 420
398 432
536 996
444 1138
162 1269
1522 1812
1388 704
60 1695
1965 1014
1879 1733
654 352
598 2000
1007 434
606 158
1766 355
552 536
1149 320
134 160
1546 418
1888 961
1170 316
832 1800
1512 332
1662 560
1008 136
16 1028
1612 1731
1456 172
1184 1132
2034 991
193 1801
414 580
1572 1152
1926 1967
1152 828
1440 1952
1449 87
1776 688
326 423
516 438
100 647
1277 992
448 870
578 1584
998 1052
1053 1904
1201 264
1285 208
1650 1303
2021 1853
748 1464
1216 1068
1221 4
749 872
1188 146
196 1996
412 1660
756 72
1883 2036
1100 572
444 1974
1262 1048
1376 1924
88 667
1848 316
1601 476
141 1552
1718 864
1648 756
334 1648
1752 1224
1089 1560
1867 562
29 2034
298 1056
614 934
1706 1920
795 1799
265 235
1536 881
400 1808
1050 204
2012 1721
1000 1537
920 876
1978 1744
1318 1345
1586 276
1782 1791
554 492
1540 1510
1298 1788
1116 344
1924 1128
1505 730
980 1560
1811 1511
1840 1836
1848 86
1136 821
1474 1008
1728 140
518 406
332 638
544 2040
677 1378
2013 746
455 1886
1978 423
336 1536
1624 864
1212 652
1362 1526
184 1387
486 1333
1648 444
1626 496
192 739
949 28
1307 1455
126 1100
1868 1686
1299 1762
1308 521
1641 472
583 1463
1480 1557
4 924
56 56
1588 348
1146 1288
1346 152
