10000
1860 1410
640 20
1592 2011
1061 1578
1582 735
1375 788
536 1382
1838 1636
1346 1556
758 424
2004 629
328 1312
1187 1532
1040 1512
196 1695
295 188
1548 1204
128 488
1762 135
2036 9
1649 1672
1748 1882
1074 913
808 1316
612 19
1338 1472
328 825
1970 222
1088 1754
970 1164
1448 1507
1539 1070
1563 1820
1207 1220
836 1664
678 194
310 540
1333 472
1448 1410
1696 1422
1483 1876
1088 961
1358 767
466 240
812 1585
1546 1698
880 216
1776 673
496 676
1976 1652
252 809
1664 756
368 1998
1456 1670
0 552
834 1803
1436 621
226 1133
100 1952
88 608
0 319
256 512
1654 312
123 720
438 1568
865 42
106 1520
967 642
1967 676
1089 1180
1532 1771
528 1192
1697 1364
1230 1956
1092 1376
1088 512
1568 1688
984 574
1940 798
1797 256
1560 1677
2024 1983
1770 50
673 1774
1560 1454
1830 1856
498 1130
1718 294
1592 1714
548 1364
714 0
98 896
840 1715
1031 131
522 256
1620 707
1690 134
1940 1034
1812 1780
92 1256
1755 1962
139 100
1911 1412
154 744
347 1379
560 460
954 1432
1333 34
1536 1176
431 84
540 996
1884 384
25 1784
1600 1824
1202 1527
1484 1534
1778 1504
1990 888
104 1732
1870 1696
1894 392
155 164
1880 892
1749 1792
1768 1312
256 1909
1002 1018
360 164
224 1460
1152 588
972 1702
1378 481
849 1360
730 1842
5 1040
1060 824
204 1448
1910 1076
1472 816
143 1472
553 1833
1760 1884
854 1750
944 245
517 1950
1840 1984
1440 314
1694 503
848 1992
518 63
1453 64
788 1384
1960 636
160 1992
548 1708
1439 298
512 1515
2042 1013
516 1024
1444 1752
1594 1084
1674 588
1465 1348
85 538
2013 1842
1988 288
1240 1560
1337 904
728 1095
1435 1620
1860 1416
1662 1872
342 1310
1890 1853
440 1645
1338 1571
1388 1558
874 380
1334 764
936 1684
1083 1896
952 860
1816 1347
912 847
29 1850
740 864
796 1494
1008 1138
526 682
1118 1770
364 1324
434 880
1848 1844
524 1315
384 24
1824 20
1722 16
422 1125
740 187
1812 1842
1146 1594
410 1200
720 148
315 1556
2017 521
864 1416
209 1628
1679 1742
1845 449
504 1114
1808 1760
1267 1312
1050 526
1606 1720
1936 223
1442 638
795 1756
1828 1600
1500 724
936 1487
1466 324
920 1242
768 796
1256 1564
768 1962
1490 493
267 896
248 664
23 1579
1664 1544
1280 1484
1945 990
88 1820
512 772
28 1696
256 976
326 693
810 352
1580 1984
540 31
1624 818
1973 1247
908 1082
1699 1146
1077 276
1976 1317
362 1955
1218 1976
1131 572
1064 693
1378 131
1247 1412
800 198
1100 352
1338 1301
1035 1466
644 1450
1962 1584
354 143
1011 1944
1722 184
522 1344
2014 2035
1184 1516
574 272
2024 136
897 512
1680 750
1469 446
216 836
966 504
1248 1174
1796 44
302 380
326 1146
155 704
1280 595
841 1801
1949 103
1549 294
1679 2016
1662 1500
1940 1764
1270 196
292 911
1526 1688
1916 1249
1223 686
840 1776
1120 1982
1568 570
278 1168
41 568
48 128
1478 859
96 519
1752 1733
107 1488
1894 1210
1674 100
686 320
1600 650
430 360
1626 20
656 899
1706 1007
1453 977
29 1070
610 1692
1204 1648
191 1691
716 194
340 153
1324 698
323 1792
1490 1134
1137 574
685 1286
1128 1432
1042 276
1891 660
0 1381
1066 1600
1902 920
1837 1826
10 1894
620 1760
1440 1880
1452 1688
1628 1892
1775 184
980 953
943 1452
848 1373
658 129
442 518
464 1144
946 1096
981 138
599 2
2018 181
862 1696
417 1449
1696 81
235 591
108 96
1562 1976
11 154
1424 1484
190 856
680 319
48 296
880 1408
491 1320
470 1715
224 338
1444 1978
1298 1537
208 1600
680 432
1896 1996
1331 1866
1562 888
1375 1136
1227 1144
2013 1759
1372 1084
1760 1462
1554 1312
628 908
701 792
1494 1699
1390 1923
1096 741
1018 993
966 551
381 752
1072 432
39 1159
140 632
181 1203
1280 1788
1958 720
832 1392
492 464
1776 780
1461 1203
905 610
1857 1756
1778 771
640 1619
1434 1766
671 1166
837 224
1036 1712
1232 1664
346 1282
868 125
1599 598
792 1924
756 1164
1963 1302
1908 1262
1288 1398
1596 524
726 1396
1112 680
74 1360
384 1756
1789 1304
1704 736
1112 366
747 978
126 1614
908 1532
718 244
1378 1060
1763 820
1400 1124
274 1482
1504 1856
554 246
93 1019
1280 880
686 407
1200 541
693 82
1952 1112
808 860
1134 456
1246 1846
581 889
972 418
1328 574
1764 932
2000 368
1092 1708
1311 340
1378 1994
1678 1742
496 1523
724 1042
1112 1560
1113 470
1509 1902
832 1934
1792 1576
2014 1110
131 832
239 1855
422 1719
1836 340
1107 1859
1281 1295
786 798
448 240
128 640
601 2041
1298 1872
110 640
1624 303
848 10
2008 1600
1166 704
51 1168
1220 1984
1395 778
1307 1608
1894 162
531 374
1412 1072
705 592
1198 1474
12 546
1190 1300
980 1944
1707 1816
720 832
999 2010
164 730
1404 1340
1208 280
848 1799
1692 683
2008 692
50 1776
1610 464
980 1416
360 1856
998 1336
1568 696
269 1262
1360 1110
836 1814
1596 1698
0 1616
147 830
895 1282
1624 1190
506 72
1021 297
752 1667
1360 869
1143 1052
1126 868
1878 993
32 547
544 581
1346 716
1414 899
368 526
1752 768
1580 312
1667 1467
352 1104
1844 197
1346 1358
1792 457
920 1930
1220 176
1814 1344
704 1098
1382 448
90 855
1728 1760
784 946
684 1308
1992 1961
1464 80
446 1038
1962 509
1636 1202
118 928
1564 628
876 1498
824 1211
730 1116
1847 1056
1147 742
1184 1024
1024 140
572 278
393 1513
475 1148
1376 836
948 72
1426 1676
808 1572
749 1094
594 1280
1092 928
835 1231
919 941
197 614
1118 1874
1104 290
1972 352
1947 976
1151 1688
1826 868
1054 1378
1601 590
612 2042
320 1062
1876 428
1776 546
1054 1149
707 688
1094 573
228 470
1544 684
643 216
1638 498
168 1520
176 85
957 1024
1755 203
343 1508
1776 1812
912 116
826 1992
1996 832
1498 855
398 1920
1782 1682
944 1434
1636 608
1737 340
673 336
1888 1566
1522 376
1716 520
1421 516
1476 667
872 1464
1909 1872
738 231
28 474
1420 1176
626 743
1349 1728
1248 84
576 964
874 684
1682 567
816 740
984 450
74 1344
1258 93
854 1890
699 988
532 1070
212 172
517 1632
1809 1520
1395 547
1598 2024
397 100
1104 192
972 876
960 1016
1240 979
340 55
1468 1662
1656 2026
1450 71
380 1237
679 615
1068 592
1064 1866
308 1628
84 274
1304 1061
1368 1414
1488 446
16 1781
128 1014
1812 2036
1190 117
1729 1104
1596 888
1040 1433
448 1463
688 1962
561 1306
1083 1463
1088 1874
56 392
872 1152
1739 511
192 1576
354 1380
1695 1664
836 644
238 582
1914 1472
963 82
1056 637
1111 2008
1566 1712
892 1068
1944 1410
1620 898
1639 1412
1206 664
1394 344
682 806
630 1120
1632 1973
528 71
1640 1296
581 136
2000 1530
825 17
1752 1171
557 765
1196 272
1566 565
1923 836
1960 2000
1090 269
510 1746
1887 640
608 372
1215 1760
1519 1940
1342 248
704 1467
420 1564
1722 1728
192 664
1790 1560
312 199
412 1733
517 0
1107 547
745 1352
1232 404
1848 1140
400 114
340 5
80 34
1022 1416
1239 969
95 1765
192 1231
626 464
826 1316
1068 1772
1607 214
1120 1343
1139 1248
1680 184
1512 1385
192 980
1397 842
1042 256
570 1577
1452 1632
1389 1224
1277 1740
1774 860
220 152
1904 84
1188 762
1404 708
66 1336
1460 1333
693 832
827 748
494 1497
310 1930
1536 777
1172 1174
1578 828
465 323
1452 746
128 1552
518 436
866 1436
1814 1986
262 192
1616 382
171 1830
1973 62
795 1221
1962 1200
616 626
1052 994
1562 264
44 1739
1610 2005
480 30
1157 1292
1424 187
1447 540
36 436
1370 1569
1780 1973
1240 664
400 1550
570 1428
588 144
371 1332
1165 244
87 160
546 1802
1990 1758
464 1984
1880 1024
1280 2000
1621 1184
832 397
2009 1596
630 1417
792 736
1920 1144
160 1023
1971 676
1946 514
1580 540
1522 1726
1071 1688
628 728
1740 1612
852 1878
1352 138
479 858
2007 324
1061 1103
1134 1208
1421 654
546 1368
1164 1636
350 1084
1962 420
243 1840
836 1336
1153 2018
2000 832
1096 150
114 516
1328 905
501 2006
2044 1548
1456 1417
1809 1736
1000 1984
1405 958
1488 1129
774 404
1624 176
565 1996
1166 800
1477 1362
1504 157
1152 860
1280 1583
101 1464
1196 120
987 1200
880 74
551 408
1032 1172
920 1744
1565 691
491 1548
1452 1698
78 1448
1568 1142
666 1158
88 534
1376 210
18 820
277 494
1400 1084
259 1376
1598 1096
1590 620
706 364
952 655
828 1760
1728 1910
1273 32
854 1472
804 1520
498 1877
573 1010
778 256
384 128
627 432
1544 1184
225 2038
1022 1952
1116 1133
1484 1680
894 1352
1732 254
1345 462
802 656
892 354
1442 25
188 96
920 1388
1806 797
1820 1788
646 1324
1748 1830
231 1908
16 669
1601 263
256 1924
185 1032
944 764
272 1313
988 312
1808 1050
1634 764
176 601
1702 1011
1470 687
1657 566
1735 1111
700 451
306 1920
1216 1822
1674 1744
274 1196
249 692
1496 1054
208 1948
1296 1216
1495 1984
462 544
315 1496
1672 1491
324 1146
888 2044
1824 1192
932 640
1778 1280
1121 928
1408 1816
932 926
2024 604
424 768
1292 733
1516 932
443 776
1216 320
308 67
562 772
923 2046
1072 1424
1568 2024
700 391
153 422
590 2
1181 990
762 605
1983 1781
197 1072
1822 64
844 596
1472 1208
1522 560
844 320
1136 258
1668 1232
1888 1146
524 1907
1248 1126
1120 53
497 1781
1528 1576
1952 1192
1761 398
605 29
1251 1692
1115 1637
1330 332
814 584
1603 1140
539 256
36 160
641 1373
336 1868
683 1786
1360 1061
1663 1506
1108 1480
1882 1344
944 1169
1648 1896
1152 238
1408 1040
1594 332
959 315
1943 1956
490 1484
1972 1504
242 1126
1157 1591
1296 1736
278 543
384 1918
740 2040
944 1388
1554 185
1704 676
543 2042
655 1473
820 1966
688 1645
948 1538
660 804
592 1096
1088 1172
311 146
680 1672
1228 1906
1740 558
1902 1429
1592 1868
1928 544
880 1146
1092 1920
968 108
346 140
92 176
1334 1944
1450 508
960 1262
448 296
1176 358
1919 1886
1399 1870
1096 1548
618 1854
892 1524
888 1566
688 1888
512 838
574 464
448 360
1628 1579
944 1907
1768 483
1488 1640
1056 1600
810 322
1826 222
1652 1036
1229 739
1542 420
1584 932
1168 808
356 1124
791 1428
6 84
1910 438
1114 860
472 1868
1200 584
712 609
784 227
1498 704
1496 1085
512 1149
946 502
1381 596
320 1246
232 630
384 2000
1186 957
1216 80
256 14
622 1712
1600 1955
1248 1896
1041 490
1138 1777
23 196
1877 278
1036 1196
248 458
45 1298
1802 1968
1174 352
490 1093
160 1400
589 1392
1660 467
1581 187
1428 529
1959 565
977 1962
1598 1597
1283 1097
751 240
233 1886
1250 386
215 992
1408 275
1146 536
1868 1192
908 1230
1612 1861
1497 208
0 1561
2009 975
260 212
248 1892
384 551
1588 1692
1971 1936
178 624
1727 218
512 542
224 928
1588 124
1597 420
380 1201
1878 49
1918 936
1922 344
528 328
776 1337
1768 611
285 714
884 1112
972 1260
1072 340
1748 1998
1718 357
756 1096
148 1336
1596 773
1792 195
290 814
33 4
210 382
523 1510
681 1292
181 1744
17 40
1709 1247
272 784
1113 1120
1940 1989
1200 1999
512 1447
1427 1356
712 1400
1008 144
1759 1432
1640 1688
1046 847
256 128
384 644
1 936
744 1171
1966 708
880 1538
491 384
1910 1393
2043 176
1460 493
33 375
2016 1644
914 1762
1822 1448
836 888
1711 222
892 676
54 1150
564 674
920 1560
1766 1624
449 1551
606 1406
160 250
1845 858
1968 1688
796 2046
1220 134
262 806
928 1028
712 1374
676 681
1128 615
512 90
1865 2030
1740 210
1978 1860
1544 1712
1504 1936
18 1187
830 1971
436 1376
216 571
324 656
1930 432
986 830
159 1843
0 46
1248 1327
1620 1056
1855 1718
1038 576
1859 1164
1412 1896
1199 470
1956 1888
36 507
97 808
338 452
696 829
1109 1754
153 611
1380 1044
1669 1668
388 1969
1392 520
1152 1026
1808 31
1329 1016
592 1192
783 172
558 788
808 962
1716 82
318 1344
1069 49
1228 2010
1686 1804
641 447
526 1874
183 539
393 1983
860 123
128 888
1224 645
1794 124
90 1560
944 185
1938 1068
899 956
352 382
1540 798
160 1632
1360 1244
1380 341
2012 706
744 850
1403 2039
1502 1176
152 1752
1332 1510
256 478
1141 1901
1122 475
1234 1928
1792 218
1226 597
484 820
1664 532
1320 1828
405 1026
1998 1447
387 1251
1824 170
1002 644
928 1618
508 235
1624 1140
1045 500
1630 1616
1764 1344
910 1088
1140 2030
1750 1660
620 954
1284 544
1584 289
853 56
320 1202
1572 698
1423 1357
1454 696
1942 1590
774 1872
1880 1483
265 394
1672 1952
26 84
1344 1573
46 334
340 241
1525 1978
1971 413
2044 842
416 494
314 1902
1328 1668
1786 2018
36 38
145 398
1893 620
1487 1368
1677 1085
512 16
1200 330
1662 1704
1237 1532
1327 138
1280 272
1056 244
1152 1980
1356 1536
1930 1338
1440 1747
716 1056
443 333
901 1919
1418 1985
129 1283
708 224
1734 730
170 903
1293 324
1491 1560
1976 1299
1681 1880
1412 1696
124 184
142 1378
1624 514
1012 1542
2011 728
1344 1434
1087 1654
710 286
1792 82
515 476
639 336
506 2007
779 1392
187 332
240 1942
171 632
1818 360
1013 448
1820 175
752 784
483 1764
1068 1245
1182 1627
1806 657
646 695
860 1500
1932 256
1524 1656
1792 666
1482 335
1068 1572
938 1480
1928 126
1224 1332
1586 1940
1106 1488
1482 1712
1963 1911
106 439
980 1266
1132 418
1533 704
1351 464
1986 534
358 550
1734 1804
880 283
1188 1458
1980 341
1570 1702
832 82
1343 992
113 122
254 574
1514 1345
1016 1224
1656 1192
316 866
434 1730
1975 212
1009 705
368 1554
2044 1385
1824 1592
568 521
1935 1004
1998 348
62 384
673 1890
392 824
568 1480
829 384
724 392
512 466
1312 60
1408 1348
640 872
900 844
620 160
702 1568
1484 958
1007 67
1570 1024
1654 1048
166 670
500 435
833 848
394 659
112 1252
1800 1840
1498 48
1044 1024
1098 338
368 1531
153 557
816 1576
362 1316
1704 732
2000 1650
1824 188
0 1568
588 908
903 1632
1983 748
1392 496
1542 2026
2031 2016
1521 1016
1875 1911
1584 1765
440 1686
1476 1080
1490 176
198 751
78 1060
962 993
740 1475
694 284
358 561
365 313
665 964
226 601
1282 1638
1684 90
1342 1792
1414 1071
356 808
1382 496
1176 1136
1617 145
1360 1792
1068 638
704 484
10 1610
1130 1336
50 120
1034 1366
1130 1462
1852 492
652 739
1354 374
1077 1516
946 2028
204 1840
934 722
558 1008
720 786
1384 716
1856 1392
1738 916
1693 1054
1972 737
1618 1766
1952 1128
735 1767
1139 648
1554 1944
882 1012
1308 107
712 1376
1968 1952
1563 1360
279 1192
1809 1634
68 1957
1844 1557
1134 308
156 895
161 404
702 796
1122 1494
2024 732
1516 676
373 1188
1636 1008
376 726
2040 983
46 392
301 1984
1367 888
1458 1856
1996 1904
168 1056
1766 1823
1582 1157
1584 971
762 1779
366 1025
1897 1284
80 1560
1648 436
288 719
342 1280
1232 490
704 1524
222 1494
1306 1424
1886 1532
320 1624
216 1578
1922 162
2012 7
1153 1932
644 398
58 868
1848 284
470 1196
1640 64
908 1187
1376 1404
1245 1138
1012 1612
1276 1104
736 1465
88 1099
565 885
2016 714
160 1768
770 79
980 424
304 1279
336 456
1560 1552
1589 1684
1367 754
238 363
1416 1276
784 1638
532 1456
448 992
1856 1088
658 1544
1756 1602
1862 1269
958 1982
664 848
1768 14
1312 926
1430 1727
177 1450
40 522
458 240
936 1610
1375 811
1633 1730
646 1953
1350 48
1403 1684
298 132
1248 1880
386 1104
1277 1744
1800 1182
1740 1544
1856 1201
822 1088
952 1489
548 1934
504 996
602 272
1264 1868
0 2027
1536 660
752 1826
2000 962
465 24
1384 779
425 640
1988 248
1514 97
64 1414
42 180
1778 1583
1844 5
1124 2039
1688 522
1772 1872
331 342
2046 1216
1555 1289
1700 136
331 1090
620 2033
1144 382
442 216
341 1944
1928 632
1881 1160
608 1568
623 1194
1098 1640
1219 1329
755 372
528 1812
1296 560
1356 84
258 535
615 1504
684 211
276 1982
428 630
1716 1237
376 724
912 1066
1014 240
1020 797
1910 859
688 66
1232 0
1983 499
692 1610
1312 797
607 514
1707 696
1226 1350
289 165
1253 966
1969 504
1654 363
1126 2003
1268 1902
1492 609
1024 1363
68 1158
289 1552
1792 272
1930 326
128 922
141 994
116 1199
1648 583
1788 2016
409 1188
278 734
970 1232
1335 1666
1204 1489
1288 442
1164 944
1840 1733
249 1550
1692 916
1789 1536
1204 1094
956 1163
704 904
1344 984
936 1193
1826 1098
852 907
820 570
1161 252
620 212
1980 1152
2034 1270
795 740
504 1862
136 360
979 1166
1964 1602
1070 240
1920 1563
1484 424
1185 1780
612 844
1106 2016
1157 522
1543 306
1403 864
1126 631
672 2018
1420 1920
42 1616
1796 1856
1368 211
1969 251
224 386
1190 992
1556 602
2043 526
280 935
1463 1311
1229 310
1106 116
25 525
1959 198
547 1144
1988 533
748 776
744 2011
975 1712
968 730
1624 678
977 800
948 1330
1822 1268
1550 384
930 214
2042 772
920 376
79 904
500 289
78 1399
1275 1836
1272 1679
592 1190
340 714
1000 116
1861 1096
1604 1406
624 162
1788 1050
32 1286
1252 1652
346 708
1258 1918
1478 930
1712 357
1488 1113
1536 1248
1316 1931
60 1116
1236 752
1786 600
523 128
755 909
623 580
860 1560
1921 1829
557 378
1030 1550
1147 1046
226 312
384 752
1245 1272
1482 1160
1916 1861
1264 944
1490 1443
1007 501
1032 1111
1454 447
130 1723
826 1205
1590 332
476 160
166 1711
960 1296
1338 900
916 1735
371 529
1814 1504
421 70
1160 831
350 162
1938 499
454 235
143 1095
1856 1870
816 1521
1342 2038
1422 1958
2023 688
918 184
304 1928
1025 1841
1419 1186
1998 1047
1676 1952
246 1484
977 34
2042 498
1092 89
180 1744
267 1142
1630 1717
310 1541
1960 1917
310 868
57 1151
1280 1150
1888 202
1961 1427
334 24
820 1786
400 1660
196 48
222 951
1600 1297
360 1728
686 1452
1078 96
1479 1466
226 144
392 1468
476 648
488 553
1595 280
960 1756
417 280
1360 1474
1405 1105
153 1064
1987 672
524 1
1948 2046
1144 1681
167 260
1385 52
1746 559
1406 1882
1057 966
1452 948
1632 705
244 1306
212 336
1768 41
1750 640
520 58
580 1896
634 1872
734 24
1408 716
684 1463
768 1100
116 760
672 1880
156 1974
1684 28
464 828
218 496
304 649
279 1925
257 1696
1459 916
1506 1280
404 472
1958 568
1180 1856
1253 1236
1360 1940
764 922
786 1760
896 780
1773 238
1401 682
1758 572
1542 1106
1152 1326
710 1466
1146 528
1943 52
1304 938
2000 328
1824 1812
1532 1310
1572 302
1541 1032
794 934
1264 885
1220 1383
812 1524
440 884
464 1488
468 1074
1739 919
1283 1792
1612 218
944 210
900 1273
112 1240
1844 1080
230 2025
1148 1316
2004 346
750 790
1872 1620
820 772
478 1124
416 93
364 282
1750 844
656 1242
1008 218
1208 1324
1728 1344
916 1842
1364 2022
31 638
806 528
1984 1798
1816 376
1299 906
1292 1328
846 1278
1526 1592
312 1288
1753 1401
1410 88
32 1264
57 194
1584 904
1105 976
1620 312
1255 1404
800 384
1848 1960
712 1056
1677 423
1935 1338
1693 1679
744 113
967 1272
852 1206
992 1828
1818 20
1910 1473
1552 1634
927 1288
1113 1784
1039 1380
1720 1443
1920 1655
1050 368
764 2040
1016 1656
1082 1234
174 1678
1062 1748
934 1126
530 1080
768 1554
334 1288
372 1610
1975 96
828 160
1787 1980
1522 351
132 834
972 1342
192 44
44 1363
374 64
106 2003
903 1992
337 292
1935 1847
1984 884
1024 468
760 1923
1707 141
106 96
832 1166
1399 400
79 199
1860 728
1237 714
672 1866
160 310
660 622
1422 322
1920 1725
1472 439
1922 1359
58 430
1426 792
1626 1548
616 942
1588 1192
1240 74
774 553
379 1056
1792 1038
1310 1103
1765 1302
377 505
1428 1440
1040 1960
398 868
1288 1548
888 104
798 846
1348 1664
1110 1447
144 556
534 974
380 910
1273 660
1246 1786
1083 1376
1690 260
568 56
748 976
560 498
420 256
2037 1634
280 592
1625 1010
946 1662
1776 1167
1049 805
297 72
496 579
248 1907
1360 972
1285 1788
1863 1728
936 19
1546 1352
914 250
428 1662
1986 1554
472 829
9 744
912 1180
1864 145
1427 1663
1128 930
408 1926
75 1883
1608 388
61 1770
1405 517
596 898
760 1532
1458 1151
1622 634
160 640
499 680
1832 1604
517 33
2030 128
2 1756
1855 451
1738 1366
1482 1792
1008 400
1464 1792
175 1783
640 912
256 1096
97 1483
1388 65
296 238
1886 2041
1687 1546
1388 1560
1218 1746
1280 1849
1088 1344
716 776
1391 1336
732 1817
824 911
1786 175
1026 1740
814 1646
383 318
1490 1328
1171 1968
1829 1760
1060 972
416 2004
1366 427
548 111
132 52
192 359
624 922
393 1050
39 1811
1888 1226
512 1911
810 550
1968 1200
1201 414
1406 1723
524 1910
843 430
2020 920
1348 935
1437 1138
1260 1050
186 739
58 870
736 2012
143 1258
507 344
530 2023
1940 644
392 576
955 984
1794 8
1339 520
1831 1732
1656 1984
12 1901
288 2036
190 1018
985 2029
944 732
957 1386
1088 1960
493 328
486 804
486 1062
1523 1246
124 1922
1884 354
33 1706
964 1524
376 1929
73 1617
1542 96
1746 670
280 802
511 1694
1816 1408
113 1350
1364 1262
60 824
2038 1112
312 46
648 1437
328 1592
788 1483
1053 740
1802 968
918 533
1542 1267
800 1756
1580 1033
391 1323
589 1647
1280 506
1566 1201
1384 1316
846 643
427 1082
1060 1181
124 418
1464 166
1459 1558
1384 1240
1369 593
1440 1960
624 158
908 1672
491 2020
271 192
1539 880
860 1848
1316 2016
1606 105
184 160
1538 1256
475 1864
15 1624
1680 1052
842 143
114 1176
1767 118
147 1648
603 1184
401 288
1462 1880
1780 1502
1376 1889
1246 1179
1566 1296
900 160
1357 1032
2016 168
1856 616
600 24
1888 1968
632 534
813 10
42 1230
576 1345
1963 383
976 256
497 2047
89 1857
1637 146
206 1584
1105 125
1892 816
536 100
1968 452
1408 825
1180 1204
719 216
752 840
776 451
728 1608
1725 1848
1272 1922
1300 1430
1464 1376
732 934
202 1842
1290 1404
1952 1900
1628 522
768 744
1260 1783
1061 1823
1644 405
1896 468
1536 632
1120 604
844 205
540 1911
480 976
602 552
1090 666
1703 1452
789 142
1704 1927
152 512
767 1390
1360 584
192 1828
1401 1184
720 461
1628 1558
1670 112
1736 171
1088 448
1026 1892
344 124
1400 673
350 113
729 722
182 1468
696 1056
1087 1427
1105 1290
1464 813
188 1936
1524 2040
1777 1033
816 688
1252 56
450 1020
2013 658
1796 393
1148 1494
1280 810
10 416
182 1600
1820 1908
1567 638
128 1390
1743 94
293 1501
824 644
978 1458
1155 1194
204 448
1250 1090
1937 1626
535 1718
1112 224
726 349
288 1330
738 1671
1687 106
2004 320
940 825
1992 428
1967 1756
1826 1807
964 1040
886 903
272 1920
1008 1858
1734 128
112 1173
2030 628
1983 1852
1031 220
1868 1979
923 1850
1210 850
982 1926
294 1634
85 1137
368 1006
320 723
728 898
1854 193
556 680
1236 24
1156 906
1170 514
1674 1754
71 937
300 492
476 1764
266 225
84 0
192 1717
100 1741
1184 2044
713 106
834 2006
0 1354
356 579
1667 1068
484 1920
2010 868
1722 816
1888 1793
1217 300
191 1133
197 832
1598 1328
1594 1577
862 1769
484 1211
48 902
1430 2010
2008 10
29 328
256 676
342 1890
1732 689
496 1700
277 1710
208 1813
1295 16
1344 1160
319 652
560 642
1632 1506
1345 974
1074 2024
803 32
880 488
636 144
1866 1698
385 1711
416 1457
792 1191
69 1137
19 1763
1936 760
1632 768
602 1211
638 1140
48 1517
1808 1748
831 1676
1318 548
1928 220
432 138
564 1632
1057 1060
81 1461
1487 2024
896 1937
607 38
1530 204
1502 832
793 2029
608 679
388 448
1563 81
126 1851
404 792
898 36
868 772
1827 468
1552 1381
393 1528
1538 572
144 867
1656 745
594 118
1389 258
1388 460
528 566
1360 1184
140 728
604 741
288 496
297 1534
1084 1552
1723 181
420 1260
1757 328
1951 1216
1608 608
1570 1436
616 1544
428 1218
1984 1680
684 134
64 1980
960 652
1918 484
972 168
1784 346
41 1536
302 701
757 1944
460 1744
1489 489
1904 622
1360 1216
1262 1390
16 138
360 1568
201 1106
412 1338
713 1680
798 287
1579 692
49 996
1647 242
1674 1642
906 1788
228 142
928 988
1679 2030
1546 1552
1888 304
1188 1908
1354 612
1408 1590
2029 787
1430 1084
23 1003
708 533
1404 148
1672 1268
1298 1198
1250 1953
156 560
1211 1180
832 632
543 1856
1724 24
816 1981
1962 1298
1972 1708
1667 211
1288 1220
375 984
233 1091
532 1273
816 1184
1063 1605
1536 1024
1301 179
1854 1480
1544 857
1328 138
247 780
1984 1776
1767 74
351 1016
1074 669
1207 232
1156 20
1936 482
160 1968
36 705
712 275
99 1117
240 1402
1364 1496
564 1358
1008 1182
787 386
264 949
1792 1152
150 834
1400 1728
1720 824
594 1872
514 12
561 632
1581 1824
486 54
195 1948
1044 1314
1622 1256
578 725
960 991
1053 334
788 1932
176 1227
382 1432
1072 276
1965 401
1408 1656
32 1561
1293 196
677 2041
1072 1478
1476 694
1708 1909
688 804
384 1880
214 1288
1318 1516
81 856
508 1393
1906 1419
1792 1896
0 366
736 812
352 434
328 1415
1912 448
1808 1165
1379 941
1917 1622
1940 912
727 1276
259 63
447 1614
1852 866
1736 1387
1504 1996
252 1224
1532 1344
526 1924
574 1131
210 1052
792 168
1878 1024
912 1728
1480 792
1076 2000
1676 1018
1264 891
110 736
1160 136
997 848
343 828
462 1900
834 11
400 32
720 78
702 1671
852 1211
1506 2037
715 618
1368 324
1780 1762
1744 292
264 1786
1454 188
1791 69
1696 1216
1212 1292
827 866
952 1259
1440 408
974 93
1584 1698
1481 1368
325 1956
1164 357
168 864
1744 18
1474 913
1262 502
381 480
640 1042
189 1367
1524 713
866 911
412 1109
1404 1730
2020 128
696 1736
1872 292
675 1852
832 1521
1260 668
1720 1936
1048 106
1616 1033
1600 980
2026 2038
2026 963
1132 1909
1600 814
1432 80
1280 1684
294 1635
1674 1704
432 1459
1990 472
760 1754
167 735
868 375
912 462
354 500
2026 728
566 238
753 1786
1013 1056
1160 608
140 1471
163 544
878 304
168 2042
812 1456
684 892
1015 1081
1896 718
225 1552
256 1422
713 584
960 355
230 146
628 1259
218 1188
1052 1304
1186 1413
372 1237
339 1946
365 1044
597 1937
872 872
1468 864
1200 1740
889 414
423 1849
608 142
1466 264
303 1622
805 1602
1760 1792
2004 1136
1128 1540
314 1232
804 886
444 36
1622 160
1496 1171
14 702
1996 1384
356 1770
1562 742
1375 1692
96 664
1084 152
1072 80
1733 1802
1967 271
1140 299
215 628
482 472
919 79
398 900
1722 1247
958 272
1920 964
327 480
1184 1486
1184 1969
688 289
1090 81
228 1856
696 1480
403 1730
896 468
1532 1497
1257 1688
535 650
751 35
1393 1159
160 1608
1343 1715
757 302
798 1201
800 59
1965 1702
1968 1248
456 1242
588 997
1263 88
496 1762
656 1087
1600 1544
1478 1242
2 1127
1812 293
12 462
1443 474
1750 1824
1822 201
1905 961
2042 844
268 366
1032 986
1784 1842
870 536
1589 1312
559 572
690 1711
1194 920
1789 453
526 847
434 1332
746 508
432 540
921 550
136 1793
1271 1754
1752 1652
704 1592
1070 324
1842 1112
766 1002
40 1114
1231 1287
1076 1876
90 6
118 1658
864 1898
491 126
1932 576
349 516
1308 1788
512 2044
1057 391
1116 1760
1850 14
728 1042
48 1758
1719 1155
1128 153
196 398
1775 1856
1106 1548
570 1216
1678 1246
944 1962
1802 1656
1440 1003
1956 1162
1824 1778
720 1080
2036 1332
1371 141
202 544
0 1870
992 830
976 258
392 1300
66 1360
1412 682
1900 1466
2012 1868
1166 1079
994 1853
1265 1558
1392 210
1084 371
560 886
1494 1073
94 868
1084 1212
1962 254
2024 488
66 1288
486 42
2040 1896
604 424
1599 592
566 1216
1196 964
100 999
474 1508
1295 501
1018 1776
887 1264
1820 1105
240 156
1842 1937
1500 484
260 1472
292 712
562 332
605 805
1216 1540
1360 1000
427 916
1262 408
1408 1336
538 1488
608 1145
224 1520
1024 386
612 1808
290 1056
1302 328
1005 1046
31 1942
729 450
1014 569
346 947
288 1474
1772 58
1874 1564
1743 1784
1734 504
1652 922
582 748
520 1630
1843 288
1364 828
824 712
1529 556
1072 468
1281 1360
1624 1151
1488 1514
843 232
845 1616
680 1220
978 727
1310 280
1728 1575
2000 221
176 860
216 1142
1304 1208
1844 1888
304 1268
345 1602
1870 2028
1115 78
1628 492
1104 308
404 1024
952 1600
398 262
1659 1159
1163 1184
391 1578
1832 1255
1816 1544
849 1160
1520 1366
175 941
538 1336
1696 1198
824 1512
1421 22
599 1626
1988 1919
1905 1328
54 1206
224 192
1792 1400
63 2018
360 1942
309 1633
1336 716
113 1528
778 298
1844 136
1077 1292
495 37
1180 494
1184 1744
1104 74
1121 1380
853 846
1074 536
1599 1530
1172 704
245 1570
688 1408
1005 944
644 922
846 1333
1633 1900
1632 1847
117 2004
948 1708
308 221
490 1139
1472 470
930 928
1692 886
896 802
264 575
720 2036
970 428
1504 1421
1552 1658
991 1575
2030 12
298 97
1526 1768
340 76
1800 1004
592 1006
1544 48
1138 249
1576 586
621 1022
81 14
320 466
376 887
426 1272
928 1808
211 1190
216 1460
255 296
634 247
1763 1150
1522 614
762 1316
1458 308
240 1046
1712 810
1720 692
239 1328
820 648
628 1293
1941 1040
32 702
1780 1831
88 922
952 1737
569 1238
1700 1404
689 2026
549 1806
1368 1476
1320 1512
927 1207
656 1170
256 722
1270 1760
939 1436
572 1322
962 1697
1198 1000
436 467
1124 1154
933 1576
1956 1160
326 654
1874 1654
1407 244
1060 446
1741 1856
96 1342
221 1896
1100 1464
1179 1244
1480 236
251 1266
1200 60
775 1278
1859 846
1920 1806
182 757
1962 1792
365 1532
1488 926
512 1488
73 1358
1024 0
1894 1793
352 936
28 1824
920 1958
1088 360
1856 214
1508 1782
86 756
6 1295
610 1112
731 420
782 1396
403 385
1717 1278
169 476
1936 528
710 918
360 1539
1175 1226
1884 196
1459 316
1244 968
1933 254
352 1836
1203 367
1228 581
1660 822
671 1188
1156 1792
1590 1536
2003 1036
1686 920
1913 1834
1620 804
365 532
1864 803
466 908
1760 1828
1344 1416
937 1430
1240 966
1571 1124
1238 1408
1571 468
1622 1682
270 1105
932 298
1117 193
1732 600
992 1624
671 1595
1718 2000
1152 1792
1689 1136
1340 372
1764 2038
1624 1466
1328 825
1808 1108
512 1260
242 1658
1130 365
1076 747
254 228
1766 688
828 100
1800 1334
1536 1640
50 776
1824 470
489 894
616 1510
768 418
1693 118
1258 604
1494 378
960 856
1719 1896
538 204
1027 104
1342 1643
38 698
1188 1630
400 796
1728 466
252 490
148 1938
1580 1376
2047 1177
148 1843
1146 2000
464 352
1932 1624
768 1418
1520 512
528 1716
980 132
501 980
1440 922
713 1852
1297 1888
1347 1176
356 290
1661 659
478 1282
777 768
2044 741
1154 1676
432 1063
1484 1141
810 784
88 585
1549 994
1854 1472
474 728
1088 536
1696 372
1152 1632
1160 1480
1984 238
825 736
410 960
1888 1664
504 1432
980 910
245 1780
1049 640
1499 112
532 1713
1427 458
163 510
460 940
1813 1504
204 2002
476 913
997 1748
1504 333
448 1615
1780 210
1207 800
1536 1864
1672 1603
1530 696
184 1088
512 1216
859 1521
490 1240
159 798
16 1095
1576 640
768 1392
116 1876
590 1108
784 1320
1696 104
92 1833
1539 136
1890 1276
768 1848
86 1044
626 1039
1717 1936
248 2008
1310 1734
1748 552
1848 546
321 1755
64 1413
608 1042
803 289
384 1573
398 1885
424 1362
684 32
628 786
396 1814
354 1318
604 816
49 978
1352 278
863 1720
596 269
2034 137
622 1664
1549 5
1422 1844
577 1372
258 1190
54 1324
1024 530
580 800
454 64
1750 288
376 174
1794 1915
1187 624
1093 1477
692 1888
640 1912
228 490
1452 1095
1065 1008
1477 322
976 545
634 546
1490 1596
1784 1848
1745 1014
526 779
606 1926
333 1600
2035 1848
1024 1620
960 1884
420 424
1673 1576
1198 1504
1600 942
172 1975
1992 1800
1303 1870
985 42
1013 1132
1736 1548
720 2022
1769 1740
1982 1226
1734 376
1152 980
1112 142
1584 1824
64 564
69 330
271 1217
1726 1543
820 1228
594 522
1966 821
436 1342
1992 1367
435 122
1372 1276
1286 1360
1880 12
460 1031
1678 1664
1448 1164
634 336
821 667
1743 1978
192 1321
1627 699
1296 576
1947 488
1144 948
178 1396
1484 1108
484 1112
533 248
200 292
854 1152
41 1669
106 2000
1950 272
956 582
2037 1148
690 1382
1976 1448
1878 1968
584 234
1686 599
1600 697
1672 1425
361 1974
1676 111
1778 930
1458 544
1676 694
336 1127
906 972
355 674
384 248
1288 615
159 936
1760 1508
664 208
1524 714
1212 1317
418 897
640 2025
384 742
24 1706
1179 936
2016 1136
272 1508
600 1961
1579 136
109 1451
580 356
1027 1488
1440 364
542 2030
1418 228
904 627
1301 466
1324 859
149 822
1448 1978
1135 964
1428 1506
1270 1620
53 1640
340 1686
95 1784
1978 226
0 2032
1031 556
902 1001
1881 262
820 184
80 944
422 1600
346 976
603 824
438 1165
334 1458
476 1444
249 144
1789 1404
1216 1186
1536 1516
1090 1842
1037 228
648 573
2012 916
1772 1964
1024 20
730 1536
185 268
176 100
1335 865
1960 1660
598 1008
24 1166
61 412
1971 1563
647 449
1675 1243
944 56
1727 1920
558 1770
1044 1152
1316 242
198 1110
170 1308
1743 812
726 186
1380 1968
1467 486
1738 50
156 467
1064 1916
1202 1632
329 1000
1987 585
257 412
343 108
1361 861
444 174
280 808
1327 216
1336 0
21 1419
1567 292
308 96
1613 141
1338 534
2000 886
1663 1924
1759 1862
1902 358
76 899
986 1094
1742 221
1054 886
1304 258
1494 256
276 880
1614 640
1376 165
1068 229
1504 122
1152 632
148 78
1352 1911
342 1176
1952 1364
712 530
1242 1828
1760 467
1736 1520
864 138
514 56
452 1998
408 1332
1964 2025
190 195
1392 1616
992 304
568 327
227 1996
1679 1854
1755 1445
1206 1548
156 1990
339 1072
1262 1008
1910 1593
1743 1760
560 220
1165 336
740 384
258 1078
808 1265
332 1950
1680 571
1942 1260
1916 1248
390 346
380 1108
504 593
616 442
196 1152
619 442
223 712
928 358
26 656
1196 1711
702 896
551 1138
1004 947
1318 171
1940 1160
1358 1664
0 278
1858 548
1836 428
1350 1852
1500 398
1848 664
1072 1216
952 2000
1348 1528
670 332
1532 354
1272 80
1584 1540
1912 1030
12 1260
2030 756
1458 632
1282 1552
1792 628
680 1920
422 200
998 1856
564 28
1083 1784
516 915
498 406
1496 44
988 1070
1108 1165
1999 938
1072 1744
1185 176
793 1876
1830 1772
619 404
1585 822
2036 2045
1664 1178
992 1478
1912 1680
330 212
1830 945
1512 1734
1117 1569
722 520
320 1665
1682 1968
76 1940
1884 1480
1888 1573
34 876
552 394
1569 1536
1263 677
1788 1216
258 784
603 1920
1534 980
1272 1860
1930 976
816 1852
1650 100
67 954
1553 1676
1934 784
352 33
1180 884
1414 1031
72 990
1506 1842
242 1181
420 816
1098 690
382 424
475 92
1556 1019
411 1017
1856 744
1115 1034
628 1260
1416 84
1100 1046
1840 1308
1899 1452
1160 962
1008 1981
361 1008
1663 1568
1408 724
974 1588
1368 297
859 1604
1353 174
69 568
1704 2044
616 1948
2046 1894
178 224
1532 640
381 1708
784 416
982 520
1245 1576
125 1168
1144 1824
566 1397
1166 1308
1403 1219
1558 1566
2024 1616
1574 752
283 43
595 1570
136 467
1824 930
1103 240
748 1376
1584 272
340 230
2022 338
1200 630
356 1683
1586 892
1024 2020
1852 1179
886 1392
180 1906
566 1301
752 1692
1809 656
384 910
1518 768
260 425
976 654
1168 200
259 822
232 1680
1186 1248
1713 55
1026 1528
659 384
254 1486
1506 303
1462 1376
1024 1398
87 1698
1704 1812
240 36
624 1608
769 1296
642 540
1760 368
828 1534
1263 1392
286 322
93 583
1135 1983
1604 1886
1300 1001
576 674
206 936
1432 662
1330 796
541 1364
1022 1168
823 892
459 936
1544 1232
1460 1627
1859 844
465 1837
1856 686
736 2013
931 510
1100 978
235 196
521 1158
368 1020
1592 1909
346 1726
284 224
1595 1490
1294 842
924 142
1277 1112
1513 1920
1289 1708
1106 1888
1730 808
1446 1892
424 474
1094 12
2013 212
288 1652
94 853
356 807
936 1076
2016 1697
2032 1899
326 1470
1336 88
973 677
96 228
849 495
328 481
688 1168
2013 8
430 1388
202 1750
2030 994
422 153
860 1364
817 966
1668 699
1753 1286
864 1930
620 566
1465 831
1836 998
1872 1288
1982 1760
1057 665
328 1172
1488 35
106 227
372 2045
211 1724
1920 1988
1552 728
1591 1600
267 709
124 370
366 1536
870 1527
120 1106
336 1450
1762 972
1644 1327
1474 344
1949 1177
488 272
1521 1304
1424 1245
1092 320
916 1364
438 1616
1332 1954
468 1398
1272 328
560 1154
90 2035
1578 245
93 447
455 693
1068 312
0 1088
1545 1900
143 1696
1028 633
1842 1308
1652 1984
1687 844
1088 1034
1856 231
611 1646
1026 922
1375 1374
1274 764
705 674
1183 2016
134 1512
1163 160
48 289
1219 1728
567 1299
432 453
1280 1873
95 480
632 1310
1003 122
810 1860
1415 1736
1008 1784
302 784
2016 217
881 196
340 969
1080 1593
1304 986
565 464
1351 340
112 92
1456 1324
692 1954
882 1512
1163 685
531 1781
636 1282
54 396
640 196
298 20
992 872
2016 1736
240 849
2012 192
1345 504
29 1716
1449 1866
1080 608
1924 1663
1668 584
285 1664
224 1332
112 1202
784 1147
524 1000
1920 999
1904 76
914 325
1102 736
12 336
1896 704
784 1907
432 542
1736 1558
1550 120
1492 1752
1334 1894
1482 354
1248 380
1552 1649
1736 446
1296 1440
1910 479
379 1504
1060 1469
226 1884
34 407
1078 320
636 1044
122 1842
1522 1960
57 210
8 20
1512 808
143 1928
560 648
804 1717
784 1327
1276 1692
1998 182
1133 1552
1242 1768
1538 2037
235 610
979 1756
1537 147
1576 616
246 1392
1923 436
1710 607
1600 946
708 22
487 416
405 1621
1638 760
1463 412
592 424
1691 1514
591 1541
2028 1115
534 1646
598 768
1235 560
36 1404
1268 990
1532 1079
208 842
556 876
1710 1152
1496 0
1023 1173
37 1544
474 1317
1476 294
1717 1032
464 643
606 168
2035 1920
1680 247
1992 604
698 156
584 840
1220 1864
616 758
2010 1012
1292 840
611 1284
446 712
1836 2038
2022 1424
510 838
1140 1500
1196 1080
1064 1207
1737 272
219 523
65 170
1719 1650
480 1528
2021 56
1375 876
372 1537
1826 176
45 2016
1684 1261
554 1622
966 1152
1849 192
1334 1197
420 1216
1664 1863
1176 511
1639 1875
1148 325
1624 40
750 1287
1104 824
296 1552
1459 1161
845 576
662 1348
1120 644
1581 1600
1626 454
1709 1280
1420 224
876 1851
1477 2041
345 1985
1596 2029
1356 856
568 14
1270 794
1016 1314
75 1012
1024 1843
2036 1326
1796 1984
494 649
1607 304
651 946
604 428
645 1870
1724 1050
1518 2016
714 1272
484 1959
1898 126
178 1104
774 988
1976 918
800 1629
890 2005
618 1117
1384 1676
932 230
1236 1108
584 1728
1996 700
1784 1872
1982 997
944 1792
19 508
1643 1669
400 1504
1148 488
1380 698
200 864
196 660
1824 268
604 320
1532 392
677 1272
1038 1456
1519 1479
952 808
1660 1068
1440 93
1367 98
1618 549
2026 804
1365 408
1424 274
1240 1566
250 812
1986 2002
905 533
1216 1232
814 1840
1472 441
736 360
834 382
624 1296
1578 978
226 1322
1778 430
1632 1126
596 116
1212 26
802 1420
38 220
232 84
2021 1432
563 112
209 1490
1312 616
1533 1865
1704 1861
50 1406
2032 1448
964 490
351 1224
1538 1308
145 749
944 1460
1041 1052
1027 1376
1256 2008
1704 145
811 443
688 306
1557 1800
492 952
1012 1129
1319 1325
315 1727
1404 1240
1378 1710
1491 1938
592 1453
432 1648
1124 1624
1418 867
458 1026
274 1510
1677 797
310 310
1493 1496
128 1272
1012 1082
1339 1564
540 61
1404 1898
1184 760
638 2036
298 71
602 1144
1602 338
1348 1434
1520 1254
516 696
488 478
1472 1909
1474 1306
1422 1001
276 1720
1600 146
1908 566
904 1104
754 310
1696 1658
1382 72
80 326
1360 1557
394 620
1436 109
1162 613
1434 1196
380 1412
146 1469
403 192
700 1202
320 932
1176 277
481 990
247 1466
1140 1952
608 459
1844 760
1768 856
1848 620
232 62
633 704
1036 960
749 1039
1216 1024
763 1932
1916 1532
1396 1129
930 1564
1168 320
1312 337
738 1431
1394 433
203 1912
810 135
626 1772
1504 1172
68 1319
1416 536
1436 730
34 72
62 2024
1694 1080
353 0
1508 1648
1144 524
632 912
679 1560
634 1632
220 849
1296 853
11 937
1820 620
803 121
485 286
976 895
1141 1471
1700 98
1125 2032
91 1265
1549 1010
168 315
1066 1069
106 634
1780 261
730 1114
304 1222
1731 48
1664 1012
458 170
1212 667
458 591
936 1864
734 1110
1584 946
504 1380
1205 1112
1704 1916
1273 1633
108 1680
552 505
580 1532
704 624
1256 835
552 1696
1068 1824
376 356
830 1353
1336 1832
1960 1022
1728 489
1408 1420
424 1962
232 1820
1376 287
256 1148
1048 1316
948 730
446 360
1952 352
598 1559
806 1000
1544 1312
144 1618
234 1858
512 1952
712 544
1575 1728
1898 384
320 942
8 1770
931 1856
1050 1185
795 121
290 506
512 1656
1627 1012
800 1143
1124 1584
56 592
542 245
1408 1600
857 1844
672 128
1570 1358
1163 1936
1357 592
1256 1568
1087 1355
1457 1534
1331 1856
763 352
1445 276
936 1228
256 34
1512 939
760 278
243 1568
1632 896
49 904
1608 1076
281 1556
1878 2042
602 1092
1114 2046
807 512
1124 1088
454 1604
273 1753
528 448
38 392
273 541
480 1790
711 76
916 1014
1375 1377
972 580
1228 1082
1836 1521
544 1890
1992 568
1683 1874
1968 250
186 693
1880 1350
2016 1760
663 2000
554 696
932 1652
760 274
950 1700
1831 852
1024 1652
1163 2016
377 246
764 1473
614 1724
1344 732
262 1353
767 159
432 2034
473 60
1660 1042
1909 1192
192 192
444 1228
860 1011
1906 1850
1728 1020
63 1242
977 446
24 2
1260 63
232 1488
1838 1704
1120 1322
2008 1480
1169 234
1747 364
915 672
408 1738
752 118
1464 1464
1252 1920
1905 432
1592 1096
2038 1398
354 1082
414 1680
1265 1363
561 1833
1481 1248
724 1792
416 1892
70 128
226 27
1040 1497
1947 1589
688 442
1764 1445
329 975
447 122
1006 1588
1223 7
269 900
1332 1098
1040 412
52 1
1928 1970
1192 288
1434 224
599 1224
218 1384
592 153
926 1290
1896 1366
142 630
1978 342
1089 624
687 1105
596 1518
702 900
380 2016
240 764
1104 541
1446 1608
578 1420
1464 922
955 775
1406 1600
1908 108
16 2040
1420 1658
1388 782
1626 482
595 1998
1052 1408
484 352
859 1900
26 1844
1671 1822
1104 2035
1416 209
846 1358
926 1562
240 1919
1557 1323
958 222
1568 1600
391 1537
1328 1488
1797 1408
679 139
532 189
1806 1176
401 176
1757 1119
632 336
187 1718
1576 1174
1614 24
898 944
800 1660
1687 196
1226 439
1356 1907
1016 1452
1210 1247
13 84
925 301
416 1837
1005 611
1524 1798
823 1300
100 688
1388 1055
656 1421
103 1803
386 1664
1027 424
556 1943
1570 1680
1562 1813
1522 1811
300 1138
1640 2006
2026 517
1272 1642
194 1545
1247 1616
1786 1144
75 1398
624 99
1440 780
776 608
862 962
647 1831
1535 760
1664 1604
626 240
1075 1383
1433 287
1242 128
56 228
338 858
1020 268
666 1157
1480 1129
48 1268
1332 1224
1129 1965
892 1526
688 1762
808 1760
77 1224
337 645
1454 229
820 960
1124 1840
8 76
354 1552
1488 1560
1689 878
360 1914
1690 1953
1898 993
1056 1338
62 1388
1004 1144
1992 1040
1063 1680
1956 1856
1789 154
1540 1642
1588 576
632 1036
864 720
1960 454
2006 198
1368 164
1774 796
1932 1115
825 101
1424 1332
1216 918
1747 593
1081 1070
1710 500
756 1896
1336 79
1024 1004
236 1154
496 1368
195 944
384 1869
403 679
2027 830
1168 1452
500 1348
1386 1142
840 294
1799 1803
172 1275
1678 1001
354 389
62 1209
730 1460
1872 1912
727 812
1344 1356
2030 400
1449 1350
1376 1774
1760 972
798 883
664 72
1746 1492
1864 120
149 1280
1108 1038
1439 52
1638 1436
96 232
1900 520
422 1124
122 456
1600 1428
1504 1813
532 317
1977 270
300 1066
964 81
608 1302
1188 732
1252 1912
1581 321
516 96
846 1800
1840 1182
936 536
1289 126
1212 919
1309 580
1816 1203
1078 84
52 1470
1608 360
1012 1036
1032 768
1737 1488
456 2044
432 1946
1600 1540
1568 914
1156 730
1854 855
572 981
854 1793
1103 1160
258 1304
651 1786
1592 224
1104 1456
1341 1372
1793 192
688 1171
960 1750
957 976
64 1360
1314 1902
128 10
1804 446
1106 1428
1508 790
1786 25
1764 1579
2040 1819
1163 91
1903 1952
1060 516
1395 1462
475 899
934 750
140 1624
1382 1450
1052 1956
1618 2042
1120 859
1174 256
704 5
1478 1470
1536 554
1319 636
797 761
1721 336
1712 1281
352 2024
2000 1467
394 776
99 864
2029 104
452 1854
430 956
466 1725
798 573
1232 1410
95 956
896 249
5 1024
1533 922
1676 1245
1968 799
28 1600
1261 460
1134 886
1246 152
1372 170
848 1312
68 2000
291 281
636 831
1500 910
688 597
986 998
18 340
554 1515
1776 1235
1470 1044
1339 424
1960 912
974 1809
1972 1291
1548 1514
823 1972
201 28
88 848
831 1886
1889 1670
1200 1824
1623 764
1279 1708
1496 114
1347 1389
927 1534
954 507
1938 969
581 1972
1976 944
1418 1263
128 745
1100 1266
480 1784
1235 1600
1013 1842
1536 911
344 1128
1995 1059
334 977
1763 439
1288 1895
517 898
106 792
359 84
842 1412
882 466
1207 1028
726 1434
1764 288
1704 1560
568 268
1072 1638
1616 706
616 1355
568 1741
1176 1688
308 1432
450 163
1156 2042
1012 501
53 1483
660 386
1215 208
1207 816
1746 1760
1200 1759
897 332
1518 1723
2000 1384
1996 1065
865 1128
942 744
436 1644
1505 256
1696 452
153 534
147 601
1405 141
552 1947
315 2038
57 1056
712 1065
886 128
1273 1792
1240 1336
1077 996
1688 833
1872 1196
1136 1957
184 274
108 74
2026 1384
1645 532
784 1744
1540 1390
1098 2032
700 1056
592 1708
464 757
1153 678
1130 1722
177 251
1626 336
955 1604
1916 1012
594 864
1575 1992
1514 258
2000 32
1408 1684
1290 732
1377 564
706 690
1170 417
901 304
1968 670
2020 1196
287 1074
1920 711
1194 745
1530 1094
956 1561
1280 484
608 1469
2023 1187
1809 1404
929 1999
2046 776
1576 976
264 2009
1320 949
1520 1204
1232 1272
1443 10
119 542
140 198
1191 264
1072 1332
1920 344
358 573
1712 660
1188 1791
1020 398
1322 655
992 1129
80 1576
1968 1432
794 374
1092 1388
1114 1667
518 684
693 669
1178 942
172 1286
1428 1500
497 1356
1463 1541
216 1982
1792 854
1197 1622
1730 1850
1575 722
1415 964
1591 920
660 1016
2024 320
197 152
1768 1938
1412 199
1956 1478
1439 192
368 561
1027 994
746 1432
1152 976
1552 337
38 211
1492 1822
740 308
2028 972
92 1402
470 456
1674 2012
1080 1910
1206 1604
984 1736
695 350
1040 44
1877 596
144 84
1430 2040
8 1109
767 113
1241 1628
816 944
1806 619
1308 1779
1492 396
39 1096
1606 1588
1576 911
1828 2006
504 1720
152 1536
1914 924
620 192
72 922
1118 1319
0 1288
1640 1825
756 630
1947 718
89 540
1121 956
1357 1640
294 858
1706 1126
1032 2026
1048 166
961 1372
1628 275
1848 524
294 288
1024 1970
128 1350
1463 1340
1434 1174
13 771
1664 1974
862 1971
1055 910
1307 1575
1252 508
1432 1651
462 704
1902 967
396 1176
889 776
1395 1392
1404 798
1930 564
1310 1450
259 480
370 804
636 1821
602 894
305 432
467 1034
1493 1921
1632 1548
439 40
1033 573
1280 384
1384 791
740 36
508 1439
1636 1338
1980 1842
2020 432
873 681
265 675
1092 1216
1456 1792
1631 1396
1072 1400
368 224
1903 684
644 1922
280 29
1992 1585
93 853
1739 1952
544 287
1950 345
1847 890
1852 800
1844 930
1538 696
130 1545
1480 1440
977 582
479 1562
593 1975
1316 768
2012 163
1840 1916
345 940
1360 2016
792 1911
544 159
831 1212
756 860
1626 1096
424 1732
1459 2032
388 944
780 648
92 471
1700 1756
408 1604
59 1294
884 271
836 1593
1870 8
1698 745
1119 1168
400 752
1750 1988
872 1146
910 1504
1218 1158
1434 1032
1324 1341
46 235
1550 1223
653 493
1068 128
1984 1052
1883 940
25 1634
2027 1650
1092 574
1856 1586
811 1920
360 821
560 1802
791 580
1692 747
128 1317
776 1348
720 1646
1243 1428
238 1616
1144 258
1264 206
682 846
448 683
360 1056
271 374
1074 316
487 276
1616 1273
712 674
853 1564
11 490
896 1920
2000 1170
159 448
1322 394
972 1108
564 392
200 1288
688 1116
1961 1446
1618 1904
224 1354
358 864
810 988
1318 1286
336 528
494 1308
1686 188
379 1558
20 1724
916 611
640 1783
1955 686
1152 1035
68 1376
313 1088
1646 918
364 982
1212 1235
568 464
1532 1602
710 966
1803 950
960 1198
1065 332
884 590
1580 320
142 2032
1756 252
1906 620
1779 1184
586 1860
1184 1688
1201 730
395 406
1992 1280
1910 1786
1496 1252
158 640
728 408
1504 434
133 448
836 184
1712 334
104 1521
1614 458
1536 1928
272 343
980 1106
692 104
680 1228
1560 1116
1680 75
262 1935
1174 241
1472 1882
1767 199
1123 1883
1092 1789
708 1876
1134 696
1696 1940
56 72
1448 2026
1747 1600
379 182
712 1456
324 1856
1034 478
26 905
588 118
1988 1651
1279 246
1860 1184
1124 1600
1080 1968
984 509
510 345
0 276
160 1721
1892 1753
562 584
488 0
260 1696
1328 1664
50 1925
408 2035
1130 1784
1771 582
1695 1386
49 220
512 2036
1856 1120
13 1237
1868 564
740 576
576 1515
400 1742
314 1249
1832 132
512 1664
516 1214
473 248
1456 174
64 1042
172 1781
1710 1822
120 13
1957 1371
136 1100
1217 606
1944 239
722 726
304 1903
1444 188
1629 1228
1015 440
1846 1380
112 244
826 804
916 578
1530 1317
1170 156
1048 1600
1204 1620
1510 1608
1776 940
1632 1265
1188 969
194 1394
1036 1120
1672 1130
1950 160
308 1956
366 1917
1658 1272
299 1960
659 664
1273 745
392 698
1845 1570
1186 1982
1854 48
974 924
1016 1097
1698 2012
1328 1744
604 83
89 608
532 1590
426 1698
661 933
1960 1152
1639 137
1929 567
945 1568
1184 1963
400 192
818 1595
432 704
294 1730
894 228
848 662
1102 641
836 1096
816 1132
1011 1924
159 1897
2042 616
832 1932
430 575
266 1835
313 751
178 700
94 1249
1804 200
232 112
1922 183
640 1936
1411 1472
1787 255
384 1976
1987 699
290 1284
1433 780
1836 228
1562 1985
1045 1576
432 165
1712 1574
745 1704
1865 862
458 1160
1619 410
605 1440
345 128
437 578
340 1205
1300 1568
1219 1712
1457 928
988 547
294 625
1438 305
1060 501
836 472
477 668
1908 1982
97 203
1380 2016
1738 632
130 1034
600 835
1740 1040
218 923
440 1573
1480 1536
623 154
1592 736
436 776
812 1582
1264 1287
96 512
712 58
1128 781
1200 643
981 1801
84 420
1456 154
1144 353
1587 1976
1093 1025
1850 406
94 2040
134 1071
500 30
1088 1912
1957 1472
532 953
16 1968
1890 668
1922 331
1734 166
1120 1989
1978 24
108 1442
578 872
1272 1058
1425 1163
1680 316
2036 672
1482 649
1552 1288
924 1714
250 1998
1607 1978
1008 107
1285 2008
1926 384
1986 1687
2000 1214
1528 1858
207 1836
728 1384
674 494
788 1840
1770 1567
718 934
116 754
224 1922
821 1399
552 218
211 1316
377 192
1459 1520
800 1454
1598 1979
1390 213
412 1038
1120 1088
2036 708
160 1388
1812 1536
86 1032
1332 1216
1159 1098
1271 1086
1200 640
136 736
876 1808
1992 1816
1516 24
806 892
916 2044
1696 848
1136 1736
770 1721
305 1531
359 1414
1296 744
1862 939
791 1920
1876 1672
708 368
17 1006
1962 505
1244 736
68 708
954 48
84 452
1849 1849
954 1889
449 1
474 1368
1783 1846
443 1428
888 1883
724 502
2034 128
944 725
801 1463
444 640
1463 858
962 314
916 751
1471 1784
720 848
1323 2037
2047 1012
60 1044
1807 988
1568 1663
560 789
1272 1931
1093 114
1792 1565
1156 1276
400 1005
1196 889
288 1422
1583 564
1936 1096
379 1264
1764 1480
24 1408
1854 1152
1876 1239
322 1354
1938 1707
673 274
1085 2018
1690 1637
157 566
1640 1968
1760 1559
1207 696
1636 1619
1672 900
384 309
400 280
80 595
1680 1799
376 1988
72 1110
568 911
196 406
1488 146
1934 80
1677 1536
971 1073
325 377
1448 231
1516 84
772 820
1490 354
620 563
1494 1139
1212 852
324 179
1312 1236
1517 3
1028 670
1783 1677
724 1344
424 359
852 1118
302 1303
315 1120
1018 1997
1100 473
1124 1768
1738 1164
1964 1070
1302 1084
140 634
116 1948
1296 1899
1676 720
1456 1472
1148 1942
512 328
120 1220
838 2044
1786 473
236 1571
102 508
2028 976
1954 1768
811 411
1998 826
1538 979
222 1688
1848 1420
981 1206
356 172
1897 2032
706 628
448 1292
358 407
1406 1717
522 1626
136 1062
1024 39
907 999
800 1847
1146 257
1036 1869
1122 2046
1070 784
308 1528
450 1688
1639 1794
1472 1687
240 1544
1194 1289
530 1831
1762 165
1580 480
888 1764
225 627
544 1352
842 784
232 828
177 160
764 648
26 42
1116 1163
1960 1832
701 618
598 0
1496 1033
1668 256
1452 1232
1448 1568
178 1888
1994 64
728 688
528 614
1069 384
224 1464
864 1496
1272 970
489 1966
436 110
799 1756
1894 1559
1661 1443
91 365
1242 1852
1117 280
1867 26
1301 1450
844 1204
186 752
1528 426
867 729
352 396
1208 377
80 1004
1069 863
1352 362
488 1094
2008 160
1857 949
1838 368
513 1059
699 1006
1104 198
1575 1800
1991 1524
943 932
1243 1414
1693 2044
1056 81
1152 1053
2017 314
1640 300
1121 1848
58 621
466 1488
447 1300
1035 1546
2044 1245
1947 1971
1219 86
1792 1452
1452 1878
352 1951
236 146
24 204
888 539
332 773
102 1041
624 1328
1772 410
1612 1494
1721 676
968 196
412 1616
1954 1160
1611 372
1431 800
1596 1234
260 2016
1938 1228
116 1846
628 460
1157 2007
1560 513
1616 740
1085 558
1598 682
560 969
122 213
251 1936
1438 233
1698 1522
154 329
1988 380
328 1893
268 640
961 1736
930 464
1984 117
694 177
1878 1842
1984 1647
1552 1286
734 1374
130 1667
1744 1575
880 1586
945 128
775 1994
1511 892
1935 136
1894 1646
1408 1619
520 1024
1911 80
1236 992
876 1484
1591 1238
608 2011
990 745
720 950
174 192
1168 1928
1861 1690
121 1860
1024 904
1232 455
352 1269
752 928
942 1056
1164 1337
696 144
181 285
541 1975
912 350
1408 1828
1680 1970
699 1122
1008 298
1616 885
1056 688
1019 596
672 49
1528 1192
1600 594
527 1928
1663 154
1222 233
216 847
372 1096
1220 984
0 32
1684 150
148 1384
246 718
1957 12
549 498
826 1192
1974 465
1946 996
1432 1229
1969 1497
2002 1522
1858 916
1292 967
2009 319
1344 1216
1200 479
428 280
1024 1510
1077 128
1148 599
810 1559
1476 1008
1936 96
1463 698
704 1912
2016 62
1272 1540
1463 962
740 1161
1238 184
1128 1655
998 1875
1526 1638
220 1552
84 309
1116 1916
64 292
1251 227
916 808
654 560
1216 1718
514 1576
211 1568
948 210
1259 82
1880 364
1192 1574
2036 1036
635 1106
960 1536
912 192
26 1382
1976 208
593 1365
544 906
297 800
1008 322
918 1645
1522 1520
1955 830
98 1608
291 1416
704 1680
2032 984
660 23
808 1442
1359 1704
830 1576
576 1412
1936 246
220 1744
1280 320
563 208
1348 850
1468 159
225 1813
1321 1503
1528 926
1455 1954
760 1409
1531 1214
512 916
1568 1807
660 796
418 1838
301 2008
2008 1870
1632 1676
1616 1572
1544 1104
766 1990
1427 56
981 1268
492 340
1248 895
96 288
35 1488
760 879
358 1972
65 1078
2040 1205
868 700
922 2030
42 1936
629 1884
1266 1420
572 1136
1631 1542
140 1956
496 384
922 1177
1060 1125
1216 1268
1705 850
315 530
740 488
1265 683
2046 925
1616 1736
1968 1262
1272 464
1625 346
728 888
468 1444
1955 1479
641 296
950 244
243 1430
1984 1429
508 238
800 1816
1349 409
1546 880
128 1828
1615 1312
1532 484
301 1538
301 1867
209 90
1738 1171
1615 1513
2008 1953
350 624
200 562
2028 116
1408 1671
152 1399
1949 424
1692 1376
1389 574
1468 661
1176 1352
1104 80
848 142
1300 1860
207 1904
1496 528
832 1033
184 1376
1664 608
1280 192
1537 540
1793 810
652 354
573 216
1248 416
408 116
612 1656
484 592
256 314
544 1984
182 1998
1636 64
156 223
96 1545
392 125
1920 1834
1336 1610
1519 1388
1472 342
872 1043
616 408
668 1388
1785 848
371 1144
1239 1216
640 40
768 292
1774 1068
987 1499
1595 696
1128 912
1936 328
1862 325
874 222
778 1373
196 74
1968 1294
10 720
440 1600
1268 496
611 702
1505 664
1373 96
1332 734
604 38
1302 823
812 925
722 1720
1178 1868
806 227
1136 1944
384 538
1731 1348
1492 1792
260 1075
1810 1263
1284 1068
246 748
1235 74
1016 1263
1678 1376
882 1916
1648 640
103 1524
1728 496
1896 482
672 224
399 366
1710 1584
1240 1331
911 604
1212 1052
1802 1236
1127 1879
1087 1214
998 1452
153 284
792 1087
264 1496
284 1658
504 1952
425 484
556 1467
1804 874
108 320
954 1050
1762 922
1101 869
827 477
1668 710
1414 1008
1302 936
1168 1950
1124 288
90 1088
751 187
188 1600
1358 782
1956 572
1189 698
885 1984
1166 705
214 677
220 960
512 1184
1164 1792
475 488
1304 424
1892 1876
265 1735
1424 1948
1473 1250
1814 131
665 170
172 768
1248 1016
272 214
884 1848
686 2027
360 1156
696 40
870 485
366 1915
616 1186
13 1905
230 1536
744 1713
50 528
1317 1792
521 1936
1285 768
670 1819
74 65
1128 718
1826 1178
728 1498
1292 1618
1884 1681
1962 1522
1400 1582
349 1315
416 614
183 552
384 1604
1535 941
1581 83
494 963
79 1836
197 647
1902 1409
240 888
864 1244
452 160
804 296
216 1106
1297 984
654 1542
540 1150
1704 1286
1760 1736
1798 380
240 1772
96 1382
1669 44
116 75
188 683
758 1196
82 138
721 1188
1800 644
876 462
276 1990
1196 1580
270 697
1076 1380
648 287
284 210
942 964
560 1391
459 1004
1586 712
1084 527
586 1008
1024 1631
1180 1044
336 690
940 33
1662 1784
1824 2000
1397 1449
474 486
1956 692
2 629
1930 252
52 1935
1798 1205
1929 1648
676 2038
816 1088
1552 1456
663 1362
608 1976
978 1612
1760 580
404 994
320 1936
890 1494
1845 1908
1223 1680
1562 1127
1090 988
1136 1392
1391 1594
1049 1536
896 1435
1134 1084
1996 646
1546 524
621 639
1791 4
21 1068
24 880
861 856
0 1846
1376 648
87 1419
488 104
1100 912
676 1817
197 1088
587 1732
362 1968
94 1197
470 1616
1346 1363
1567 1764
1712 1902
820 1992
1344 1439
1048 1742
660 1399
1810 395
272 1688
1200 1572
1597 2010
193 1393
796 955
524 2047
740 480
1700 307
804 1412
1946 547
1448 1504
605 296
1164 518
328 1732
1612 2036
583 1652
249 277
1056 1712
572 1343
1796 1739
1760 408
1564 1655
969 2044
114 256
1937 331
1072 1234
976 1382
1719 747
228 1076
635 926
1960 1473
1189 1854
1174 724
964 617
1037 1088
1138 636
1542 649
120 1314
448 1052
608 1672
981 1204
1564 1813
1432 587
1804 1630
1416 378
595 301
180 1398
1128 628
348 1986
429 1448
1136 1480
2040 898
347 1186
114 608
1281 1906
1012 616
1358 1531
1188 1164
1978 208
1316 1555
1952 1559
1085 1220
912 446
1933 1673
290 1007
1848 45
361 231
300 432
1301 1122
1444 1229
1634 1312
574 1214
511 26
1936 87
240 1628
948 434
2028 1792
856 1524
68 1880
752 398
1827 1389
1708 298
322 1034
824 560
296 292
640 606
1618 1682
957 340
800 443
637 1270
1582 1584
1920 1340
1344 1400
512 1476
1680 1202
1418 1440
2027 480
836 526
1880 1090
1180 700
1169 389
1003 1664
1558 1086
528 411
1021 2035
441 1632
662 1829
1793 1772
904 304
1426 348
851 1257
332 144
1128 71
520 1575
464 872
396 1405
440 172
916 1560
914 484
1252 1878
1968 966
640 1364
320 711
712 314
23 279
621 793
1216 192
166 489
369 1943
1680 1403
320 1760
56 260
452 754
1200 1054
954 936
225 2032
448 457
1494 1552
1678 1604
367 700
1876 1673
1200 1106
958 37
840 1312
2017 948
928 22
1610 1266
1167 1920
53 673
1760 1042
1544 942
394 382
677 652
1134 576
764 2023
646 237
488 1232
1001 1752
1212 308
616 1860
1117 1924
1365 439
932 2044
1275 315
371 194
1335 1243
1910 156
1245 752
456 316
125 1640
334 664
1892 1804
1792 315
512 1704
1724 1716
387 1
1808 704
1198 1768
336 1659
542 1485
54 1908
1336 1913
54 234
1116 160
1664 762
408 248
95 894
99 1748
178 1870
1298 315
1236 56
120 305
952 352
416 133
340 1457
1347 1507
42 1607
1081 610
1868 28
1409 1446
1874 1619
1146 1024
142 484
1297 363
454 816
1148 1400
278 35
122 1592
1700 201
560 163
188 1432
1176 1734
1546 1530
1152 1785
700 48
1108 1752
1503 1205
1048 525
1933 679
40 2023
1907 1368
1756 157
1781 583
1354 1251
712 1276
1080 218
292 2023
1214 988
800 1882
1328 716
386 1582
1606 1250
737 986
322 1560
95 1698
1152 264
1052 1954
2028 1526
1422 1000
1288 854
176 1872
44 2000
556 402
708 1458
1064 1454
892 1962
1536 936
316 296
774 928
916 1424
1564 1094
1164 2031
896 1894
1112 36
248 1739
171 1906
247 1375
1877 1589
1918 1088
302 426
464 762
839 1506
958 264
80 1402
865 2008
905 844
520 1090
1578 47
288 852
208 512
460 472
84 1588
1596 1789
1165 833
964 1020
1037 1823
1223 1678
859 848
4 1536
472 208
60 2043
797 754
284 325
2038 1056
369 1456
1314 492
1352 1444
530 914
1866 1900
168 917
1480 714
1216 683
517 320
1820 1331
993 16
668 1136
268 1790
1648 1976
645 93
1336 889
1875 176
847 418
1456 683
271 1682
1482 1632
126 2042
696 1323
832 1118
151 1403
88 66
748 1986
1406 168
808 526
1628 1216
386 245
850 1710
1036 1597
1854 1378
237 1236
1248 168
1348 1522
1128 1537
328 1830
9 1713
836 46
328 709
1375 280
143 364
1132 196
1877 1225
1272 1144
303 1520
1674 656
1176 2023
272 1230
1827 733
1345 1196
1989 320
1012 1567
86 1852
1469 1476
1936 189
1500 752
925 1004
1143 1600
637 1324
1485 1153
1272 1856
1476 980
437 420
1827 1024
1892 219
1768 1908
130 310
484 1528
326 1110
1002 49
589 1299
1328 1597
148 672
1672 1112
534 228
1176 1330
1269 890
814 507
1410 1376
405 85
1860 1792
760 168
170 429
582 709
1840 1230
1327 1489
1710 1003
1044 1436
278 2007
1267 1998
1412 37
126 1884
1477 1448
524 1586
1920 1608
1729 1976
1456 307
162 262
1409 2004
981 1708
1668 1924
1041 641
30 6
1598 1816
1427 1534
1296 1084
1730 433
1248 1236
1216 950
1836 478
1972 1410
1262 945
442 1301
1307 1378
1678 618
1459 988
910 70
1813 1949
25 500
1044 1445
1118 1010
368 1360
866 1451
1328 412
218 708
1989 1012
280 620
480 920
2002 559
1365 625
184 1058
304 1845
1845 1676
1136 224
964 1600
264 358
1751 420
1072 1736
1176 751
1563 1752
1742 750
1286 674
1696 1828
60 1200
916 620
2030 1993
752 1837
1864 226
830 1496
60 61
110 512
1673 1106
2004 238
981 1552
1815 720
1104 1668
154 681
160 278
1183 246
1524 1920
465 1792
1690 391
1136 128
780 675
1984 1462
1264 996
1163 1571
432 424
8 1800
363 743
334 1914
949 1286
1225 1398
654 616
1622 1312
1316 128
284 585
1496 542
1656 1216
560 1340
688 1879
1699 738
654 1644
1876 302
1802 865
1214 256
148 1136
1207 2016
176 956
1929 1250
228 418
380 850
1504 38
1564 412
2000 7
616 1240
1481 1794
1664 1975
1594 584
788 1940
1987 1400
1604 8
1072 328
637 1584
885 850
1973 664
142 256
398 1024
776 1053
0 1513
542 26
592 763
808 1010
886 750
2000 81
0 1155
56 512
1851 1600
224 1264
360 1001
1480 1556
130 1802
1820 710
740 1116
396 710
866 1368
59 758
1491 2006
1107 347
1928 336
386 964
384 232
1025 1944
286 1074
1786 1504
1592 1344
1966 1277
1723 16
18 43
352 1428
1866 988
1660 672
1738 1184
1528 2028
1381 1424
1050 1752
872 938
864 1938
806 1494
1516 236
1522 2016
208 1378
70 1022
1613 1217
1573 1827
364 1544
1384 423
2008 256
384 1476
349 845
1058 1248
1944 1852
748 632
1778 1256
1056 1042
265 344
928 1172
135 184
1256 576
1476 1352
34 170
1504 228
1920 757
1226 298
800 991
1053 1136
719 1007
368 1912
292 1998
1311 68
1434 1736
1932 1691
1872 2038
834 1311
640 1328
1967 1331
1848 110
1617 1400
1587 1952
1814 690
475 103
1808 1592
1456 711
718 126
1920 858
1197 178
2033 1266
1756 1326
372 753
924 1274
736 188
420 1506
2016 1539
470 410
2036 576
1716 344
1552 12
670 1338
1036 570
966 1975
32 858
1343 224
794 1780
80 504
632 2022
496 1494
1624 932
1212 472
2046 1536
576 96
108 1033
1312 976
1349 97
1336 2004
1264 1170
346 1046
1381 1248
499 241
176 944
868 199
960 1572
344 816
1840 1639
1479 1952
1816 52
964 736
1069 408
1882 1121
1520 1438
1084 1554
45 1959
1338 613
695 1107
1440 321
72 1029
1299 1669
1599 420
230 42
964 872
1856 1080
1136 1658
1812 128
709 1536
104 1342
1648 1053
526 1356
1734 1535
828 1994
1251 764
1876 253
1990 1320
499 1402
881 208
1394 1812
1536 723
1323 592
1616 700
376 1702
672 1194
1773 1046
677 524
588 856
911 1440
1188 1426
2040 896
276 181
1952 1269
1216 168
42 672
896 17
726 124
326 1905
317 416
57 1417
1492 832
1712 749
366 2012
1088 58
873 1886
1839 1252
776 496
782 2028
1914 514
448 1990
1316 1677
1328 1721
1904 986
823 760
1937 470
2033 733
1144 2029
336 1628
1396 1750
855 1052
1230 134
1117 1244
1008 819
1723 1936
1679 1472
786 788
1579 264
1284 780
298 592
579 1272
136 1309
1358 1440
1102 992
1972 1560
1024 448
1630 1672
776 1136
236 388
1998 807
1664 1640
1000 1752
622 1402
128 45
454 839
131 752
1756 1488
1980 472
1186 884
1714 696
2006 400
308 1867
981 1252
1600 1212
34 1390
356 4
643 1746
546 538
289 1056
165 409
1924 1696
2044 874
464 1780
1115 1476
1744 1334
1049 740
1188 592
1836 777
1074 2020
740 112
0 1439
896 1688
544 157
1860 1664
428 1598
784 1288
1305 498
1256 856
1696 1608
1696 989
384 1847
445 1012
434 1164
1566 752
1664 770
302 1063
524 1039
812 950
1087 20
1988 840
1655 981
1440 1909
1876 1206
1265 290
767 1800
1108 1426
800 1958
237 960
812 210
1773 144
1146 1170
1553 32
1026 1056
1279 1843
1640 624
1920 204
646 1922
439 1232
1685 1178
786 1416
744 427
1492 1213
953 952
167 1508
895 228
1000 48
288 1765
1482 2033
192 1672
1635 1498
1460 618
180 4
384 32
280 1334
642 1092
1981 240
1160 25
1348 694
336 652
1840 48
1974 436
100 1645
1963 1008
1088 735
1980 1760
784 284
1693 183
1848 528
1675 1588
770 2
502 671
2036 936
696 1116
391 1450
1500 1439
1389 1968
276 972
1864 398
2000 1852
672 1067
320 34
1849 1230
126 934
239 538
412 600
240 468
558 1884
1463 289
1641 962
302 711
834 542
1056 1985
1385 1404
218 848
1082 778
1370 1562
1536 828
512 246
2008 1144
1124 1064
128 1308
1108 972
1860 922
824 1480
1133 523
440 877
1137 177
872 1040
77 499
1373 1068
128 528
851 1776
1728 600
1072 1493
739 839
1236 1110
1208 532
1652 1456
906 438
639 611
1528 1789
1708 1212
628 1056
751 850
936 406
2004 901
557 2032
1018 775
1817 1840
552 960
1688 868
1595 1593
1104 1368
1248 807
1756 20
352 636
1648 1160
1186 528
1776 1375
1024 4
630 257
604 510
1616 244
1680 1880
968 1914
504 1120
1800 368
1484 637
158 262
88 864
190 1311
1668 1719
2016 2037
1380 1084
200 1924
488 1744
748 1210
984 466
1256 768
1554 978
1384 1762
505 724
1584 1814
652 873
290 160
938 1532
176 320
2046 140
632 1346
292 1612
1976 1997
1660 1851
4 1677
1809 228
1758 672
524 1984
452 1438
1274 1102
402 1084
1020 528
464 170
387 1289
448 1112
869 857
1075 120
736 1488
1318 1743
1396 924
600 454
438 1217
1062 522
704 1474
1174 844
980 1996
1985 744
1564 992
273 1648
1816 756
1891 1670
969 1601
984 183
558 821
636 286
348 1141
236 1912
1697 60
656 360
1407 1689
334 1116
97 796
536 1576
1091 393
1990 364
1499 1950
1790 1983
1672 914
158 1334
1384 1868
955 784
992 712
1117 1920
193 484
1641 1837
796 800
1384 1220
362 92
296 240
1332 372
1002 1730
664 5
338 1988
1821 984
320 88
1299 950
648 902
1688 1384
1785 52
532 1560
1165 1932
1830 1674
222 350
6 467
1331 1990
1398 1132
770 260
1482 1066
89 1544
1303 656
174 888
288 731
160 2028
148 1885
1656 924
460 1192
1178 575
1828 1446
1642 1674
688 744
888 2016
192 1936
72 1656
428 1083
208 172
1914 1116
1794 528
64 940
1006 669
1626 1414
1396 953
685 752
1491 2008
528 1403
25 1582
632 1992
1050 470
1512 1318
1275 440
836 1600
2029 304
1307 1836
1102 7
571 1666
0 84
800 1083
100 1286
364 734
1780 155
608 597
1662 478
240 960
1434 1265
1878 123
136 1232
1296 733
150 748
1459 1747
1736 270
1245 1188
1462 14
616 704
1625 892
1617 336
710 968
1668 14
952 936
68 1448
1056 1368
767 168
512 1750
1564 1104
1900 116
1105 322
780 526
809 1952
1157 792
1586 1876
226 744
264 1470
836 1928
1040 66
1716 1552
1700 1296
571 340
768 1497
1360 1621
622 580
850 881
1268 158
551 1220
1775 1474
1106 1082
474 363
1602 1324
2032 1974
1845 992
496 1348
1318 1253
1710 1465
966 380
1428 668
448 924
863 1936
120 940
672 68
1804 2004
872 1227
1225 1064
1832 100
668 374
1600 1830
233 1959
264 402
1130 66
1568 1620
1552 940
398 358
788 1928
169 1911
2037 861
1017 992
1376 1417
343 1679
1331 1934
886 704
1690 608
1354 1957
1136 1544
1104 834
80 771
434 387
1898 1456
252 1985
922 808
68 610
1726 1811
1784 648
644 0
1388 817
1630 104
160 228
1696 806
1237 420
808 2028
1648 788
1813 1480
1478 2032
808 1040
1864 892
1916 956
1076 884
64 1712
1524 1666
1374 88
434 536
1348 403
1798 1363
1941 1035
1344 1030
174 1610
1631 80
1324 876
1585 924
1059 206
120 1500
826 814
1652 2010
883 144
1496 158
1230 146
1200 211
16 506
1263 1147
1930 1982
1785 623
1560 1228
1059 1836
1028 781
295 1796
588 1291
2012 1810
661 756
400 1243
935 1528
16 834
784 574
1370 586
1030 1734
990 835
1680 123
335 1408
1128 1824
1787 914
1934 778
832 1930
683 719
970 446
188 1044
1034 607
1508 697
1904 985
2042 1595
1576 1700
1146 1286
1204 772
1584 1421
284 1086
1877 1162
1312 194
1725 932
625 881
256 1656
969 832
704 1311
1008 226
916 432
1288 800
1899 1760
1546 1092
0 1440
1080 1936
1951 746
16 840
1644 1920
862 896
1462 192
60 41
161 462
867 400
1488 1092
1446 707
1233 1362
444 1872
313 584
963 1824
156 1
1174 1383
1502 935
904 608
775 208
282 1822
1686 748
628 1150
688 682
1695 1505
1336 432
1616 336
912 1055
1086 512
1532 676
1856 1664
1434 1594
284 1180
1252 18
1818 149
1750 576
624 2032
1504 83
392 895
864 1579
781 424
496 835
1610 2008
16 1484
1899 69
1238 1240
488 1856
634 1745
1826 11
1958 1356
2012 110
936 1990
1864 563
1233 688
106 1088
1408 202
2034 684
24 1870
287 2008
1334 1273
1176 1780
1264 1398
1986 842
311 1552
1600 1876
1021 1546
108 757
1024 2011
1571 361
2016 788
72 1312
945 1707
400 1612
221 333
272 877
1790 1608
1817 375
617 1984
680 268
969 286
472 863
404 344
1996 1558
1690 24
749 856
1508 1794
839 224
780 327
1408 1280
255 1552
1498 520
1392 1394
1814 1161
668 1916
1498 1460
682 1230
1716 1844
1213 500
1876 0
1972 1233
354 1666
376 1771
428 504
1987 447
693 1927
1216 1492
752 1670
314 92
1693 1744
2032 1924
1408 1627
28 194
111 304
296 1862
979 1041
1128 1120
1680 1624
1625 1757
488 34
816 1542
1353 1038
798 1311
1872 1386
1098 1326
933 2010
514 878
1891 398
4 1600
2012 1824
171 1160
1507 1480
125 994
476 941
780 703
860 1865
1721 1586
504 678
1284 682
1987 1908
428 1372
80 1830
1280 1786
1342 460
576 606
1484 1536
1912 39
1296 596
344 1906
560 1952
1205 1126
65 552
394 1840
1671 889
240 1296
1374 1628
1776 1054
1513 42
57 192
448 162
969 1102
200 1061
919 1400
1598 280
148 949
1914 1032
957 512
635 816
854 910
945 1520
48 184
1376 1580
1552 171
1056 402
406 1408
948 1368
584 1588
1684 1304
316 181
1056 240
1048 475
796 277
2025 370
945 1948
879 716
35 1916
1344 857
1946 1039
946 1284
1218 1793
152 986
1192 1968
801 1244
1711 297
1360 1508
598 760
547 584
1552 590
2038 1722
80 1550
946 462
1628 1204
437 18
1068 280
519 721
739 1652
366 1478
1232 2018
952 34
402 1016
1180 1208
1244 1682
616 680
696 1350
18 456
1550 230
880 192
696 438
394 1882
755 1764
1237 808
382 428
1224 1416
108 28
1176 327
274 692
1536 527
342 918
1144 2036
405 808
1668 96
592 232
1793 1623
1781 327
1170 200
1269 590
1792 1637
152 1387
1407 590
368 206
436 1528
508 889
578 1609
674 1952
346 124
840 2022
965 992
882 1092
534 1218
2042 1859
1536 1181
274 10
516 1361
1966 948
1000 2015
176 554
858 1776
1093 1327
988 736
1004 597
206 232
432 1680
2016 79
168 1426
1202 1172
580 1298
1395 766
1896 882
479 1822
1139 844
1976 912
2012 196
1696 1668
1868 516
1443 2018
1798 312
242 1718
1352 956
788 624
1472 1982
1542 264
1000 702
1354 920
384 1584
670 352
2019 1930
872 688
461 1377
745 682
1320 1672
1964 340
1132 315
102 1484
576 1864
414 496
588 1988
486 1464
40 1520
1878 595
1500 538
1356 933
96 391
1104 326
1880 595
1963 462
658 1371
590 210
1257 504
1837 348
998 808
1920 1360
199 494
1338 1092
1345 1004
1512 1515
785 380
290 1027
1291 1292
882 1908
456 1910
1580 364
1972 176
916 1600
322 1798
1334 1044
1554 846
72 1438
886 984
1408 330
164 752
1608 84
339 1740
2034 2022
1 946
771 1276
1472 48
112 1531
620 43
310 924
1523 1978
27 1968
332 492
87 1077
904 1626
540 388
832 1916
1440 442
260 1736
651 1773
541 1952
426 1633
1822 1482
444 1212
1214 829
668 1318
1570 1201
1828 1664
1760 336
1862 1024
1695 910
1671 1726
1908 1354
456 672
1412 697
1446 1234
1182 332
982 879
1723 582
548 868
1188 1598
1642 119
768 1040
520 1184
66 968
544 1916
1283 986
842 321
1088 1918
1952 2028
374 692
36 986
805 1096
1298 816
579 1604
188 13
1000 166
774 1249
740 396
428 1775
1721 976
371 424
808 78
1867 1130
1719 230
2041 478
556 1932
899 874
1250 71
480 152
766 1371
1018 1874
517 360
484 2026
176 1339
853 1800
172 125
1208 1838
90 1211
676 1928
528 1065
1156 1168
1414 1050
1160 1856
1640 800
1262 1006
1640 1234
1468 1866
1404 707
1251 1695
48 1956
1647 135
1950 1216
502 410
2016 68
1974 6
800 211
1456 1592
80 1539
664 1986
1824 376
1083 1987
512 516
1614 894
1664 392
1108 1256
1485 1337
1738 1812
216 164
1954 1490
1 645
191 588
1984 1336
119 208
1616 1024
228 164
518 1600
1046 941
1582 641
342 1982
105 1800
1230 1096
1144 1608
1959 1072
146 800
1709 1548
472 1146
90 992
1117 1664
628 818
577 1552
512 376
1488 976
292 1704
1608 1989
1093 371
1166 1454
518 1438
751 1922
1819 886
1615 615
993 180
1351 1696
746 88
1342 344
490 920
1299 20
1780 1565
1959 472
702 652
1576 216
970 1488
1936 1752
1175 452
880 928
1994 1937
2024 815
1871 1338
1072 1842
1752 1004
425 1744
1506 1904
1280 524
1939 2
992 1049
400 492
1396 976
200 1270
1174 613
712 932
53 1902
1545 91
110 1192
469 1647
1670 1436
416 1086
1902 366
450 1988
368 17
406 976
1696 360
936 1130
1465 118
284 667
400 1444
1384 1736
961 442
1631 510
1664 792
394 230
1480 1839
1406 1375
32 968
1557 1308
928 470
1616 1408
1640 496
1830 0
838 143
1964 908
1546 377
1344 1864
892 398
666 1899
1548 800
1456 1994
161 1692
1496 523
444 56
1726 1048
42 1245
1282 888
493 1100
1988 308
1396 1784
1468 1278
1117 992
390 1632
1377 965
1608 1526
1265 1016
974 840
1612 1848
1105 528
304 584
1672 1080
1293 285
432 3
364 1680
2028 1324
1111 448
538 428
992 698
836 608
1681 217
543 1643
1256 177
1580 1015
2000 816
512 1413
144 505
807 151
632 192
800 1264
1014 59
396 1974
505 1554
1703 344
1332 873
1678 988
524 836
1288 637
930 1847
320 1868
917 1106
200 590
1672 2025
1437 32
116 2030
1992 96
404 492
1378 1824
1456 1708
822 1472
1414 567
1278 229
1274 1556
256 1264
217 1792
2024 1140
1836 1160
1450 868
664 375
362 1584
1472 696
1564 1884
1244 1695
693 1762
2026 1624
816 1204
1110 152
636 1273
182 855
1318 1065
1142 1644
1428 798
1578 1326
686 384
56 1518
212 1945
1848 109
1506 468
608 356
87 1632
1120 39
1362 269
1571 1633
1168 2045
1760 1159
170 2028
554 1941
916 1536
652 944
51 1512
980 128
1330 636
479 250
880 1840
1908 800
1610 768
448 1896
256 1984
1088 1450
1387 1952
412 1160
2036 1848
907 814
544 1030
325 730
1144 148
524 1178
2014 167
766 1408
1412 357
1314 384
150 331
721 272
1645 309
504 110
1361 460
737 328
1850 1680
773 334
753 868
132 223
1144 408
1390 1020
1163 1062
1272 1129
192 1304
1890 665
1592 1836
522 557
64 1232
50 916
1412 2044
2019 1344
1304 1230
1474 1389
1260 421
1844 1116
953 1930
1560 22
1142 584
1972 944
525 1496
1694 844
1890 480
1758 1558
316 922
659 616
1452 1738
553 1858
1754 1700
1931 1980
1968 696
1275 144
1543 1574
1566 1567
598 1182
8 539
1694 886
836 112
1016 845
1457 1124
1752 739
312 1392
2001 148
1360 546
1108 1028
452 1528
928 448
1216 1138
1600 1240
236 672
1648 304
1215 296
761 720
2032 384
176 1608
90 1322
540 1720
1670 1010
856 1063
970 1080
1654 1604
1010 375
800 1171
1336 292
656 664
1799 1403
366 658
1408 19
1228 1822
599 1440
571 1406
1216 1960
169 608
1858 1992
1020 1878
464 777
185 1736
352 1924
1246 1486
2043 548
1432 429
1291 2020
1598 2014
1074 1680
1844 1136
0 307
4 1010
1775 1318
1599 1444
1870 1022
1188 1144
1411 1042
23 2044
272 575
896 753
1605 360
408 712
505 1855
1488 128
1370 1908
1196 894
1272 1616
564 1691
1274 980
1078 1432
437 454
829 1780
436 1917
1638 432
898 1414
1358 232
428 1340
645 496
182 1080
494 255
1988 718
914 1480
360 1352
398 1430
1795 490
1343 1214
1597 348
37 1148
380 1874
1888 152
447 1638
200 810
676 204
1387 62
428 984
742 1843
48 1488
1108 1016
1546 1258
1000 1164
778 321
1528 1678
667 110
67 161
1931 472
275 938
468 1574
421 1676
524 1770
1312 1684
540 1577
1072 368
243 46
616 1844
726 492
968 632
1712 194
703 1811
811 832
1548 674
1780 1604
368 208
2004 1304
1093 1501
1484 855
266 534
1662 711
1732 1766
1500 1518
68 1712
1800 11
1738 1296
288 1460
128 844
1264 980
680 1124
646 128
55 1315
1284 1206
1650 1782
1737 1893
784 482
1782 1172
1282 844
1940 1487
186 253
1104 581
2013 1056
1982 387
344 1577
1814 1179
678 1014
1244 212
1466 1898
826 1774
64 371
796 856
794 304
1280 1265
392 34
224 229
1190 480
1576 1687
1320 630
800 1810
848 1810
1060 1984
1885 244
1249 851
488 906
1596 886
576 80
1488 1230
336 872
783 1052
770 1104
1329 30
1226 848
1050 798
1012 1510
413 87
912 626
1376 752
1044 1201
115 1324
843 102
132 173
564 1094
1650 1776
1466 1745
1766 1952
504 1274
439 208
1500 679
733 1664
1216 2035
1241 926
683 864
1696 1988
1176 604
1466 44
1672 1722
1671 256
2037 148
534 204
136 1894
597 1723
1051 936
384 1568
484 1128
760 1104
1631 2022
1346 1772
106 1072
455 1958
663 1138
1337 1977
745 616
1351 1832
622 468
747 1420
1710 1440
1171 1212
1496 1079
1358 1942
656 1312
2020 1358
1218 1138
1976 1354
220 230
1578 312
1700 1528
64 1910
1312 1362
524 685
384 1481
1043 96
680 1729
1468 464
1168 711
316 1102
714 1307
1644 1556
162 1892
1300 208
1238 1840
1577 380
1052 832
336 1763
1631 603
664 1933
1488 1664
2016 480
942 164
638 1584
130 886
1136 182
631 1934
493 216
900 384
904 424
921 1713
974 72
1302 370
782 1932
2011 115
888 1526
1270 262
1552 1589
1028 1256
1827 60
340 1712
298 680
1126 1824
1112 896
788 818
1648 984
1190 358
1436 1564
528 1992
1078 1460
843 978
212 170
1080 1392
1670 32
564 1566
1814 1840
723 1391
408 38
1538 92
455 1161
1191 1814
1392 1946
1792 294
1374 56
754 1611
64 914
64 890
1728 1629
1309 956
163 2036
1109 720
476 225
640 1220
1745 764
270 1634
886 796
576 2016
984 1498
192 821
410 1632
138 948
1022 75
242 2002
1313 830
341 1796
886 620
1048 144
664 1179
913 410
582 1761
106 1276
69 1616
1952 1104
1894 532
583 1013
438 1456
1121 929
884 894
1292 1560
1320 670
2028 984
1915 1800
1510 869
149 528
635 1740
1050 1518
1387 1686
1261 1910
641 608
1532 380
350 1944
992 666
2006 536
915 936
72 1076
712 212
1202 1128
2032 1380
536 733
1696 44
484 1224
268 1024
1616 1888
1078 1136
706 1952
1868 134
1657 743
903 839
693 593
665 808
958 0
867 824
1568 1798
728 1668
1277 1060
1680 752
359 300
994 976
1856 605
763 754
155 1832
512 1787
1568 1088
608 1114
1739 438
1650 680
1340 496
1363 659
342 1338
892 1608
1498 1114
680 1327
406 1070
842 1904
84 1870
1684 902
1608 456
536 1675
496 890
1020 216
631 1814
1708 174
1172 1768
280 530
1685 928
96 1776
1202 485
1232 121
512 624
199 1688
913 1037
1920 402
580 2008
1339 844
90 210
1568 1080
1632 1404
1766 796
849 430
598 1792
1660 748
40 549
1540 1792
1778 1626
1628 1341
1908 1322
304 200
1044 1704
1664 941
656 1443
1442 1213
629 1025
618 1518
365 287
207 1024
1926 2031
912 1852
256 1325
1252 272
167 1988
965 1928
192 666
16 1616
1712 1449
1640 359
1548 920
952 1451
144 177
585 1246
1456 1460
922 1432
964 496
70 1913
960 192
1728 12
56 1832
1660 48
804 361
1980 233
365 804
1436 1311
209 1135
1953 932
1693 126
566 1900
2030 1348
1412 736
755 664
1257 2047
1122 2000
128 1462
896 2018
1307 100
928 1658
200 1816
1008 1566
776 984
1058 1750
1164 101
1200 741
1437 649
840 1788
758 1408
388 1008
1721 540
1064 1461
0 1824
1014 275
962 896
1836 1230
888 368
825 1452
1712 0
1508 1108
1242 1216
854 1168
448 361
1056 624
1984 1939
65 1813
260 1488
2001 1557
245 872
875 2040
1102 1150
43 392
1602 516
997 682
1456 490
841 664
256 816
378 608
429 694
1313 516
1064 626
1019 400
682 1514
240 11
772 457
1430 1491
549 184
130 94
1250 1879
262 1579
1131 160
1675 1014
1130 424
1167 192
1592 1920
232 776
120 826
882 304
624 490
592 874
0 962
1504 862
938 2040
322 704
1728 1132
102 488
1420 2028
1066 310
760 712
278 321
972 790
838 456
160 1248
88 1222
160 768
1164 1357
1580 104
1616 1514
384 1608
1916 1852
1844 915
677 556
1815 1672
720 1612
2000 752
1394 1154
1647 1680
400 760
1746 1631
1664 164
320 468
32 665
1430 1081
1920 1176
320 1740
152 736
276 64
1592 718
552 1113
171 1288
323 1618
1442 278
1904 1528
1054 380
748 1244
240 133
747 792
232 910
404 226
925 1092
1976 341
1504 473
1516 431
1390 1238
256 900
1939 161
1040 740
1225 717
1462 1776
1198 1037
1776 364
77 1078
1934 1913
632 1770
1402 500
24 640
834 622
512 904
2040 564
1893 494
462 1489
1592 1431
252 1292
1908 1604
1906 1928
340 671
1484 1544
1565 191
64 305
700 992
1608 1756
721 422
1918 283
944 884
832 90
178 490
360 141
1266 304
1616 65
799 952
1160 1081
302 3
1584 34
1230 88
74 686
1179 64
1347 1272
768 714
1240 412
880 302
784 292
453 354
768 269
709 118
1909 1446
388 421
1519 517
315 366
1840 1052
1168 1279
1408 1863
24 1720
1958 424
939 332
431 1024
1512 188
858 1921
1865 131
6 205
526 1232
615 1824
712 169
1985 966
830 990
641 154
524 1556
1247 1466
512 588
1538 1363
1120 1580
242 0
918 1382
224 1792
1438 1308
864 1512
368 1604
1746 260
60 1426
1962 434
119 580
582 62
1280 1422
1748 1404
1464 1125
1398 1188
492 1010
846 1064
1444 1608
1032 1815
256 468
1123 648
908 1144
1260 132
1640 837
615 1786
793 1358
896 71
658 1080
573 1636
822 1535
1320 1000
802 1588
1245 1155
1288 65
964 392
1414 1320
592 672
740 124
226 1964
1576 1745
620 1696
699 698
625 920
1614 1430
396 847
1992 1539
1622 962
1420 1772
1580 1265
1852 168
1444 1521
1183 1968
1500 934
871 1550
904 664
1024 1121
587 839
998 0
1314 1721
545 1487
1704 1496
640 620
1306 1328
1680 1844
1127 371
592 5
7 704
128 254
298 765
694 1131
179 940
1776 856
55 87
1551 1844
1690 1944
946 1966
1480 1394
30 570
808 349
1008 273
295 1012
1632 664
340 1856
952 1824
1074 1954
381 963
602 1212
644 280
1232 1980
972 704
0 1836
1829 229
752 1220
1524 8
1941 1745
1578 1197
1230 865
188 989
1420 1272
551 1025
1445 696
38 704
1039 248
1228 1487
2008 954
192 1050
648 675
391 492
1336 1562
1672 1668
608 658
1289 342
1317 1308
1812 373
1657 1000
544 1116
1184 435
1450 1477
489 979
998 1468
656 1097
1090 230
1700 1832
529 1094
540 852
387 480
226 232
1986 768
1577 1216
1204 526
321 1184
828 76
1976 1139
1164 750
1646 771
1078 1920
1888 284
1511 327
1992 1751
322 1432
820 254
757 256
1300 1342
854 262
1918 780
1720 1102
1527 1360
1401 44
666 548
1187 2036
725 1079
1832 1072
668 2018
766 1369
1312 1179
1196 1672
1114 926
1701 544
1160 737
1986 1388
1664 1804
1652 1672
806 1821
679 2003
1379 340
1120 1710
1312 1984
1721 704
1788 372
1728 1746
76 875
1384 985
1827 1652
332 1124
76 340
324 1676
458 795
1466 235
528 656
362 1232
45 397
896 1228
566 1568
1492 1944
489 84
200 1753
100 72
44 1504
1853 269
1560 1979
624 1442
982 1362
1190 1283
1608 2034
712 2047
158 1373
1776 288
430 532
839 1384
69 2012
29 709
1181 238
1512 576
1139 784
508 1443
2006 292
1448 1962
1042 1112
547 876
1052 670
590 256
1012 1784
392 1176
126 357
288 1444
1068 8
1728 1550
1154 1668
1928 191
1629 847
644 1081
1696 1948
1732 29
1977 2019
1064 1980
378 1582
736 1137
766 439
280 1004
363 1978
1760 1664
229 47
1393 1473
714 1044
172 1695
408 972
2047 1384
92 773
690 1671
1088 1048
86 1076
1433 343
1145 1322
1161 1324
12 1960
508 1457
896 1934
42 1904
276 1976
1134 988
772 1566
1533 1821
1241 1081
1125 437
1239 1014
1722 991
1540 1646
1744 1512
2025 1248
136 1040
1278 459
828 1775
268 424
1849 1259
1229 1029
1817 1784
216 1733
256 74
1158 134
539 845
1837 700
640 1788
1184 883
1624 920
2024 992
510 44
261 1432
1536 117
1632 824
974 140
756 626
572 816
88 928
897 236
368 1376
1638 458
1809 322
534 1612
1469 385
704 1108
489 1652
1863 530
784 120
931 432
892 821
428 1732
425 1090
498 1111
1928 1533
87 1084
1299 472
1908 386
1990 1208
1608 1024
917 1039
1108 1440
1173 1952
1198 824
150 1306
558 1348
1101 1176
1853 1916
258 1928
190 1430
1400 1076
1924 930
590 1646
83 2030
567 456
164 12
80 16
1347 1840
1300 126
1264 1152
1970 846
940 1033
1602 797
950 188
856 1920
1892 1844
960 1213
690 210
1656 1088
1849 636
2035 867
1800 1959
150 1579
1408 768
190 961
174 696
196 800
590 1756
487 1665
1872 1936
1364 624
692 1176
1334 1167
480 1765
1495 1536
318 1848
1992 1500
367 1828
1472 1618
1852 1256
1841 616
624 1249
1269 886
516 570
279 700
1612 127
1616 305
1542 2021
32 1145
1352 76
1824 1112
416 830
392 58
1431 1154
166 1531
1411 435
1678 48
403 1236
1863 1330
1725 2024
1045 1888
1508 952
464 815
1764 1248
1923 2024
1248 642
1689 1540
1240 1632
722 624
946 1000
1608 342
258 1364
846 32
397 1299
1236 1490
90 1490
1341 176
1154 709
1979 1848
1466 344
827 649
474 1140
1964 1024
634 778
2029 552
1175 781
1634 640
1902 216
1934 745
969 666
952 1164
527 1429
1150 472
118 56
1819 984
52 1192
1664 650
184 95
1168 1964
1388 1599
1096 254
1342 320
1954 1792
1256 512
1818 1003
1780 446
1668 683
1772 672
1444 282
1973 984
612 1113
1808 33
292 888
135 2000
1665 1638
361 858
760 1033
715 2021
264 1596
1700 542
314 264
436 1808
205 2020
24 848
464 1234
968 1526
971 277
526 1744
1088 1342
1692 2040
788 1613
1873 540
1703 1254
1602 1534
131 1792
1456 1120
286 284
964 2036
452 1641
1246 993
468 1148
2022 581
320 689
1588 983
786 566
1461 322
1752 1133
1039 896
1372 249
1882 2028
956 1790
993 1745
40 440
1022 74
755 154
1802 1204
464 540
1947 1384
1950 656
25 680
1115 697
1093 16
387 1950
1547 797
313 1598
576 1377
1331 1920
1292 1408
125 728
478 1268
1713 1632
1580 1197
456 1578
1980 150
684 1278
156 1850
1349 1810
382 674
1032 396
1634 1056
357 527
348 389
635 1604
690 1536
1804 1093
74 1320
870 128
2034 1792
1160 1080
700 1165
1480 1784
1180 6
1992 208
976 660
1688 1423
828 262
1024 1600
707 741
1476 320
1898 288
348 1984
856 1079
819 184
352 1974
192 98
1030 448
1736 216
1468 1812
972 96
1606 1309
652 1399
1460 668
1160 72
1516 316
1200 361
1072 1538
91 707
1260 1386
970 859
681 160
364 1228
888 1168
1635 986
1018 154
1419 352
1953 1748
1644 1372
1224 248
402 607
992 1756
870 1501
1808 1648
1752 1744
1788 1652
676 841
1788 1664
520 656
1338 151
56 220
1335 1959
1632 1525
37 931
2 1488
960 849
2012 690
676 306
1930 936
956 1206
34 136
46 836
1196 7
827 380
682 128
103 1214
1568 468
1024 500
1074 626
1582 20
212 888
619 1959
800 1672
104 799
688 406
1864 846
1168 1032
23 1544
1644 1440
1600 1248
1158 1008
2026 672
1286 750
1601 1488
1820 1510
681 1800
1139 1706
224 2032
1360 84
664 676
1836 548
1156 100
975 1644
892 189
1073 934
1619 231
1379 1754
711 178
1486 872
96 467
1002 1980
1165 720
560 1488
594 1254
51 320
1720 328
336 1608
1354 892
960 1303
586 1259
1704 193
2022 463
472 1416
1032 1968
688 756
192 1720
576 1451
1830 1933
652 1728
894 386
68 640
1950 668
690 500
1062 488
816 1807
1252 604
1856 1562
1864 1364
252 768
0 1865
1239 574
1912 1082
1020 129
1114 2023
808 1900
1636 141
738 386
550 1193
1142 210
1786 679
44 214
1754 2044
579 1756
1928 1998
985 1636
1230 448
1568 1431
860 1576
784 1868
1856 1328
1996 1024
288 218
594 890
722 124
1690 1547
1660 539
1592 1270
1472 1360
1721 128
854 1046
1992 303
1824 1531
55 684
590 696
230 1485
216 805
35 752
1425 610
3 1083
1442 796
861 1904
736 756
1002 1608
817 1168
1864 1848
166 1784
1129 33
1596 1441
245 884
968 340
1310 1204
656 207
1580 208
1772 1076
1956 1191
1932 1481
448 1800
658 554
388 282
148 1444
1500 878
888 1604
920 467
584 810
1196 374
480 1468
561 1009
591 1409
640 1152
228 1194
1600 192
1581 436
1110 1602
1905 382
1638 1865
776 680
1265 697
1784 128
320 1959
33 124
1920 1978
316 672
814 1620
1280 1894
600 637
1879 386
1938 1864
1256 1654
396 304
1514 128
678 630
1820 817
1504 1355
164 1294
734 1272
1083 898
21 1386
1028 1307
323 1831
88 2032
1710 1545
201 200
366 1700
1422 1985
1608 990
672 864
1802 1095
1168 114
337 1301
864 1354
1209 1399
1926 208
1796 95
1932 764
40 320
1505 206
1688 1520
623 1732
624 1205
1189 896
1572 1498
1097 1952
286 16
993 679
810 1508
1826 1562
0 544
650 1977
1489 1192
1048 2018
578 926
558 384
325 1948
1916 1152
907 48
37 1308
396 1212
390 1458
1664 1584
1948 1320
0 1237
1790 1099
449 1385
1585 16
1758 1416
571 912
1496 706
1802 1452
168 1582
1236 516
1660 375
1420 1524
1038 552
1236 952
1216 1460
2047 750
829 502
1856 1970
190 1624
1714 672
1592 1491
793 1543
1165 1639
1734 268
1528 364
1918 777
460 1748
1551 1212
1496 1083
738 692
1062 198
1904 712
1522 1296
992 1259
964 168
2035 809
718 1488
256 624
96 1136
1672 1408
1056 1626
244 20
1352 1424
417 530
501 1408
281 2008
626 146
422 1368
1518 907
117 548
366 1730
1673 1728
968 944
804 388
302 678
780 1414
886 347
1248 1026
363 1728
1480 1426
150 216
514 392
884 1688
1984 1972
1973 1944
87 1844
1044 1139
1952 1732
48 815
945 1344
734 1364
73 476
866 303
878 580
932 528
1892 158
1747 1726
1098 1137
142 456
1176 1118
1951 944
1995 788
1228 532
757 1568
1011 1668
1198 1988
300 416
1523 456
1408 1407
1745 327
2025 700
390 34
307 451
1524 1132
1768 1302
520 1586
959 1392
1866 1942
1893 372
174 944
813 1162
2024 1441
2032 1703
1856 1640
312 1132
860 912
286 164
1668 852
1708 412
1843 1706
1793 1672
116 590
132 1787
1498 637
1248 1914
679 1620
160 1488
168 228
1454 1954
533 1000
303 1068
1078 428
1879 1618
1750 1921
1312 1950
568 64
480 494
1798 452
2000 1408
1390 203
188 571
552 500
512 785
1680 663
751 1248
16 688
1008 604
1215 1216
602 1048
1801 848
524 598
686 1733
522 445
640 1014
1458 192
1440 1464
437 1864
946 1238
1579 989
835 860
567 820
1064 2026
730 2025
1804 411
1655 1980
1010 682
313 1025
812 1313
1344 1845
386 896
1741 128
544 1215
328 2004
1553 2031
112 1902
1504 922
1864 1942
218 830
1390 900
864 350
1024 976
865 1488
1864 1020
178 50
671 376
32 692
168 1572
1754 1912
99 658
352 1510
728 966
1664 1580
275 1321
488 1813
1492 614
788 192
234 991
1596 368
1352 1696
1313 1504
1588 94
78 350
144 1000
1496 403
1592 1816
210 1234
1625 234
1618 844
1429 1225
852 573
934 991
1888 49
1174 1347
1500 148
1843 1517
416 1326
1209 615
1589 1978
584 1268
344 1524
646 1030
202 1880
708 1512
1569 1892
312 362
353 1744
680 1113
1736 312
908 1600
706 66
936 1033
1204 1868
416 562
1874 1516
1860 885
1456 2012
1470 555
1692 1280
458 492
1182 670
600 1528
1056 1948
648 1608
1584 1195
526 538
2010 275
791 72
960 1632
1702 1440
1070 976
609 1969
339 1872
1783 1972
764 1613
99 1426
1256 706
142 2034
1293 1996
944 1614
320 741
401 719
248 576
172 18
1097 1896
223 164
1716 1040
1030 1739
1336 1341
1650 696
28 1955
846 756
1198 2018
212 844
1694 982
1664 1661
1476 342
648 1408
1920 794
1812 1026
1632 31
256 885
610 1137
1420 152
1037 1990
1674 1568
1130 456
1262 1674
1102 627
16 882
1873 1388
578 692
1808 936
288 611
2047 907
193 1472
2019 138
234 193
1330 1966
240 866
424 570
950 368
663 1264
1620 1408
94 920
1024 722
1980 894
160 500
1894 0
256 1763
254 1426
1430 1549
1048 1872
118 1893
887 384
817 163
1288 320
660 784
260 1483
179 1158
1696 92
1742 568
275 783
1800 1177
320 131
900 1944
315 1656
948 1698
112 1036
46 346
22 1504
741 1996
1452 1072
296 1298
1183 1826
608 480
1784 24
1654 1756
1522 1720
1285 2036
1647 616
1896 531
1510 1658
1572 760
1755 521
1364 1024
648 666
608 1305
537 1522
198 1848
160 456
776 389
1984 1000
8 608
1725 621
1360 788
1200 1548
831 1665
1124 858
731 144
991 1860
1831 1324
1491 517
1536 820
1888 1258
1201 284
1816 646
418 250
921 1308
614 64
1519 1795
1435 1673
82 736
1710 155
115 1524
1571 1271
2012 76
669 672
1892 1794
316 284
2040 862
2027 1020
408 304
477 940
1024 1725
128 1620
752 316
976 1980
1570 1280
452 814
560 515
8 948
964 800
1552 18
1524 1358
178 576
554 1504
780 396
1200 1176
936 1184
1467 24
307 364
1998 456
1671 976
364 936
1056 1158
438 1170
1824 1150
23 522
1626 2035
336 524
2004 8
287 92
408 358
230 459
888 1348
645 1708
1122 982
812 394
1777 1556
292 806
1634 1112
1664 1164
1097 124
1029 1004
1324 617
114 232
2016 506
2019 128
279 674
1252 1330
1042 1704
1878 812
610 1028
1914 292
98 856
40 818
858 1466
28 1461
536 659
743 787
856 784
752 1222
645 300
1152 1609
650 486
556 348
1568 128
2024 420
944 1209
1065 928
1516 1465
1252 1174
1200 656
1541 1340
1252 1566
1165 1790
1684 1912
1245 271
38 384
1584 66
1368 69
904 1352
1992 594
1696 484
556 242
344 1400
1675 1492
1874 528
108 1194
1280 1818
280 160
1795 112
1992 1328
188 822
1069 954
1806 427
1856 128
954 1664
1848 1904
277 595
605 1923
1656 1861
1601 1152
1716 1624
506 756
1880 396
71 503
2040 1544
1852 808
288 740
810 1446
176 1420
110 849
820 1778
996 1960
378 1328
1340 405
444 1790
448 1824
1200 426
1152 934
1688 1248
20 1270
64 794
259 1024
130 1920
1544 672
1808 361
1775 416
332 71
1856 893
646 378
299 978
1381 910
1897 956
1166 472
1072 1196
751 1224
436 737
1801 0
1356 63
1322 1665
251 1711
1240 520
542 2
24 1686
1230 1828
1320 1032
111 733
1024 645
890 979
604 1172
1580 1872
1716 1416
1668 1632
2028 1328
252 1268
71 968
1016 360
1267 1870
1488 1763
444 1210
1258 444
677 1831
1620 1655
240 1057
986 1627
786 69
1808 1450
448 1204
1116 1467
104 1072
626 108
1552 124
1812 1487
1966 1797
1120 1992
524 696
552 682
477 1512
275 162
743 490
1529 1538
1488 1296
1188 1576
1542 1580
1582 828
458 1544
2019 1824
24 872
95 128
716 519
1768 950
1826 860
1304 1173
484 587
1721 508
408 1494
1608 176
1900 818
1559 1218
546 276
889 177
1358 1312
1988 1174
1740 468
78 179
1592 925
402 1536
1920 1134
1021 672
335 776
914 1696
1202 1660
1167 1503
1036 1926
1266 1606
168 1672
1304 616
1559 764
883 1112
1852 66
1853 176
1530 298
1957 1521
1872 1043
1548 567
1358 704
776 64
564 1237
1609 224
1092 1218
408 704
945 1152
1139 564
1261 614
38 1694
128 643
1737 548
5 583
1896 1401
445 1776
1618 1786
1414 1746
34 1528
1169 1362
262 144
929 1941
1291 164
1084 654
1706 557
1976 899
239 2009
1256 704
1250 1582
645 1640
226 350
1496 636
1768 1957
1378 1800
540 672
208 1291
1310 1406
12 1394
1696 918
1856 1984
1985 967
1548 140
1176 1079
1844 1896
1132 1665
1735 208
506 310
1748 1533
311 808
1836 953
1083 992
786 1500
1290 1393
1632 1818
1090 1046
2012 420
1384 1297
1832 1423
836 880
1204 317
258 1851
540 190
444 320
1092 358
1564 624
1372 980
1759 1241
108 2002
1152 401
968 618
646 518
36 1176
1318 345
68 588
232 1817
1130 1068
162 1636
955 1820
204 1294
1577 1222
712 340
954 1017
1984 1440
1174 1944
372 1546
1780 827
1555 268
980 536
844 500
1805 301
1135 1122
917 835
1434 1774
905 2005
310 1432
200 1168
1216 1770
1882 812
1392 146
574 720
24 1938
1358 531
1160 1748
1985 564
1521 114
602 18
1498 1740
1911 1308
186 1074
1792 1704
488 1964
1183 688
796 1645
300 400
1401 936
620 992
505 1726
880 936
904 692
471 476
102 472
258 892
0 543
1395 256
1674 1264
1536 1992
1940 1336
338 480
636 1408
288 429
1844 156
1808 497
384 1152
798 1526
2015 595
736 1768
112 834
837 12
1048 280
1826 310
934 102
2037 963
608 1888
202 396
1251 872
1134 1336
160 372
1338 1984
1426 248
284 1996
1045 1348
1220 101
104 934
272 1600
1951 383
268 1470
280 756
1450 128
476 1400
1440 1528
868 1980
59 1626
858 1216
532 543
1526 1545
1254 565
1289 527
320 1166
846 1312
897 32
456 1906
778 1956
1984 1434
1768 337
1729 42
153 940
524 1882
1615 1288
1806 1160
1931 1684
512 1880
107 1680
636 480
284 1708
981 1913
495 1800
974 536
972 1496
1072 1128
1848 164
1951 1140
864 216
1406 981
1736 1115
914 1862
384 834
520 1664
1937 702
1915 396
744 1600
1860 1434
704 91
1980 687
162 1456
1056 249
1364 852
1296 1888
43 1558
15 156
1956 644
1186 1214
1934 1468
246 1496
590 1692
321 508
96 1917
334 1014
342 1048
1964 798
835 1353
1163 903
1464 433
1357 725
1900 440
1134 1200
654 1024
10 1556
1693 2042
680 1964
430 54
768 1824
1492 1340
598 770
1474 672
1416 1392
60 956
1254 692
1404 1824
1859 636
1926 1212
1134 1818
