100
144 90
224 196
178 234
24 235
84 240
199 48
68 142
16 172
24 56
202 90
78 128
120 122
116 118
180 160
220 12
104 116
178 115
124 85
72 176
224 112
89 165
0 248
100 205
34 145
40 179
30 0
92 129
12 92
68 124
52 246
144 222
10 175
42 80
155 82
174 45
86 2
217 107
144 218
32 200
181 112
60 21
73 8
84 72
98 0
218 160
61 193
109 26
52 32
164 46
64 20
234 225
80 140
204 75
46 132
35 144
165 128
152 187
144 163
84 80
180 231
160 130
215 100
242 70
25 222
96 105
62 95
146 144
56 148
152 68
172 168
239 156
236 18
130 72
217 192
92 177
122 197
185 104
26 14
0 129
84 24
0 123
94 240
65 120
204 29
27 156
232 122
136 123
87 252
103 196
36 224
60 16
144 237
19 42
80 128
206 79
72 48
84 46
8 247
4 68
95 240
