100
94 144
32 234
246 47
71 250
156 232
230 140
112 222
128 165
153 198
12 184
155 54
106 0
26 120
48 112
36 188
67 230
12 220
80 98
146 192
176 144
2 52
137 94
173 0
212 228
73 26
0 174
91 140
121 240
104 100
174 42
174 31
56 56
226 168
22 56
165 0
32 69
15 100
129 233
82 40
32 208
44 168
250 120
48 52
198 198
100 222
144 158
14 96
38 111
111 49
212 237
144 176
46 159
64 136
196 52
34 28
149 252
154 12
236 20
255 118
108 152
210 76
190 230
226 12
142 64
153 62
248 252
147 88
192 20
246 160
18 108
240 217
154 164
96 113
252 242
59 254
162 210
37 44
167 199
180 180
208 64
32 27
144 226
219 222
182 113
245 168
20 162
84 24
182 112
209 51
154 195
173 251
85 128
160 90
67 229
234 72
56 39
132 68
34 48
111 90
28 168
