5000
768 940
318 272
158 560
725 432
140 567
453 152
694 743
116 476
568 368
512 654
50 488
232 156
509 464
800 164
188 856
494 305
22 584
451 824
838 62
525 284
300 196
154 352
848 413
240 264
488 116
153 661
752 848
134 398
352 930
340 868
960 124
188 102
740 250
948 0
172 519
854 880
560 584
48 1016
413 29
817 749
443 764
71 312
814 672
605 34
960 506
831 892
0 496
56 580
25 472
380 768
888 303
23 572
748 24
913 765
32 164
847 930
288 282
970 64
596 932
579 546
348 304
950 812
670 325
192 946
28 831
992 165
816 288
453 910
831 632
291 913
612 456
559 233
882 68
830 1
282 8
351 885
608 186
3 645
644 354
425 574
904 747
822 128
700 1008
959 277
693 810
624 73
345 430
904 864
640 837
669 1012
363 32
94 964
325 547
292 544
1022 766
550 115
1004 536
687 720
776 26
760 928
995 540
153 22
739 548
888 279
360 716
444 436
219 884
582 174
742 78
285 614
952 944
34 370
192 320
183 593
842 287
302 824
176 530
46 748
88 240
632 640
854 66
32 282
518 540
992 340
952 396
32 412
772 106
106 72
172 468
470 204
985 194
5 657
822 960
360 753
608 56
444 996
632 80
672 364
733 784
911 869
536 404
512 784
646 276
468 621
73 26
394 308
272 768
705 599
320 282
97 85
589 266
380 557
664 350
988 287
561 92
6 456
200 500
335 396
780 120
1022 156
624 56
974 631
804 868
450 472
277 648
96 1013
692 964
447 941
404 456
172 171
270 312
248 962
52 884
650 692
728 410
278 472
198 764
820 344
244 0
71 630
414 838
441 720
172 700
393 544
792 408
646 2
676 939
196 976
0 96
1016 767
133 787
701 461
556 997
380 932
200 432
184 516
168 600
121 21
474 640
799 287
30 718
438 438
407 906
449 456
512 548
809 492
412 962
332 322
92 196
765 520
608 592
802 694
164 997
899 0
348 965
940 269
192 797
277 800
926 260
416 528
308 967
999 143
972 256
768 576
972 157
436 225
899 700
923 755
766 579
976 444
628 612
329 590
774 424
374 804
484 644
621 770
114 233
509 277
80 39
597 878
581 532
55 32
700 620
508 96
114 797
256 960
594 708
586 56
430 928
621 528
442 572
920 304
366 858
240 596
950 239
213 618
174 948
532 736
368 752
960 378
882 512
182 234
741 256
802 520
815 788
75 528
693 333
312 502
598 1022
1008 1012
836 744
842 842
880 816
373 410
686 722
64 257
242 577
510 824
598 528
550 206
542 472
500 354
208 474
329 349
934 422
832 74
750 182
183 504
470 858
955 436
354 78
838 189
455 201
684 321
454 944
526 644
32 45
728 270
98 979
848 470
150 1016
972 718
959 924
983 582
853 796
55 860
403 964
824 118
832 723
640 159
209 739
879 648
970 1
1020 499
667 859
919 148
934 490
258 124
260 165
134 809
298 105
352 68
539 997
398 152
176 930
352 102
585 470
288 568
135 833
29 333
632 944
149 721
425 146
884 136
231 420
420 424
942 1002
768 744
448 964
527 992
762 736
412 522
321 71
98 800
670 192
804 824
730 366
754 839
993 371
437 512
9 500
832 944
270 12
796 906
4 604
600 993
768 680
288 997
445 816
640 267
684 526
248 892
704 512
472 663
704 372
656 124
214 869
784 769
814 0
306 764
422 992
412 442
736 130
90 584
912 763
70 252
924 208
297 886
734 80
436 853
965 320
756 107
850 488
175 175
996 252
384 4
698 630
844 198
667 254
365 512
240 674
144 785
852 951
930 745
651 512
59 222
918 208
474 1012
130 533
948 434
268 404
964 198
224 1018
548 224
758 290
935 1023
36 912
1000 250
167 486
96 856
744 742
962 502
664 868
91 476
917 308
703 702
415 532
312 388
388 661
286 450
498 639
424 571
217 40
498 615
441 367
201 120
870 596
256 426
288 882
158 110
912 830
981 448
764 247
704 328
364 408
860 567
264 96
146 948
640 708
733 156
834 928
96 256
880 94
816 1000
396 993
597 618
128 408
596 839
896 966
62 216
935 581
430 102
1020 52
522 888
892 84
1017 51
290 252
406 588
233 976
508 824
512 80
82 564
210 398
28 976
908 944
42 858
388 762
216 840
72 800
818 824
231 346
912 549
98 27
512 52
135 663
382 695
59 248
164 284
574 116
540 756
528 624
752 484
896 434
252 972
787 93
191 258
278 432
643 380
431 201
256 671
0 164
116 475
797 454
416 764
584 903
0 136
634 294
50 62
568 680
745 340
488 223
651 337
994 604
491 164
776 875
852 281
793 712
60 341
768 556
832 226
980 582
705 508
271 638
648 408
818 8
298 790
428 935
640 1003
208 498
410 292
437 313
7 332
640 490
295 299
1012 116
700 298
207 967
184 930
480 163
66 36
96 36
622 722
892 764
810 66
36 162
653 256
907 916
129 215
994 360
380 496
460 764
884 101
134 512
684 47
0 572
646 944
912 992
442 192
464 704
909 230
1020 291
454 308
629 798
875 438
368 353
473 65
142 594
588 244
760 904
587 318
400 24
656 928
616 937
280 258
834 716
128 806
656 289
914 313
307 782
468 52
108 320
864 758
682 28
780 987
608 638
288 742
508 17
912 834
379 784
424 317
749 690
391 751
448 317
829 692
467 176
916 453
837 548
480 17
251 390
800 856
355 834
848 415
419 220
956 496
675 47
970 456
717 952
440 77
880 992
880 41
108 960
384 437
470 66
633 384
696 242
346 636
30 173
902 92
486 598
659 424
947 760
196 635
890 416
972 871
582 704
800 21
858 257
643 464
114 223
108 512
923 236
395 245
773 484
690 905
36 784
72 468
683 353
698 125
435 562
252 530
59 232
567 80
758 12
632 856
442 718
740 114
402 49
29 832
152 762
696 640
581 90
690 1018
480 240
514 333
89 884
376 264
860 537
202 544
368 102
674 90
401 312
954 766
524 802
252 663
240 808
868 245
428 1011
200 156
919 496
247 558
416 298
56 192
41 329
478 224
826 380
450 62
39 868
964 469
384 832
690 159
416 454
279 773
308 996
590 284
928 195
118 296
776 128
811 197
352 708
766 932
597 789
572 658
350 1012
493 266
969 512
128 800
735 276
744 448
641 771
837 492
4 132
407 812
64 642
40 93
975 176
53 356
36 244
709 947
280 603
115 72
572 1009
446 256
633 360
594 30
890 112
772 962
494 430
528 419
184 644
112 924
420 138
175 360
790 52
931 854
369 939
704 625
368 81
88 980
287 654
132 486
998 904
938 87
438 934
57 622
903 994
273 836
264 124
708 697
456 818
634 602
636 948
124 684
74 808
330 464
314 643
506 532
444 8
676 324
976 428
848 315
618 396
598 499
368 1004
610 254
4 137
848 804
322 123
603 596
164 361
402 512
394 12
534 109
106 404
168 749
346 434
860 688
204 1020
838 865
470 315
436 884
52 256
256 95
145 610
160 104
883 656
620 594
890 54
552 336
146 952
640 502
346 113
720 660
774 32
1012 710
37 59
688 685
341 246
891 420
625 424
186 3
200 537
820 932
1008 40
96 632
966 156
430 533
880 843
512 8
224 100
218 593
623 572
728 916
833 238
88 774
420 839
588 564
648 672
494 871
385 756
808 1018
461 1013
854 229
366 800
1014 198
396 360
936 778
109 837
570 332
947 95
526 320
512 932
462 849
246 370
252 4
124 496
76 614
709 312
236 104
12 854
88 456
1002 960
744 166
400 296
966 580
272 359
351 672
854 518
598 984
416 352
36 643
278 664
276 628
588 395
156 987
106 832
456 488
878 428
52 48
20 716
116 90
35 180
92 701
912 0
394 260
216 122
347 568
66 572
608 50
280 128
127 704
994 320
840 496
576 678
120 86
253 891
386 449
706 334
634 244
896 472
640 504
520 174
1002 283
144 142
652 588
444 759
221 219
918 794
886 374
531 308
312 669
1012 823
143 69
476 232
676 729
66 0
156 844
810 16
21 245
536 292
22 548
264 218
235 894
372 358
933 170
953 232
312 960
940 490
390 660
478 252
216 352
590 146
838 228
984 326
42 382
320 828
478 668
1016 346
26 508
765 828
813 487
445 714
326 870
491 221
1010 988
438 768
492 117
400 436
211 817
192 675
298 161
68 368
338 455
876 768
192 526
688 294
96 62
372 381
304 548
872 88
630 314
20 1015
897 96
365 180
415 400
429 236
800 600
738 450
804 416
422 587
636 491
222 548
1008 474
974 526
702 639
824 287
812 330
101 352
752 667
550 70
242 320
996 868
182 804
659 169
729 262
154 633
928 378
468 160
40 576
450 946
842 600
268 341
792 372
313 153
984 438
48 254
220 994
96 789
208 738
858 496
732 244
424 224
312 0
744 842
30 856
455 653
448 744
700 236
280 116
113 108
232 980
148 440
342 628
891 508
960 920
760 704
761 306
314 318
704 820
968 904
218 832
122 397
154 940
582 922
500 656
517 226
68 896
211 136
368 591
909 1022
494 588
443 684
565 200
396 576
376 960
856 53
914 159
424 522
232 352
338 107
78 568
268 792
728 556
576 192
429 758
876 460
752 400
142 157
787 368
560 744
113 896
256 264
511 858
632 525
1000 275
50 780
48 814
523 540
507 651
512 774
379 837
752 1000
292 308
301 801
924 205
244 115
780 912
216 27
256 632
682 160
675 480
670 713
528 168
287 808
45 536
120 644
160 556
234 397
668 410
716 920
208 589
8 63
280 490
48 408
894 707
785 376
846 563
516 958
288 872
569 771
104 679
512 64
77 908
560 283
862 430
192 452
968 997
870 968
682 936
656 984
944 490
898 592
888 86
988 698
324 912
809 827
938 359
62 524
480 558
676 288
743 117
449 940
948 602
724 336
208 550
362 258
414 248
211 312
440 832
72 256
710 922
114 260
108 720
480 694
402 485
664 528
880 696
588 379
368 281
145 1002
438 820
1015 177
928 488
706 1012
799 323
872 256
403 256
352 702
544 839
432 260
808 936
794 972
124 227
136 597
516 574
450 572
668 870
613 12
328 22
633 494
475 659
960 468
133 288
73 484
640 68
135 756
422 304
115 368
320 217
857 764
494 512
484 736
350 86
154 541
856 144
850 110
59 112
604 316
818 768
889 823
828 712
304 257
281 394
566 170
748 902
712 155
322 432
675 8
139 30
264 2
56 510
544 120
332 744
320 1021
775 80
128 151
814 543
241 807
616 192
874 659
129 773
864 288
132 318
640 828
890 517
278 924
14 424
228 193
380 364
924 296
481 712
198 681
659 228
583 128
560 68
765 502
136 457
1002 12
958 804
608 46
800 878
384 376
512 979
382 1016
476 455
44 207
576 164
1002 194
299 179
65 800
511 853
980 267
0 88
635 459
188 370
656 452
565 96
950 680
640 775
640 408
653 297
227 476
188 857
144 220
627 122
776 1020
358 21
236 347
480 500
0 880
352 81
408 121
164 526
662 128
341 847
304 304
975 1022
1010 170
516 498
668 606
374 131
807 176
950 15
382 124
420 708
816 459
504 260
265 834
489 995
530 241
246 60
566 620
969 332
804 229
890 30
308 256
887 731
936 496
840 714
592 750
929 36
827 894
543 168
4 620
832 104
294 515
30 708
669 164
752 516
666 0
603 480
214 126
496 250
978 432
348 990
599 912
531 460
588 858
870 960
640 1022
448 80
375 541
205 862
494 515
666 729
1004 492
426 272
434 521
726 998
398 672
864 968
34 616
468 249
206 864
448 164
378 440
223 531
82 612
858 724
256 889
868 506
38 253
730 101
484 792
401 410
737 1004
846 26
996 896
896 209
960 810
320 248
942 952
912 333
232 282
614 824
192 928
891 717
407 776
751 968
974 977
762 958
210 263
105 17
107 1011
988 220
885 956
474 163
456 471
708 1014
927 144
508 754
64 314
110 360
702 96
147 202
555 456
76 472
460 590
970 686
448 828
372 684
766 963
519 504
672 480
736 816
292 504
780 5
240 280
430 732
836 676
165 838
681 421
542 264
465 152
884 237
560 400
65 198
670 20
174 575
128 845
358 926
480 57
350 814
1011 8
520 139
246 420
484 868
198 697
692 164
292 248
581 78
256 276
76 294
870 419
136 652
890 0
756 161
260 389
162 968
688 1012
326 76
864 474
574 248
952 788
76 1013
493 604
508 88
228 414
729 218
536 0
120 531
652 638
66 620
344 254
1004 940
84 504
800 435
676 64
690 723
216 888
472 183
686 299
673 936
290 188
31 199
229 368
485 139
572 300
517 83
572 758
64 10
225 660
853 236
50 928
707 63
864 919
700 43
734 22
858 184
96 902
336 615
700 189
842 220
712 471
248 832
744 259
854 992
544 410
974 559
192 920
464 840
214 456
32 896
861 197
474 309
232 343
416 441
256 270
488 98
640 986
752 264
588 53
464 748
407 640
409 190
767 255
240 686
365 931
0 934
238 209
912 800
0 420
852 326
473 646
400 920
626 168
890 824
639 785
310 480
852 229
230 208
632 744
236 806
88 464
24 164
687 220
232 41
374 173
350 166
532 812
494 299
874 364
114 907
194 700
562 608
3 512
175 258
225 490
386 154
36 670
936 733
998 872
416 34
853 416
234 920
896 754
156 274
612 773
300 200
808 736
904 18
272 539
502 147
217 848
856 624
874 884
598 614
886 338
110 226
236 450
176 299
702 386
888 10
648 692
868 948
983 906
779 615
841 142
440 96
773 301
97 434
644 236
637 968
276 648
396 233
822 236
642 448
23 8
752 212
672 63
864 284
456 912
765 36
63 304
715 162
637 905
1000 220
695 968
947 105
200 105
559 804
980 728
326 966
465 899
845 48
503 512
992 668
432 837
112 764
0 764
691 200
328 789
996 964
159 9
772 707
656 882
250 716
533 566
608 964
656 1013
190 602
228 104
18 708
710 863
59 518
114 828
105 440
372 922
654 464
828 225
288 158
142 652
832 704
448 496
702 56
161 334
584 256
223 391
652 352
158 113
305 40
144 878
812 678
344 904
24 280
956 48
892 217
18 248
943 798
402 164
776 896
592 480
624 856
244 286
198 628
184 708
140 690
930 372
993 186
18 16
372 71
288 328
388 345
249 333
146 739
36 1011
252 214
960 593
524 850
441 344
385 590
639 451
996 372
390 343
328 928
192 340
380 409
348 425
656 1008
982 659
544 675
424 80
764 438
270 280
17 760
129 996
750 710
561 693
576 902
550 998
476 496
512 34
940 665
942 537
81 47
800 492
976 779
185 976
144 984
928 342
733 943
314 768
873 816
658 116
647 590
708 812
684 28
620 182
1016 24
730 960
676 0
392 18
107 672
478 848
168 708
813 440
181 863
920 302
696 1022
252 412
580 13
504 448
448 800
869 936
714 334
389 998
442 222
436 442
400 511
0 547
0 323
98 766
625 376
790 444
52 990
613 439
916 749
213 1008
530 302
603 909
430 912
656 194
636 437
256 100
992 343
110 856
612 521
896 592
7 115
252 559
544 640
933 594
218 99
720 164
692 997
249 620
530 662
650 853
154 143
920 454
431 903
848 512
881 588
796 224
26 482
316 288
587 964
880 642
1006 228
1018 1022
578 396
544 74
392 302
743 725
300 77
177 182
544 510
65 378
50 46
377 219
70 756
480 517
886 860
216 778
696 832
56 758
81 510
346 804
280 608
25 688
122 768
316 12
600 272
122 466
864 402
68 222
313 642
218 944
400 184
244 105
430 496
832 700
84 324
708 782
1 432
217 312
768 32
324 928
478 772
713 506
244 576
88 1014
416 622
622 1004
600 1015
137 263
128 256
685 152
462 584
302 529
990 304
950 44
248 361
392 922
653 266
22 302
566 884
302 60
326 933
136 450
666 537
526 870
736 772
808 187
41 880
688 148
794 540
490 24
839 146
528 420
533 268
951 853
512 298
297 685
213 387
620 862
368 288
944 68
320 320
763 220
466 592
246 966
962 524
284 797
1000 432
138 937
513 276
622 128
330 68
114 740
176 401
468 476
992 814
123 768
882 856
408 886
358 36
624 324
28 336
192 864
468 576
884 320
672 1008
185 38
686 928
814 333
1020 730
928 137
225 739
283 484
387 933
976 656
376 228
496 368
922 686
81 528
312 193
676 6
540 672
608 87
366 666
161 96
490 760
971 64
146 394
360 264
40 702
704 411
595 584
416 432
664 954
12 861
624 112
366 133
869 792
188 789
552 666
516 233
501 128
328 545
412 712
111 964
277 720
844 316
733 896
479 14
290 184
118 520
200 672
104 244
453 325
654 574
408 678
1000 80
920 779
441 392
370 780
106 686
896 27
93 875
343 296
872 869
718 352
802 848
158 886
716 396
445 6
304 931
96 752
702 510
788 766
956 557
136 704
540 867
328 81
539 508
149 262
736 528
422 166
552 992
681 555
206 508
174 257
286 604
250 672
699 523
41 614
538 516
978 157
951 501
188 647
435 514
302 416
567 973
872 64
742 464
629 848
608 146
561 176
720 161
876 336
928 1012
557 202
32 789
961 48
80 360
80 209
763 959
186 655
448 794
784 672
636 211
735 0
351 998
825 160
922 512
592 208
184 768
339 648
709 472
889 40
216 21
873 998
532 210
603 318
524 567
460 853
107 480
308 668
704 756
212 336
620 586
954 866
508 760
698 761
288 909
982 534
857 907
615 948
406 759
162 348
0 714
658 13
964 916
436 28
667 1006
706 532
417 340
377 136
267 256
512 798
808 584
224 576
224 367
198 605
10 312
276 318
835 330
816 394
938 704
859 243
294 1000
87 478
624 62
31 483
92 588
223 664
146 695
608 842
300 790
475 994
807 274
160 201
912 176
445 543
548 286
500 16
241 216
408 77
146 964
870 392
937 288
70 843
620 96
339 146
52 416
653 132
866 846
524 890
118 47
2 736
182 424
319 589
744 224
826 148
96 826
885 488
914 141
968 202
168 348
769 690
305 166
69 482
748 669
778 437
314 746
416 576
308 466
224 1016
786 91
652 90
18 663
880 154
307 437
132 836
953 92
824 1004
632 786
416 63
512 200
551 504
1000 206
832 949
197 849
676 766
380 684
143 64
206 302
640 532
640 202
832 6
306 1003
992 437
364 58
974 837
229 88
54 832
412 448
987 720
704 0
693 843
977 360
148 564
609 360
960 864
872 391
21 361
501 880
589 340
108 81
384 396
225 279
662 892
599 677
222 544
896 426
948 278
570 560
846 534
756 672
516 564
950 447
387 1012
896 60
898 424
637 480
809 151
10 198
9 212
802 223
755 473
298 283
848 697
283 421
364 728
490 836
379 618
362 256
931 424
85 219
368 360
950 226
708 416
234 506
113 644
254 574
775 420
668 320
840 664
528 765
384 651
730 0
636 778
256 377
850 895
554 567
290 216
14 767
554 758
528 990
888 80
37 570
945 863
464 868
652 892
496 796
876 16
142 227
417 319
691 838
64 710
400 290
304 376
0 739
600 444
784 894
705 530
608 864
100 460
228 529
667 652
161 875
960 160
932 350
132 256
840 264
690 764
96 160
96 816
937 447
121 594
496 147
202 318
235 194
436 448
704 312
776 9
421 128
275 220
572 922
288 744
247 532
40 114
64 716
304 1016
876 376
144 403
260 822
474 816
376 544
456 96
905 246
716 170
515 624
456 777
1008 440
690 387
950 53
922 972
149 232
468 963
858 297
850 296
758 132
478 952
502 468
248 202
92 528
238 916
392 239
709 364
320 122
824 310
528 80
811 418
872 448
317 308
502 132
792 556
4 512
84 291
627 649
256 984
32 954
382 538
878 816
832 592
172 224
200 530
422 228
624 556
48 803
425 976
512 780
960 73
775 678
940 828
808 287
80 0
826 634
87 797
743 868
200 945
92 415
691 444
21 244
404 721
316 574
454 835
472 726
718 803
690 1015
75 107
973 900
48 547
388 468
785 263
896 729
768 270
972 898
562 394
570 580
100 36
314 120
87 570
167 238
42 652
544 558
571 857
810 816
538 478
896 854
991 216
807 72
629 208
404 115
411 956
572 811
753 904
946 54
253 416
512 708
886 228
0 704
790 992
367 256
149 885
422 48
424 566
576 596
354 307
892 301
320 345
1000 760
911 990
192 361
464 917
919 296
896 224
878 16
87 582
248 429
373 908
571 877
6 408
864 944
576 794
765 917
240 12
490 340
988 70
664 698
850 738
250 511
672 973
849 884
400 84
444 678
302 212
819 957
636 728
670 482
768 456
485 504
56 487
949 696
856 753
596 923
639 40
339 938
276 0
76 780
408 968
48 88
16 105
408 320
921 316
708 218
312 257
49 257
759 868
393 622
251 704
549 984
16 23
240 656
879 886
396 672
460 984
612 940
302 156
420 129
572 761
871 504
464 188
428 192
700 948
848 566
760 771
352 644
553 144
594 568
52 864
506 194
632 56
17 189
416 1008
25 748
964 272
604 983
992 992
172 84
904 352
929 761
976 986
715 507
329 976
628 375
448 320
328 85
107 464
970 378
776 558
511 426
856 850
950 32
963 696
324 5
708 710
970 47
901 750
944 728
948 446
232 34
1013 67
896 810
216 251
396 800
274 336
70 109
863 305
286 1021
964 378
389 969
74 672
720 540
201 150
483 956
562 764
19 304
271 508
460 452
604 352
209 128
355 454
278 696
880 36
960 220
70 600
179 761
960 371
364 680
810 972
734 19
302 388
244 569
672 98
396 492
416 617
318 964
36 878
22 229
720 207
430 229
1016 166
890 616
440 335
457 276
36 424
384 241
328 603
864 148
92 424
767 678
700 549
914 518
647 73
803 736
464 884
578 716
56 40
924 1008
130 628
70 532
745 758
744 200
596 816
260 126
224 786
151 276
1000 384
357 90
158 86
206 109
326 123
37 952
280 834
888 444
456 593
302 408
294 638
212 158
605 62
768 12
74 750
164 520
259 203
832 369
606 186
845 872
512 547
598 496
344 846
731 284
834 520
672 882
198 192
150 264
607 277
401 731
435 936
352 320
300 274
448 867
23 754
724 816
660 828
25 839
238 819
889 422
160 321
40 496
558 0
164 368
296 760
932 523
928 512
316 324
903 942
625 810
808 57
940 127
708 107
730 24
620 638
15 334
944 119
13 224
827 449
984 70
541 940
1012 224
932 578
543 418
236 352
626 854
38 135
984 126
196 600
256 824
138 471
432 400
683 708
544 302
318 728
942 187
243 455
564 900
541 250
882 154
421 744
770 418
560 230
194 806
204 820
729 664
512 27
206 396
412 202
352 816
337 158
10 730
184 468
828 93
340 580
944 320
466 862
220 864
592 384
483 14
408 674
72 566
100 455
338 624
16 617
768 482
496 742
404 202
952 630
116 28
684 398
998 908
487 344
834 738
464 640
854 776
138 185
45 906
471 912
768 848
660 464
284 450
545 649
962 280
224 208
433 188
1008 970
984 259
356 882
672 592
703 708
668 502
318 106
85 600
96 952
488 776
268 1020
232 324
599 408
634 415
44 218
589 808
650 768
600 996
312 428
235 272
32 771
786 542
600 756
1000 947
723 341
712 418
421 432
788 683
752 158
64 80
156 912
337 720
656 188
792 963
578 177
452 504
50 540
994 252
572 455
756 721
816 630
868 1006
551 306
617 964
512 492
317 65
1004 116
293 306
24 48
928 691
582 648
600 860
466 513
350 736
227 412
374 796
309 528
739 475
873 566
144 511
768 314
939 958
972 872
119 320
952 447
2 158
176 472
384 767
960 656
904 153
278 918
88 10
328 500
744 954
89 762
74 828
136 827
709 676
458 161
966 586
698 272
504 975
352 876
688 336
287 70
456 468
612 312
170 344
570 815
585 684
94 469
306 518
190 852
816 228
200 594
154 358
964 712
832 0
414 952
190 568
872 245
894 946
896 294
948 475
288 159
453 493
420 332
432 324
901 33
601 732
336 260
464 248
631 631
846 0
124 992
128 964
519 61
736 592
281 872
680 746
46 997
891 272
393 18
64 64
316 136
30 384
208 751
535 512
850 502
258 94
81 200
72 819
358 993
937 880
68 690
625 710
571 325
218 240
704 352
560 235
480 848
524 688
88 800
256 250
856 692
794 238
525 33
154 224
768 98
928 911
497 109
570 92
664 360
78 132
88 993
826 289
944 152
322 650
842 259
64 159
82 688
520 64
1002 811
450 836
160 552
723 735
96 744
144 185
460 207
820 800
192 904
925 451
832 241
960 510
927 75
34 512
570 56
916 328
64 128
1020 804
336 603
771 932
158 948
438 602
472 349
127 92
18 528
289 70
522 96
444 652
362 570
565 642
640 430
155 813
591 232
434 539
288 426
258 236
748 750
1008 800
992 271
380 620
521 977
544 192
818 238
162 845
700 0
640 224
726 324
821 114
292 828
326 502
144 888
302 6
706 631
224 228
366 253
268 767
559 308
512 430
712 864
633 106
418 679
288 678
804 935
378 172
152 48
370 104
993 396
422 949
489 616
935 128
862 513
760 633
645 716
622 256
808 872
764 576
983 412
234 175
124 562
636 316
948 568
622 184
506 490
416 285
386 936
756 960
376 140
602 512
652 311
606 772
439 489
433 414
947 433
722 530
384 631
2 145
548 688
744 913
94 928
944 182
31 952
958 624
906 816
587 755
350 715
528 432
76 724
368 500
243 82
88 1000
782 866
832 420
852 927
908 510
682 414
487 200
632 672
692 424
414 210
98 580
960 582
606 896
444 92
508 158
718 108
502 924
140 60
968 597
480 192
948 205
142 744
433 436
946 965
14 926
515 154
460 192
624 614
988 508
588 777
266 964
532 172
208 950
994 861
502 851
659 68
157 679
560 840
244 824
498 1012
634 251
5 784
354 772
515 492
478 236
638 164
176 57
507 857
916 195
254 444
747 644
104 352
151 712
64 186
688 42
758 742
404 992
592 1020
346 335
899 458
52 680
172 467
288 58
146 257
951 713
716 848
57 832
554 912
534 1
704 522
428 748
544 799
833 540
534 852
445 26
280 607
976 809
1016 700
271 255
856 766
110 346
796 772
244 744
946 456
126 472
776 610
120 67
337 308
912 959
205 496
48 856
855 515
270 786
841 605
556 0
619 926
880 846
612 80
570 18
580 624
106 661
944 592
456 1015
848 453
359 530
548 350
992 714
307 270
602 284
804 896
858 366
966 1016
788 256
616 540
502 484
536 860
928 528
560 684
473 205
822 709
97 545
757 990
524 1013
81 805
452 36
336 98
171 477
648 416
816 273
22 560
996 519
727 882
607 813
163 747
0 212
603 556
464 166
932 546
454 544
862 278
104 627
214 300
1011 864
240 88
640 336
796 352
152 108
256 524
497 456
906 142
904 784
306 631
574 320
64 364
200 871
479 236
467 765
772 318
656 40
783 681
445 982
322 884
992 476
460 778
433 462
896 477
112 793
340 166
608 843
628 613
99 929
126 76
80 403
288 0
17 1016
263 106
120 407
544 30
914 256
56 430
77 626
106 220
186 895
746 94
682 980
884 788
886 596
394 639
555 166
454 512
552 814
612 912
124 530
569 904
944 364
596 76
28 744
666 34
756 964
152 9
235 330
640 0
736 968
748 640
496 846
1004 448
712 727
224 778
840 988
746 914
807 163
213 839
482 145
88 195
445 376
908 482
248 502
804 438
1004 958
576 954
697 144
734 260
350 868
68 615
35 188
762 616
848 228
888 528
240 127
912 977
896 304
40 25
240 842
424 792
768 90
816 324
670 478
947 403
877 937
592 496
994 86
258 1019
733 256
262 772
254 366
436 792
914 445
558 260
984 470
100 35
203 677
989 320
648 640
840 928
220 881
982 786
68 804
144 464
1018 20
558 896
915 612
479 619
854 242
18 468
961 75
544 290
284 832
508 406
62 555
592 744
627 708
596 336
697 1005
808 512
903 966
286 256
305 276
432 742
294 336
272 442
230 224
24 441
51 459
742 373
704 120
4 242
464 240
712 568
858 528
353 166
704 24
143 772
388 362
102 188
556 234
948 340
300 191
320 607
422 96
303 672
192 392
164 664
126 163
616 581
762 704
579 288
786 376
939 552
928 266
472 385
678 848
754 917
763 318
117 960
429 114
46 832
684 687
256 686
940 728
427 606
223 842
17 512
386 556
360 983
440 134
812 934
318 451
50 32
670 320
144 606
112 444
462 896
549 210
336 712
457 760
402 606
976 724
323 267
972 832
960 70
968 126
819 596
451 988
555 176
506 180
155 640
76 544
1014 239
28 612
75 40
592 640
152 888
1012 470
498 872
90 265
776 774
256 971
863 115
982 890
262 47
188 512
562 56
847 963
232 1002
551 496
708 112
244 220
879 448
880 824
666 210
12 896
944 296
176 232
176 648
98 968
1020 723
754 860
352 935
486 866
306 18
664 832
844 223
176 516
971 290
138 114
0 730
664 848
634 504
857 440
318 432
6 672
488 696
252 414
244 800
253 262
704 953
820 550
610 668
862 449
844 828
746 590
1014 323
2 858
18 106
202 892
156 699
784 602
18 756
704 576
232 212
710 351
308 829
112 154
542 732
701 579
976 396
446 264
769 756
960 957
408 704
772 260
340 714
258 322
509 356
376 386
252 980
905 103
728 528
910 480
260 380
256 334
537 224
36 48
742 408
663 279
28 928
520 256
298 616
140 348
124 535
490 965
205 110
612 64
490 128
616 388
220 704
448 485
696 436
266 226
696 864
93 103
332 420
320 134
348 580
28 569
792 312
178 686
832 102
175 173
189 471
886 1015
230 131
328 0
80 396
112 484
262 672
122 662
314 616
787 573
736 492
660 321
802 905
425 792
144 325
750 544
444 300
967 605
151 860
528 410
740 912
749 502
632 240
584 488
357 0
694 656
584 192
759 559
1022 730
360 136
638 756
707 848
888 330
36 363
194 166
104 92
204 284
893 726
330 254
276 264
789 119
779 760
410 468
812 229
36 935
516 667
229 996
978 429
940 198
164 545
517 64
1013 45
940 417
320 872
176 234
521 921
152 576
668 244
72 415
312 84
344 896
724 294
175 862
693 86
968 16
642 126
955 472
173 64
284 1016
824 934
328 817
976 288
958 474
452 748
356 1002
362 449
310 540
806 411
392 500
184 764
680 436
512 511
16 266
745 854
520 711
315 774
247 186
324 847
456 288
341 783
952 268
986 456
122 672
766 848
27 248
544 443
342 591
72 500
359 868
560 661
487 237
971 348
883 38
920 832
440 441
580 409
992 768
142 772
508 1
882 236
740 666
579 196
210 276
392 1004
831 144
110 384
46 312
784 564
216 963
930 504
709 140
935 32
216 488
808 408
638 444
334 280
748 386
772 906
318 444
354 706
90 976
728 312
578 352
784 512
947 90
619 917
759 322
368 1
145 430
880 202
363 565
197 800
6 924
360 451
208 652
522 274
118 222
576 80
947 352
376 696
399 939
356 468
70 924
996 783
68 954
539 632
159 304
64 512
598 345
320 919
47 508
543 352
531 728
352 256
712 452
760 810
290 61
904 577
501 26
716 100
389 960
1008 645
480 653
204 753
340 164
456 62
768 68
450 984
974 698
63 114
424 707
132 144
388 567
812 640
840 1010
766 265
478 566
816 32
1020 40
872 276
857 889
457 197
793 464
569 262
896 128
316 951
320 0
480 981
754 892
365 551
362 962
408 423
824 80
669 57
612 788
1007 352
378 470
724 884
316 512
696 1010
464 730
400 936
776 145
929 82
549 311
102 212
242 630
16 904
901 85
404 424
800 560
641 672
188 162
969 912
444 822
254 527
208 928
774 108
684 378
278 812
697 327
590 716
477 372
197 399
448 914
96 696
383 68
978 908
628 648
281 1006
937 896
446 404
713 0
1012 980
207 995
840 410
12 562
409 242
194 928
488 180
920 436
256 238
908 730
480 0
196 497
560 148
665 552
954 380
504 800
427 612
462 428
950 464
372 352
104 648
712 276
828 488
640 656
814 620
472 736
444 890
176 118
239 483
96 407
787 464
542 240
448 864
380 1002
10 239
876 190
418 676
249 391
62 671
621 501
444 433
1016 16
309 367
740 224
156 658
249 986
336 64
1006 297
899 812
734 740
161 242
116 415
959 192
370 188
332 569
576 48
156 20
280 770
740 439
776 894
384 780
535 428
52 82
410 452
671 641
438 411
20 368
570 41
28 821
1019 160
378 264
480 409
520 451
696 388
565 602
986 813
96 117
31 106
920 413
808 310
872 188
496 347
421 386
789 872
198 67
67 1016
559 896
343 368
560 281
1007 400
404 124
958 869
622 684
976 489
944 485
604 550
287 928
168 857
808 274
571 600
636 84
140 544
526 0
182 448
64 344
796 568
740 72
173 648
27 298
114 152
656 542
770 10
687 864
295 120
634 632
402 708
630 480
139 800
268 286
8 932
901 526
288 624
168 517
624 520
858 774
315 433
608 452
76 790
503 972
85 785
448 816
476 630
0 504
669 562
678 606
0 176
931 544
1016 210
82 191
430 592
384 393
251 652
919 260
888 416
577 572
376 823
326 884
782 454
770 540
162 789
507 979
28 74
202 1
384 66
396 152
164 1017
688 949
708 47
588 596
576 694
157 718
784 84
688 598
928 899
584 608
422 186
232 672
524 297
307 300
230 300
770 797
952 658
544 498
452 376
340 1014
528 879
992 178
469 228
473 652
885 128
689 829
489 55
924 626
306 745
997 218
268 282
151 60
18 503
194 972
632 566
331 654
574 496
817 400
758 892
167 624
967 104
807 764
862 258
336 890
81 44
990 918
950 352
972 624
680 518
122 168
300 740
580 484
928 463
188 452
638 252
292 313
448 592
937 378
697 616
163 931
328 952
390 420
156 960
500 67
78 921
512 1019
352 475
961 368
132 558
152 464
426 980
805 1016
406 734
216 141
488 296
704 438
266 846
743 205
491 166
780 932
992 240
743 292
988 966
588 776
77 105
800 244
594 196
350 532
343 0
896 418
237 875
374 80
844 512
694 384
63 458
608 191
856 42
864 711
322 814
855 929
394 360
760 803
713 430
128 586
924 932
461 204
968 940
109 640
932 844
542 646
349 620
150 866
336 695
59 436
240 903
152 416
920 227
945 140
978 381
458 156
752 49
1015 47
917 486
609 778
505 88
286 77
1016 740
94 70
898 676
1023 60
676 728
352 732
747 210
272 870
195 943
872 306
176 340
808 432
0 733
620 332
855 112
1022 43
740 382
384 318
404 978
312 843
40 782
952 627
598 800
370 660
436 931
900 440
172 714
780 436
110 572
770 930
294 393
784 432
384 10
851 340
448 799
250 712
62 848
306 41
263 966
738 345
100 13
473 202
640 640
298 640
232 308
620 208
811 800
98 846
768 989
766 584
217 577
806 776
254 112
972 420
731 615
617 976
809 468
764 667
40 848
943 532
417 33
486 198
908 272
759 208
990 360
212 912
435 1010
505 210
104 640
206 56
36 310
599 188
1016 848
800 628
1015 849
521 38
700 866
164 80
70 504
884 646
488 956
512 380
570 312
124 380
348 488
256 788
750 868
117 1020
816 400
12 280
824 250
332 400
522 167
308 410
447 416
244 213
512 1012
384 243
1016 660
864 308
652 701
108 445
767 394
1021 702
696 104
548 236
256 736
61 539
764 800
967 518
800 991
315 836
299 630
8 492
306 235
496 868
394 529
520 184
280 198
760 188
294 508
256 335
704 696
117 604
428 296
221 631
994 928
924 812
714 76
264 474
780 601
390 627
769 24
984 419
855 610
973 320
672 792
433 666
308 984
276 472
32 296
516 725
104 609
137 833
684 769
388 570
958 658
582 607
530 480
396 636
712 166
139 449
86 352
812 258
513 709
124 990
888 640
200 337
146 164
6 416
332 425
715 41
512 356
808 240
637 661
312 894
1004 510
357 800
346 318
416 557
96 820
99 66
374 1019
692 256
418 546
653 397
224 405
160 912
684 940
407 784
587 415
70 428
310 712
159 1012
103 921
670 971
376 128
185 694
664 40
164 404
76 296
912 440
656 784
756 549
718 420
815 165
873 698
776 577
188 913
832 328
578 320
730 724
512 400
14 247
325 650
432 226
80 544
674 615
412 592
897 656
790 164
948 959
572 820
1008 430
368 482
361 997
69 695
244 912
970 4
320 673
358 672
696 948
804 400
496 584
779 512
192 960
475 144
217 41
184 16
224 754
450 356
398 128
820 960
96 519
3 150
472 970
464 70
33 546
595 644
100 710
374 484
834 336
800 72
400 322
568 772
999 392
722 448
612 510
280 564
889 901
350 817
6 308
280 224
1016 816
591 183
592 248
716 352
812 940
652 783
454 992
690 256
112 351
780 901
482 930
190 87
616 736
381 490
239 83
744 832
562 656
987 838
808 711
832 848
298 48
708 478
207 845
259 172
528 331
418 537
546 720
424 806
228 900
140 14
725 416
190 780
589 768
527 798
834 348
462 392
960 308
323 320
840 214
210 40
464 765
952 374
56 354
904 296
792 920
164 51
976 53
893 142
949 398
138 286
689 295
770 737
940 226
424 848
602 556
640 946
757 218
480 896
707 939
20 836
318 739
350 275
320 1008
331 949
419 792
49 979
512 148
434 131
568 958
69 158
88 510
399 790
504 192
716 727
80 840
295 335
48 98
183 74
474 984
309 199
761 638
454 112
316 616
751 280
1011 6
40 106
851 718
768 737
752 946
256 101
252 32
717 526
920 800
278 137
174 925
101 65
21 428
926 219
965 972
338 122
916 706
354 907
268 60
679 900
272 223
296 644
763 120
798 320
586 636
228 420
768 30
257 849
368 364
496 482
472 167
856 768
999 426
771 816
789 624
739 825
308 497
88 760
56 819
152 572
350 546
460 433
980 767
480 102
645 790
268 92
188 484
298 888
224 938
328 870
718 79
701 240
312 784
254 165
1 0
945 589
182 320
595 940
960 30
492 348
632 1010
956 414
1007 652
851 402
246 526
901 259
165 832
722 247
246 453
320 139
712 143
110 1021
92 788
156 1008
228 404
335 892
25 37
724 512
267 262
928 384
580 223
922 308
742 482
922 944
995 70
38 303
628 168
80 580
206 943
568 705
776 182
462 52
881 817
586 365
191 804
998 194
717 1000
323 60
1020 596
560 486
920 493
674 504
455 804
359 63
512 719
872 351
183 268
920 381
416 842
144 248
511 673
884 512
197 122
153 638
816 927
160 390
164 472
0 395
882 516
340 168
221 561
254 192
971 433
65 612
37 298
593 19
399 582
512 793
666 502
826 336
531 142
896 698
239 427
768 840
0 608
904 839
294 916
0 286
299 799
174 891
708 720
288 98
634 165
200 878
347 43
32 168
1008 987
319 944
504 649
904 466
858 915
454 176
170 88
792 965
354 344
695 884
583 717
651 626
833 926
879 190
898 705
834 612
652 384
866 691
903 950
784 118
445 660
483 32
665 854
854 544
581 736
199 105
840 576
696 465
206 512
16 156
285 441
182 201
524 524
236 723
289 657
267 372
14 191
358 262
844 953
464 582
639 856
266 451
516 480
759 26
273 736
298 258
372 562
256 828
187 613
912 1009
993 16
888 564
239 0
18 725
378 129
54 917
988 297
790 908
712 448
398 8
748 3
448 421
520 368
186 915
953 193
516 205
904 473
644 986
282 236
114 120
190 592
692 959
825 686
683 882
272 84
288 584
320 800
784 850
720 925
758 832
848 841
730 114
916 284
978 236
444 219
982 708
672 616
512 882
931 660
24 890
704 365
585 496
160 742
412 520
83 388
100 520
467 239
215 332
930 144
430 876
701 632
285 448
448 893
576 284
644 134
452 677
369 520
406 804
514 85
952 488
256 384
438 640
362 102
243 910
1 684
763 756
496 194
236 952
64 134
161 606
248 366
4 224
116 616
740 398
612 995
272 848
252 376
648 977
486 590
946 890
816 83
445 166
498 774
372 560
870 838
326 3
878 958
74 156
162 419
786 209
124 892
800 690
675 380
286 407
486 798
432 309
136 1000
256 740
807 915
855 952
416 10
672 425
641 502
168 876
113 786
768 614
295 350
926 356
596 320
960 127
841 757
184 225
630 33
875 602
132 961
164 234
908 638
728 838
747 840
326 153
112 16
62 609
576 624
308 864
688 842
352 612
798 576
896 632
36 476
508 44
406 408
615 261
216 417
78 49
999 467
447 144
156 678
192 468
220 414
804 169
126 216
398 106
131 192
752 376
960 760
246 700
788 0
516 112
390 424
816 17
67 719
642 415
848 128
764 2
563 352
392 752
176 0
288 379
774 838
880 136
720 304
856 602
294 918
968 903
413 59
580 738
286 141
615 576
856 84
168 17
80 478
100 923
580 373
648 455
590 868
748 275
196 672
558 664
24 208
162 590
974 880
441 352
319 241
896 672
358 880
855 805
984 908
39 100
680 453
608 598
315 212
180 134
186 675
836 810
160 414
597 381
166 74
340 450
215 260
28 250
164 132
46 863
228 94
112 282
885 438
453 807
468 728
768 269
596 554
780 222
814 280
907 416
173 984
520 697
292 628
578 726
256 734
500 528
332 610
942 794
617 173
306 767
840 589
104 398
286 608
224 40
318 974
972 554
764 1017
974 894
33 172
10 428
918 824
790 386
238 705
856 355
433 752
430 832
27 0
4 824
737 930
990 160
839 997
716 608
82 587
1004 354
12 381
860 348
206 544
218 648
519 536
310 265
348 562
177 150
133 4
181 876
304 716
368 760
620 973
384 852
38 704
636 14
670 200
964 367
732 875
50 947
700 366
40 763
112 620
608 110
244 579
44 444
549 580
557 726
3 824
381 670
359 944
878 824
231 288
256 657
980 232
594 800
925 128
768 145
309 352
87 192
744 867
108 60
992 193
992 850
784 984
941 818
142 935
184 445
584 912
521 267
912 12
485 791
613 356
1016 386
954 862
656 1016
438 702
160 58
160 482
998 742
575 147
170 693
168 877
688 766
266 953
471 728
422 620
56 606
569 196
276 56
38 716
492 361
701 590
40 787
541 972
452 24
612 548
688 310
664 765
992 41
1010 773
230 258
821 1016
256 36
766 608
242 80
159 159
96 567
336 833
644 510
138 675
330 156
916 29
304 959
846 90
810 484
416 615
784 609
128 816
4 36
512 903
203 945
292 985
296 896
322 507
560 876
146 196
8 780
784 726
926 92
408 934
234 474
818 394
268 905
747 312
54 175
967 90
565 210
600 1008
402 327
881 988
391 310
55 672
849 96
452 382
154 368
608 384
312 440
730 516
710 993
316 1010
804 666
865 61
396 934
723 745
525 593
955 397
144 442
720 612
548 178
672 232
340 149
459 368
232 18
456 694
220 188
638 64
424 137
126 952
662 833
344 40
730 6
816 100
720 251
1006 560
932 520
192 890
324 360
962 516
304 137
949 520
782 730
86 196
292 740
620 1000
466 464
912 872
175 904
860 82
0 616
64 616
978 210
548 840
418 632
112 0
184 571
256 733
773 783
744 568
526 569
708 748
7 1020
71 456
982 734
50 920
877 673
4 688
596 428
940 1003
946 1001
603 588
387 128
166 194
312 888
124 811
32 620
888 765
758 776
664 99
401 112
496 234
610 12
490 768
645 420
421 504
877 856
130 325
774 78
862 664
960 600
948 354
182 88
703 582
1000 800
852 941
132 970
882 473
896 537
986 320
47 606
196 900
1018 624
476 777
378 388
406 440
52 584
240 922
622 460
248 356
64 624
15 18
376 325
112 88
423 76
500 98
150 828
384 624
724 946
110 64
988 404
364 344
261 849
816 110
225 636
524 752
440 808
984 544
984 811
89 624
816 884
656 213
640 186
800 46
657 175
245 130
280 26
296 546
566 527
16 732
312 140
34 822
200 543
372 540
188 124
429 512
243 719
6 920
384 258
409 151
152 384
418 188
68 262
588 658
226 0
804 806
907 36
666 712
819 790
190 366
868 866
368 592
442 580
822 14
1010 433
303 563
642 250
840 964
46 191
863 575
392 0
110 320
634 529
80 684
384 214
613 236
72 951
768 408
600 41
98 28
494 257
318 744
382 918
628 225
138 272
764 1
396 240
271 744
784 730
856 224
682 480
370 134
764 470
613 352
911 880
210 1006
115 410
615 314
345 854
44 40
196 572
358 618
348 280
73 1016
968 731
160 294
360 289
109 234
478 34
216 416
670 50
884 295
586 690
1004 340
922 840
346 610
968 20
912 104
542 230
811 424
910 263
37 64
88 600
852 976
900 408
265 372
128 720
448 1008
337 369
693 240
876 929
626 618
327 292
876 534
249 564
693 371
624 580
872 160
876 182
156 1022
406 0
844 360
882 36
490 382
217 86
146 959
911 278
628 368
580 960
892 10
902 957
830 1008
462 704
820 459
176 658
326 895
459 534
132 29
312 452
8 457
658 250
448 28
280 251
784 8
110 328
366 0
596 683
492 366
853 534
680 95
852 626
125 224
392 846
406 318
684 225
471 846
624 926
947 717
768 110
500 459
708 224
620 782
132 1005
256 256
750 930
70 324
396 188
742 5
514 495
799 708
529 773
757 484
672 650
379 967
144 354
340 836
816 189
706 35
249 472
302 536
208 377
1006 700
596 493
22 968
830 450
941 876
304 681
314 417
838 748
424 795
318 552
338 461
857 392
14 361
688 960
634 211
493 412
920 720
704 242
945 256
404 1021
282 42
382 800
614 184
956 840
294 682
1018 96
482 611
794 698
85 572
578 822
297 704
948 622
