100
40 68
195 80
220 0
198 186
190 124
189 112
168 80
36 28
218 232
44 104
188 68
32 208
31 12
251 26
152 96
64 192
126 196
136 160
118 241
198 167
247 192
198 159
24 239
24 91
24 25
247 154
180 96
154 113
29 26
80 7
228 60
51 220
178 224
11 22
157 70
104 26
79 133
96 22
56 254
170 94
214 80
73 28
120 68
116 226
252 64
112 44
131 202
84 120
178 87
144 52
37 174
176 212
32 128
107 116
228 122
90 0
234 74
123 20
72 206
3 8
172 27
66 0
60 197
92 129
56 153
80 224
33 90
93 168
228 234
183 44
142 222
160 169
255 82
58 184
100 30
240 112
168 10
201 227
240 248
13 140
64 118
216 241
30 228
0 240
12 64
175 134
10 177
105 125
207 148
104 30
142 54
10 150
24 192
197 103
114 128
195 1
238 184
107 147
64 80
236 18
