200
173 135
144 118
152 220
210 10
234 12
144 233
120 36
0 182
102 220
150 0
100 254
194 190
29 134
236 46
0 144
49 255
130 128
44 0
27 129
112 254
128 204
136 64
132 80
66 98
8 151
193 244
12 34
183 132
209 142
64 202
48 11
126 196
36 198
138 255
62 189
255 84
92 4
118 46
128 212
240 220
107 153
24 116
164 189
104 2
128 236
17 227
170 232
43 170
40 160
138 10
176 131
169 122
119 119
252 184
14 177
176 128
144 184
138 99
172 4
3 128
180 95
8 197
200 111
144 119
147 62
86 246
5 110
168 175
64 240
120 95
0 0
215 30
64 13
100 58
153 195
96 188
122 14
86 214
73 236
92 0
76 155
132 72
136 200
188 192
34 211
254 28
109 192
10 0
24 227
170 168
140 250
28 65
112 104
162 48
65 84
163 58
153 33
148 16
4 242
118 242
90 200
53 196
198 208
0 125
4 0
246 80
108 236
32 151
24 122
0 250
181 62
72 110
22 46
167 184
251 96
56 128
96 3
232 230
13 140
216 243
212 6
120 221
109 118
160 137
40 220
80 225
35 221
132 112
0 48
144 74
252 224
97 153
185 181
244 42
139 183
76 38
232 148
192 99
105 194
96 7
119 48
7 237
168 240
246 144
234 179
237 64
176 238
236 124
61 32
168 54
18 12
76 24
187 228
116 178
180 240
96 255
167 120
219 156
194 36
85 84
144 100
182 6
132 211
176 68
116 73
28 93
52 59
145 86
166 209
153 58
144 22
106 180
105 126
86 72
180 21
88 63
194 160
189 120
202 26
25 146
96 150
205 93
250 227
58 250
187 32
178 159
234 94
0 160
148 200
240 122
8 128
22 174
34 142
94 0
70 95
26 224
58 90
63 8
36 80
38 69
