500
216 284
220 206
442 224
460 48
466 392
435 460
80 291
99 362
324 26
414 272
338 384
388 43
165 1
30 502
112 226
27 296
109 65
288 157
92 0
156 488
126 401
72 163
156 179
192 272
280 119
74 304
296 149
22 118
278 124
388 358
351 488
112 496
166 297
204 209
190 383
172 210
442 66
288 64
355 24
256 14
187 34
396 482
86 228
66 334
476 380
163 408
340 7
452 342
326 56
54 280
146 210
285 35
396 296
476 170
368 80
419 365
174 0
460 394
24 288
395 210
32 197
442 328
280 73
210 216
336 161
147 416
320 336
264 395
35 0
105 38
215 504
388 120
443 376
448 406
444 3
168 30
50 182
437 181
191 396
284 400
49 264
244 452
506 424
484 488
73 240
191 312
6 312
188 124
481 365
106 420
177 222
134 336
47 404
168 316
16 338
328 17
100 240
184 128
160 43
252 153
454 360
450 221
388 160
275 94
108 480
464 330
276 432
192 456
96 48
298 123
461 450
275 384
96 102
210 272
456 112
80 140
224 288
334 87
207 40
236 118
60 236
410 508
336 122
344 48
136 28
60 336
2 440
351 404
172 16
463 414
175 353
354 99
93 258
36 460
68 123
5 173
462 273
375 112
189 326
386 368
280 475
158 256
428 171
164 176
193 6
409 494
244 140
371 29
140 298
284 234
408 240
92 190
375 224
210 64
218 164
383 446
260 69
448 352
244 75
9 460
44 365
1 48
132 217
8 384
255 301
126 220
302 201
360 377
64 170
368 204
336 433
279 134
186 60
38 203
177 346
70 207
448 464
62 452
190 60
385 170
502 135
381 156
272 491
182 424
472 356
268 69
127 124
303 231
32 328
65 293
218 96
211 236
117 503
436 61
65 444
104 466
448 60
16 496
16 443
199 20
48 152
166 1
14 416
505 76
23 331
473 469
106 63
400 142
158 240
288 122
407 246
56 162
0 338
451 76
367 262
119 482
79 199
262 402
0 62
283 148
228 357
346 206
0 491
278 268
216 372
38 316
178 288
332 496
321 45
248 268
468 438
250 230
248 40
304 163
92 37
492 35
428 312
352 358
384 190
351 204
383 26
309 296
20 19
272 32
478 416
42 22
196 108
314 64
414 505
308 453
207 100
51 468
285 140
392 68
86 160
248 503
434 68
251 170
298 332
212 448
420 210
184 209
508 224
472 139
37 1
164 443
395 192
306 384
76 185
372 123
140 450
448 456
501 402
468 386
218 110
158 503
248 477
292 441
292 32
268 120
377 496
438 16
258 299
146 16
358 496
431 219
300 344
100 32
446 352
262 48
20 329
330 152
60 483
427 94
96 36
441 308
199 481
420 208
38 135
425 126
501 296
416 403
271 462
4 381
128 324
167 324
352 256
222 29
421 60
337 48
252 428
445 348
295 20
278 482
11 436
219 473
130 112
184 0
294 486
64 382
444 92
318 272
462 320
112 464
131 418
283 383
154 276
480 108
144 463
27 50
463 419
111 68
496 441
444 26
260 448
484 403
432 32
17 415
472 400
4 400
484 296
160 208
236 0
384 286
352 188
494 299
210 404
362 352
380 380
9 240
287 416
152 382
408 132
28 236
488 128
352 51
108 256
384 398
117 290
306 232
126 32
318 172
408 218
16 102
57 449
340 112
496 328
368 345
244 312
134 256
497 132
396 265
446 176
274 336
242 480
101 466
193 262
132 348
398 196
442 344
118 144
345 420
188 102
257 499
500 270
432 210
11 268
14 384
0 510
476 285
498 240
77 301
505 4
36 121
272 31
508 240
390 127
71 466
272 261
36 99
498 384
325 511
488 24
112 250
234 112
366 49
379 46
424 323
84 76
275 0
142 282
131 320
232 72
238 50
232 256
250 146
275 198
64 511
341 112
160 12
128 343
237 212
229 320
136 112
496 90
482 360
474 76
94 135
406 366
346 35
304 23
255 329
292 252
344 139
48 377
323 35
52 380
76 433
301 504
470 104
18 51
304 200
434 72
501 157
64 357
118 389
360 328
362 338
8 32
75 480
504 427
198 240
160 434
8 338
68 165
448 500
249 96
0 428
189 208
428 464
106 134
306 344
81 321
413 138
206 380
461 396
352 328
167 469
436 58
355 280
308 21
258 262
114 0
385 194
50 458
85 426
435 152
24 328
239 136
252 140
508 492
0 406
352 242
128 232
90 104
480 274
120 187
43 276
449 343
77 485
156 88
180 466
36 376
20 416
296 331
96 127
48 161
208 184
305 50
106 22
