500
426 26
100 22
486 402
272 30
348 464
215 248
399 88
380 325
475 14
171 80
461 451
346 432
484 113
280 331
83 51
232 252
360 374
286 251
210 432
207 130
124 456
511 338
485 284
374 102
99 367
158 266
360 30
37 36
248 442
108 131
184 508
36 304
435 460
506 416
387 26
16 170
481 272
488 384
478 280
90 334
338 315
60 145
452 94
124 280
376 64
43 8
496 321
353 141
321 88
448 161
94 498
270 256
451 128
152 0
120 119
448 166
390 304
132 476
507 156
100 440
237 199
146 278
392 457
384 224
16 448
13 484
440 434
346 190
424 176
32 408
307 449
308 318
65 196
176 84
366 368
98 134
10 181
357 276
438 264
321 344
56 373
217 194
375 200
197 398
224 52
309 88
308 141
403 57
370 318
64 454
47 7
80 288
464 415
232 112
474 112
96 298
344 377
148 204
356 157
338 328
463 88
10 170
408 16
120 192
111 56
32 60
184 396
4 224
159 460
176 59
224 16
192 179
101 73
396 386
399 210
314 296
380 304
4 308
254 174
360 467
0 88
259 0
217 56
476 300
3 130
480 22
128 416
372 332
110 258
478 468
6 312
235 160
360 405
340 163
52 126
166 64
492 438
328 288
484 20
376 22
485 118
358 452
413 0
122 384
232 280
448 490
316 324
240 331
262 217
219 126
0 34
434 243
345 202
491 248
268 352
27 128
426 149
248 508
408 510
67 460
296 362
377 34
213 384
20 112
436 73
255 420
418 56
44 56
4 396
54 418
80 190
372 136
144 257
424 156
243 133
465 480
432 52
10 110
487 351
121 167
352 128
152 312
282 91
126 245
85 404
384 121
65 92
428 2
383 306
409 133
232 332
403 198
80 280
90 170
243 124
317 440
378 408
164 241
352 433
184 384
20 320
178 314
128 280
353 432
320 179
336 152
310 213
200 186
444 300
218 160
132 184
209 211
288 64
423 504
479 112
68 254
208 430
236 207
40 415
312 420
229 37
496 468
48 465
444 256
358 286
76 448
301 38
288 186
268 0
132 327
154 137
101 377
69 294
282 385
88 216
232 288
68 332
430 104
133 34
462 406
384 439
359 200
124 310
300 88
330 494
346 376
419 182
460 328
128 229
64 288
282 219
307 89
456 144
320 376
75 411
430 44
341 164
93 36
200 417
344 36
171 503
148 1
434 385
240 313
74 24
280 320
245 315
206 340
509 276
41 392
84 195
360 266
308 472
495 480
388 357
72 444
262 152
506 192
226 318
352 410
376 304
454 192
328 112
100 496
288 110
100 229
244 164
16 36
12 336
76 0
368 328
34 324
8 465
6 300
390 56
400 352
214 332
36 187
59 236
406 90
320 32
159 510
478 388
500 230
44 78
208 412
448 256
406 448
325 240
144 397
491 220
375 399
337 224
399 397
302 306
484 281
405 39
189 348
304 116
266 43
32 0
299 345
110 276
355 216
500 140
178 505
115 149
214 166
96 327
106 400
332 223
461 404
250 78
280 326
393 328
324 133
300 302
410 214
332 216
114 397
24 28
103 188
424 181
502 194
334 80
476 99
99 126
249 57
232 33
296 490
80 177
269 72
216 216
445 464
464 435
484 350
495 96
199 497
32 256
74 16
135 163
168 190
56 39
263 0
116 96
14 154
478 312
396 194
160 197
232 356
421 56
187 64
150 294
339 131
60 154
225 484
362 428
64 402
144 124
72 176
310 132
232 307
362 228
286 98
76 212
40 39
36 266
299 174
262 216
85 51
308 322
273 187
167 191
264 40
251 128
348 188
70 136
454 324
6 503
350 278
109 256
224 335
378 112
376 504
297 150
511 368
52 212
460 10
58 408
351 325
328 56
107 352
294 378
357 400
218 493
344 314
402 354
214 238
327 30
466 312
195 280
248 374
144 422
128 472
115 64
346 363
428 66
26 505
230 393
204 458
271 403
481 0
272 511
199 316
418 18
52 28
301 245
33 336
395 332
390 353
268 36
91 146
87 76
219 78
200 60
466 128
496 291
344 392
168 332
162 279
450 272
442 158
242 238
368 240
416 328
100 294
495 283
62 218
111 200
448 156
277 81
312 464
93 37
83 32
187 44
468 79
158 145
230 362
196 448
182 336
141 153
304 391
315 393
51 176
19 45
71 172
479 232
508 232
320 364
324 45
64 60
88 77
355 32
160 139
31 356
194 250
150 338
230 122
222 386
350 250
473 113
100 268
377 348
82 240
231 320
20 244
413 288
329 178
270 494
325 162
