5000
948 185
581 86
464 732
993 208
398 154
613 163
514 21
848 90
308 584
827 742
264 528
790 784
140 560
248 989
130 864
586 894
208 385
160 178
992 424
989 284
677 484
980 414
335 50
40 844
924 84
288 544
336 238
620 781
289 246
971 0
208 111
772 34
133 731
696 320
669 171
696 162
48 120
56 1016
456 775
860 512
320 890
563 810
720 504
605 261
548 1004
934 560
504 612
56 1000
431 512
207 796
488 409
872 302
756 15
544 836
1008 528
1000 223
400 351
339 154
236 482
976 200
696 701
724 204
520 920
255 32
476 660
566 658
576 544
1008 851
376 628
416 948
145 688
96 440
378 576
1010 868
689 157
1022 260
372 606
698 724
106 820
533 391
210 888
456 686
63 376
319 790
670 623
461 652
818 892
694 588
116 112
928 829
580 364
281 447
100 388
420 336
90 535
891 651
688 624
736 320
414 492
316 850
776 512
512 433
828 340
586 888
192 0
896 272
437 872
382 24
464 966
812 130
78 638
208 656
579 549
679 66
512 663
282 0
932 514
372 684
365 912
535 160
958 948
182 644
887 274
170 884
560 847
360 141
75 533
202 380
228 156
750 328
840 666
417 394
911 976
335 383
214 84
705 388
962 176
788 348
86 880
388 338
776 899
942 228
376 927
1022 878
714 621
132 416
192 268
607 305
154 752
422 832
817 474
594 666
485 744
664 629
632 485
360 1012
915 443
984 433
470 840
46 586
549 500
118 775
1000 394
542 578
8 890
330 942
544 946
56 800
610 18
480 858
648 745
28 864
372 507
165 726
572 950
76 640
226 216
40 346
356 672
520 512
615 454
428 208
0 625
654 396
820 804
104 120
132 816
409 104
832 180
240 592
128 920
288 736
659 668
549 548
136 497
135 806
810 454
896 338
637 452
150 712
81 938
344 916
292 768
402 112
207 46
245 850
412 808
540 932
704 47
334 867
15 313
25 503
344 410
1008 628
586 118
70 24
198 992
551 324
312 788
318 163
378 246
331 615
384 432
876 204
851 136
674 73
192 126
902 251
880 191
605 176
701 544
633 575
652 526
756 338
343 472
560 189
916 784
276 363
438 116
692 396
160 472
704 772
46 222
192 555
142 322
978 960
600 806
992 24
326 622
966 722
36 568
84 968
463 374
810 100
546 358
364 157
143 744
908 506
34 74
108 10
696 204
622 167
919 691
650 704
936 848
33 809
501 480
863 99
772 679
696 468
562 763
928 856
192 606
296 160
735 61
392 992
154 741
930 390
396 651
159 219
562 782
196 798
257 904
292 0
421 768
212 1000
112 449
418 405
8 797
398 846
162 620
583 369
509 427
440 345
95 580
966 308
31 282
416 658
576 1007
64 474
241 216
1020 972
868 120
256 304
1001 677
568 489
702 904
364 940
40 818
653 440
8 694
462 546
846 247
334 924
797 545
744 18
256 704
755 16
670 55
758 878
800 952
658 165
476 950
72 320
992 293
181 9
960 534
422 724
716 20
346 551
256 748
112 256
843 576
773 80
464 190
610 13
660 712
798 130
493 144
924 802
32 577
402 134
104 256
358 6
766 360
946 670
465 563
232 764
770 416
431 426
941 806
480 992
606 317
395 662
224 1022
312 847
575 534
412 813
856 446
552 270
132 944
156 542
220 888
824 756
864 446
560 889
864 296
158 924
184 49
720 1005
812 894
213 256
274 650
388 216
996 858
99 704
651 914
554 188
800 280
108 68
672 121
524 373
572 60
590 42
201 268
573 800
665 402
46 723
888 440
254 692
290 796
136 264
208 480
992 258
123 560
658 544
848 158
560 48
972 164
852 640
960 358
784 16
887 448
182 744
331 850
340 480
816 538
693 596
935 688
378 359
632 360
668 850
64 36
458 948
926 139
406 100
743 859
205 847
193 387
293 691
882 512
473 484
551 124
1023 592
773 400
768 523
368 813
972 344
904 464
768 696
536 315
242 630
752 477
816 1014
335 240
351 176
384 300
468 120
672 380
516 624
16 243
876 716
928 260
560 336
546 406
132 30
399 384
197 520
147 284
340 1016
344 608
96 634
874 704
488 722
832 736
384 404
736 200
320 903
470 826
64 452
528 749
704 784
316 630
0 945
145 594
597 214
480 952
550 794
522 528
180 36
744 516
675 514
333 22
428 796
350 16
469 249
176 608
592 910
592 379
752 867
274 27
532 202
54 518
1014 672
204 512
22 775
842 346
848 820
536 128
163 250
772 872
452 114
287 128
8 122
748 366
76 456
732 52
248 864
168 380
265 168
674 678
938 404
197 17
94 501
132 714
146 668
256 884
749 936
64 534
8 316
836 20
1010 1019
995 242
308 109
192 45
28 8
466 1016
888 924
121 379
438 792
160 196
652 976
704 1004
334 126
32 342
820 1015
148 305
125 461
627 252
84 966
458 658
468 704
488 822
769 580
156 138
857 658
640 624
1012 435
728 616
432 84
608 474
888 926
816 668
234 216
641 354
583 296
212 324
32 940
571 422
192 739
916 2
378 117
252 169
882 783
790 26
146 400
128 257
752 954
792 168
820 450
272 456
96 694
953 81
987 525
578 541
834 230
152 601
252 812
607 68
641 937
128 224
879 203
888 300
576 184
451 91
893 276
926 21
640 32
672 480
750 298
63 387
956 71
392 960
836 464
989 868
512 32
104 752
371 392
947 707
160 1000
916 426
376 24
57 760
400 576
498 724
226 422
1022 375
679 248
62 420
880 182
830 52
476 60
818 164
443 512
360 6
724 923
983 629
932 187
296 1003
112 201
818 560
9 709
416 174
202 944
972 316
646 256
738 432
790 962
53 811
60 640
999 548
352 204
256 16
438 463
925 815
950 0
586 738
762 865
308 318
534 0
259 254
86 84
94 514
50 951
202 928
67 776
328 959
120 145
988 544
920 528
264 849
242 792
200 249
922 329
688 583
652 64
16 126
662 150
194 986
295 318
53 60
624 928
584 946
948 474
412 480
820 576
588 96
610 419
16 320
816 768
228 524
488 62
542 236
773 551
434 521
767 918
396 199
168 553
600 994
974 228
896 192
740 472
640 902
536 36
820 537
533 16
873 728
750 820
563 159
26 158
614 812
22 381
416 260
901 977
468 233
345 548
336 166
346 278
482 990
633 1010
872 329
584 848
140 430
497 916
669 696
270 760
929 32
200 992
446 584
672 148
16 924
526 1009
683 279
202 416
1013 253
722 712
304 126
728 832
641 136
88 159
260 792
501 600
336 510
835 820
320 360
848 578
498 240
742 767
392 400
717 766
880 200
640 0
976 4
928 698
866 180
1001 239
324 181
174 864
427 496
144 444
140 536
664 792
140 48
485 92
182 880
383 416
794 672
810 344
216 316
90 444
98 164
480 936
0 726
644 912
133 102
10 601
615 654
984 772
748 696
432 36
894 792
936 768
300 44
836 448
838 312
676 512
432 722
202 376
232 178
400 889
584 619
818 496
331 958
677 544
324 400
2 599
336 480
179 761
847 346
512 222
814 979
100 743
505 192
127 224
704 606
646 334
290 575
676 280
747 755
990 832
248 964
180 1014
612 102
666 176
1016 972
168 736
838 928
146 792
244 992
130 216
618 713
611 478
491 406
565 608
596 600
836 72
615 792
416 0
303 366
786 288
134 755
440 31
320 367
800 409
796 640
484 315
52 490
286 323
644 124
896 426
268 576
904 900
980 192
788 852
388 256
980 814
336 670
808 802
368 896
976 180
160 300
960 110
898 1017
104 898
212 112
304 348
984 656
746 332
35 894
981 896
736 740
448 566
800 1019
968 547
256 330
860 933
348 216
1023 440
31 789
236 614
600 167
720 832
218 32
28 696
880 429
226 590
519 608
48 432
122 538
981 487
951 496
932 981
246 138
116 536
188 208
967 320
758 536
429 968
56 308
632 234
864 332
17 780
63 348
788 660
121 134
448 299
48 112
1000 248
406 996
840 256
81 268
227 502
528 356
925 20
832 208
624 544
796 496
784 236
86 683
708 142
1009 920
400 411
692 236
24 245
176 890
894 606
387 464
220 82
598 622
804 586
690 885
264 206
631 505
46 290
745 282
22 810
912 408
221 939
687 348
815 922
64 968
962 525
321 864
569 726
449 320
821 992
640 952
252 302
821 672
967 986
80 464
686 744
824 600
330 682
934 448
281 510
1010 435
777 936
94 268
784 174
896 408
442 936
896 235
24 583
585 372
642 492
405 103
45 32
678 568
950 941
16 920
404 128
386 872
361 518
396 417
90 276
396 998
833 413
696 768
120 538
690 788
96 307
916 936
480 732
408 541
898 406
830 264
928 321
278 36
268 736
153 784
351 366
547 620
48 348
73 379
306 256
440 14
808 899
770 315
716 347
288 181
764 231
364 448
471 299
274 936
103 29
800 974
854 384
1008 88
734 97
444 781
546 36
568 285
848 896
547 227
934 168
964 389
724 1000
284 568
812 797
324 892
796 583
944 288
908 304
256 164
916 1003
418 565
234 412
702 822
0 416
928 164
835 105
313 381
666 830
309 1002
287 668
796 244
284 618
642 1015
1000 791
572 176
777 136
688 172
84 110
479 179
763 928
380 624
756 465
802 286
762 205
943 331
852 509
636 184
122 16
29 104
104 463
448 901
210 200
768 724
396 236
985 530
332 59
438 202
657 658
296 753
848 780
32 364
996 410
1008 384
584 998
72 143
203 105
6 1004
934 212
665 360
64 592
736 410
1016 316
209 864
998 912
900 718
224 687
320 930
1000 415
184 197
11 1010
200 38
528 517
697 462
540 348
944 784
373 638
43 334
364 856
676 920
155 192
396 427
246 994
669 424
64 42
495 104
1018 588
779 144
120 896
897 1023
932 928
615 455
47 204
165 947
840 366
459 720
28 325
124 176
384 128
239 654
628 260
940 212
473 856
357 633
48 368
240 822
576 304
304 317
314 734
964 937
715 108
528 690
836 255
651 848
202 460
388 559
732 302
784 392
290 12
240 56
716 642
12 914
360 326
194 416
652 248
286 64
284 360
674 425
770 870
836 568
468 854
96 868
332 580
549 10
952 184
33 50
838 476
948 408
104 416
385 340
176 928
284 960
252 925
937 670
828 285
294 458
384 108
160 903
260 682
463 344
675 330
615 278
740 549
188 328
1003 522
122 866
692 148
454 788
580 76
288 64
287 369
246 741
636 458
272 772
999 664
394 128
660 830
25 230
673 262
812 128
726 60
101 858
198 543
86 566
872 992
816 145
601 1012
650 1000
274 572
904 763
760 564
62 114
652 274
960 190
554 910
481 458
438 168
271 977
408 766
527 1009
486 617
138 324
208 362
157 508
538 827
496 120
456 554
457 1020
796 786
147 362
1008 751
686 513
592 688
549 492
550 598
277 850
828 871
261 384
651 52
368 460
858 640
819 102
902 956
504 611
910 160
656 4
50 896
808 68
474 150
688 81
514 0
900 924
404 48
462 624
82 964
318 812
772 488
564 614
720 396
704 576
693 284
116 84
826 448
126 184
269 768
85 568
1023 581
678 408
211 430
645 812
272 524
834 402
512 883
76 39
627 652
19 988
320 926
114 256
758 0
390 434
157 707
825 842
376 462
995 778
1001 539
692 531
463 984
440 819
154 609
784 964
929 260
814 60
759 130
84 215
474 456
584 168
219 277
529 89
624 8
440 1000
380 673
456 976
846 835
442 682
254 176
626 551
3 208
187 686
8 30
168 202
687 194
928 904
214 351
196 728
74 618
832 20
984 687
122 704
687 548
593 661
384 858
228 85
180 445
332 445
816 636
546 976
894 406
626 62
827 939
16 328
193 16
620 618
1 408
674 1012
483 170
634 290
494 596
112 102
854 694
807 368
200 797
234 87
334 286
96 74
548 620
489 596
490 128
140 608
800 491
626 686
248 812
601 369
912 949
648 712
26 312
355 576
141 116
219 289
680 312
481 128
899 36
933 710
108 142
6 832
731 344
119 200
848 96
80 98
436 550
339 673
93 988
544 464
268 874
208 890
228 528
822 146
540 344
14 395
120 944
332 960
556 481
954 606
778 267
874 229
892 448
249 85
827 804
76 60
428 244
546 38
379 66
10 32
432 176
224 19
924 685
650 736
48 446
720 976
173 666
518 376
728 272
915 788
177 436
274 544
506 180
381 908
286 672
800 704
222 216
436 778
157 80
736 881
735 710
372 888
12 228
282 104
910 383
998 776
460 416
436 529
836 571
779 330
526 68
400 776
646 411
580 212
448 172
454 17
454 448
810 606
962 154
49 198
618 424
512 428
320 832
853 296
116 220
571 944
400 1010
872 256
746 673
497 772
84 287
604 548
802 612
112 920
3 261
681 464
497 352
816 336
867 10
436 834
20 512
237 68
920 302
540 512
546 640
879 512
552 718
608 913
402 767
786 78
329 832
145 560
368 412
807 586
386 150
996 860
179 426
786 752
971 944
928 225
256 502
344 848
537 912
932 973
407 180
439 160
356 384
84 526
860 344
753 526
49 468
162 64
59 72
352 694
512 469
980 561
520 937
272 1004
385 302
535 28
292 528
700 712
618 401
192 912
815 835
938 928
767 1012
1016 864
8 257
504 632
412 309
712 673
37 172
496 532
608 564
772 728
304 1008
296 672
760 893
37 960
32 341
694 619
83 568
77 494
81 19
906 752
111 911
388 130
16 476
184 68
666 96
365 264
810 29
313 855
890 400
955 736
916 728
546 224
32 152
497 182
687 254
568 162
964 734
752 629
295 1014
640 512
584 850
241 232
240 992
872 540
92 726
432 593
106 662
137 298
744 320
176 712
626 996
281 632
96 260
26 32
569 292
889 42
592 742
852 780
468 761
490 328
892 709
699 288
207 778
967 492
85 787
527 802
575 158
999 367
992 79
180 924
760 672
1021 290
952 172
893 746
768 464
67 465
132 490
653 164
570 416
543 64
188 628
462 188
144 512
378 43
368 98
164 846
308 864
884 4
598 318
262 306
268 448
148 1008
673 778
335 492
8 364
160 416
607 480
320 928
295 688
984 980
800 662
568 234
412 384
1012 872
974 62
477 336
534 94
700 304
728 4
835 62
691 534
304 402
580 72
6 975
581 216
677 906
96 393
686 155
1018 1004
397 884
840 972
290 476
642 500
795 1006
994 280
992 220
78 242
810 620
282 520
949 350
779 535
354 878
865 873
353 912
558 968
768 276
890 480
624 859
921 450
794 6
752 131
877 841
467 133
154 792
592 32
936 336
242 768
449 475
792 320
142 953
815 236
185 243
186 84
480 56
72 380
423 430
472 616
876 820
402 960
922 984
480 652
260 1020
688 276
752 512
1012 216
149 362
256 163
323 732
141 87
152 630
968 284
136 116
330 932
448 192
953 858
381 32
256 512
464 599
320 673
732 631
132 968
284 32
892 718
123 372
214 696
435 538
439 107
990 374
60 782
646 860
496 312
0 224
665 292
240 301
978 688
396 448
364 204
640 594
282 292
604 896
471 616
650 544
613 986
1006 557
208 692
1016 427
389 20
96 59
153 14
396 999
855 84
658 279
472 90
92 262
352 646
608 714
784 857
707 564
128 256
6 1016
368 732
752 992
524 138
640 848
480 794
576 278
606 364
480 199
848 772
960 250
176 486
198 455
598 104
192 507
651 113
964 266
696 914
120 267
449 366
618 0
234 481
864 604
945 261
48 318
216 296
132 272
1000 443
671 59
172 148
740 82
666 706
693 409
648 0
16 690
228 781
64 990
745 50
578 32
592 646
36 528
1005 640
354 604
448 112
398 730
752 598
632 528
468 976
896 15
710 704
32 448
673 560
840 292
998 909
661 336
744 338
1002 837
612 756
245 222
656 48
294 620
363 312
144 118
636 697
996 584
992 946
574 974
924 294
696 908
970 141
61 860
58 207
392 72
643 126
906 572
933 104
424 300
940 213
66 552
448 70
663 494
474 874
158 433
367 533
196 143
912 648
1011 697
764 836
424 351
409 928
131 272
934 571
1000 298
822 449
768 768
60 194
360 658
302 946
332 783
224 24
762 660
260 364
835 477
488 1004
226 268
192 111
848 678
133 352
648 64
16 460
602 323
0 800
684 90
181 507
312 154
903 232
450 232
822 242
816 844
473 488
808 907
598 908
356 936
760 112
240 326
901 861
996 651
700 640
749 348
213 802
824 32
512 112
688 480
324 210
772 39
732 712
90 604
809 814
191 136
16 396
673 472
632 406
348 530
80 698
627 640
566 700
944 906
304 924
427 800
1022 600
140 186
132 730
272 572
138 664
510 100
600 46
934 306
686 514
192 296
172 342
32 208
456 656
926 366
144 445
374 276
18 880
964 760
766 256
796 756
905 64
508 154
447 128
640 475
836 760
40 784
544 54
60 372
113 1021
503 600
72 238
974 936
542 792
277 249
592 1
120 776
926 238
349 629
493 376
409 832
699 172
668 414
116 64
21 776
326 696
902 93
348 176
857 392
550 84
267 616
992 534
217 356
932 970
696 804
278 438
279 403
118 634
248 132
64 588
436 776
970 22
911 416
758 120
1001 907
308 392
706 26
388 246
479 338
10 390
394 932
160 452
595 172
261 725
191 928
460 226
856 234
940 664
564 704
336 117
202 842
561 800
470 320
830 260
128 813
900 764
870 248
641 712
954 576
760 848
360 394
146 588
863 328
300 576
728 719
88 156
624 864
634 920
608 42
896 788
861 972
994 1010
469 984
369 734
350 176
982 256
695 645
160 437
633 880
694 197
622 346
380 488
1016 692
328 679
632 66
476 16
738 484
870 902
979 824
856 256
228 232
476 728
897 997
721 368
935 152
664 414
828 268
367 758
336 28
607 848
699 268
985 474
472 80
100 52
736 341
417 152
232 612
380 1
1017 476
44 925
437 855
578 520
994 963
4 128
78 940
346 359
884 101
94 616
165 780
695 4
496 297
164 724
775 973
684 197
230 512
24 766
798 345
508 449
127 1012
35 536
544 923
330 112
995 542
192 232
285 623
927 256
256 770
624 770
318 682
996 26
96 880
624 554
994 684
536 648
997 913
106 450
4 922
648 880
820 582
812 65
174 344
18 448
564 640
112 1002
1022 970
914 787
892 619
880 288
484 324
330 492
177 708
212 344
1022 650
245 592
294 477
643 582
416 900
452 127
109 120
900 640
929 328
896 32
491 785
370 980
912 280
201 394
378 498
52 499
402 18
784 218
802 912
599 71
621 692
176 86
586 416
160 274
662 956
344 694
51 512
716 1004
462 964
380 696
802 90
270 340
254 294
176 920
848 216
408 682
987 836
920 434
330 96
808 128
1010 7
522 186
876 953
551 974
248 754
768 340
826 762
108 279
90 760
464 310
111 610
688 668
988 554
596 558
864 32
193 525
738 668
459 808
624 152
130 877
474 527
454 600
536 994
334 908
0 972
16 990
464 328
672 592
535 148
117 422
575 738
161 144
432 634
556 297
265 519
600 1018
127 816
754 466
504 896
560 200
889 36
498 739
376 880
400 488
645 1014
832 53
1016 860
372 1004
792 396
485 872
92 496
512 470
656 1000
360 772
544 750
172 608
784 723
224 87
458 38
38 622
66 864
143 304
804 404
942 892
960 574
739 747
796 148
368 768
763 152
752 838
192 616
887 886
240 33
1021 716
760 140
276 747
161 512
504 874
184 1008
283 661
277 896
480 976
70 494
920 397
975 749
588 188
320 368
284 555
736 624
806 24
396 736
656 575
6 514
506 1002
652 560
207 450
672 264
296 628
54 448
821 39
960 664
244 12
52 84
801 556
884 168
224 608
124 768
436 676
15 605
537 156
189 774
274 801
765 786
638 114
314 136
368 118
908 208
268 134
746 180
979 136
768 1003
1005 247
666 909
752 934
516 944
288 29
286 880
626 360
938 425
16 338
76 472
536 656
0 928
580 372
322 792
164 96
130 324
1008 531
834 896
672 608
384 883
392 282
828 894
699 682
99 816
32 746
7 1014
233 659
660 836
605 129
886 296
298 66
682 455
976 659
914 76
468 399
576 963
946 128
1016 332
450 76
52 912
318 425
472 239
920 96
140 318
364 492
776 900
594 675
918 512
80 588
920 117
289 638
403 897
149 441
865 670
744 760
204 184
32 515
18 360
576 955
320 234
194 502
551 379
512 878
428 564
972 578
977 312
756 630
718 667
513 248
326 647
110 69
992 975
256 96
609 824
331 572
886 895
741 123
432 684
35 322
239 102
988 614
598 428
156 727
414 940
286 457
136 320
311 799
312 646
583 548
497 690
607 736
134 128
857 877
216 139
265 574
113 116
208 859
972 803
155 709
106 428
657 44
284 758
959 624
800 334
560 782
625 28
790 0
168 200
965 798
407 119
925 674
30 991
576 152
421 696
645 769
148 712
5 928
104 796
998 312
660 439
792 120
912 346
954 20
190 792
672 56
44 470
976 276
316 632
782 252
888 204
472 82
640 1000
640 28
644 861
738 494
635 305
532 103
736 966
676 491
112 126
865 286
817 608
490 208
885 554
540 773
192 757
872 928
36 78
596 56
774 954
416 73
24 207
416 218
181 96
858 204
666 256
20 524
936 650
588 558
387 554
715 504
1006 316
240 384
80 256
714 420
698 655
512 486
131 796
450 731
982 792
839 1002
704 680
784 173
774 128
323 332
716 969
769 970
576 816
983 590
794 140
298 13
391 634
814 765
746 236
628 628
206 344
906 262
424 932
781 809
476 583
176 176
822 752
484 960
908 348
486 610
1004 992
216 422
316 682
980 313
960 992
704 981
505 410
85 810
100 262
134 271
551 951
472 154
452 1014
968 208
192 656
62 839
816 209
152 88
189 107
488 384
777 675
289 158
561 76
990 196
384 485
716 680
743 437
805 363
296 212
501 444
215 972
128 656
660 751
741 544
452 963
920 260
614 760
784 189
885 848
128 944
792 476
804 420
942 264
348 387
911 927
342 896
880 800
630 509
522 832
24 29
286 950
128 54
724 598
128 374
354 496
240 883
138 565
888 868
575 64
458 22
1009 992
170 561
1016 823
76 796
538 174
905 372
272 677
495 990
616 686
859 882
371 564
24 106
330 591
158 900
578 314
52 314
1002 88
392 524
555 183
964 524
817 408
438 636
960 632
322 328
672 713
880 231
416 664
649 744
586 928
656 611
88 573
293 808
114 963
78 974
761 376
56 102
545 509
432 1023
564 344
960 1008
20 863
202 96
24 630
496 672
955 853
66 928
838 885
839 254
323 408
279 465
778 756
910 889
470 908
544 94
832 236
74 586
347 559
212 380
336 118
590 190
468 552
825 160
116 448
606 914
866 772
433 946
44 624
332 728
1004 674
714 296
956 82
984 67
212 100
557 202
668 18
235 460
149 358
323 564
335 516
985 308
284 984
917 53
976 955
512 864
31 88
784 608
696 118
628 565
101 632
106 542
788 92
644 690
539 206
552 240
673 461
664 66
288 894
1016 622
24 522
516 832
702 78
693 1020
384 476
310 955
832 716
860 234
148 78
881 464
460 146
334 266
450 272
536 944
956 496
448 188
736 303
899 976
130 640
280 485
1004 460
934 915
738 634
428 156
222 352
436 820
532 482
788 850
224 530
860 939
32 486
892 793
121 986
319 960
102 266
840 291
644 320
384 889
856 486
215 986
800 113
70 615
32 836
264 315
408 160
936 176
716 16
52 556
252 26
878 1022
392 588
461 704
111 224
156 336
155 977
864 1008
700 823
1006 379
279 348
946 732
352 368
849 896
419 402
192 834
572 771
470 616
136 956
624 180
768 308
624 548
584 812
532 320
726 668
852 846
771 729
760 320
752 680
787 376
36 620
364 244
312 343
474 571
128 692
380 30
98 54
396 366
740 835
924 1000
48 992
338 272
945 60
580 796
514 266
752 636
320 654
334 775
787 891
480 712
733 816
587 532
454 866
394 338
454 924
468 695
912 800
66 856
724 860
818 147
23 770
501 1006
448 961
255 680
139 160
684 369
71 136
848 17
687 560
504 333
57 766
598 1010
416 1000
207 680
0 832
160 24
852 896
112 480
174 237
619 1012
448 276
137 579
650 272
423 374
247 726
483 636
404 183
346 594
499 260
1008 656
64 421
995 132
232 113
231 351
64 974
296 467
910 832
286 794
700 450
694 980
751 848
512 256
332 264
1008 344
136 695
606 800
522 509
324 224
158 50
42 522
236 621
331 656
475 365
172 123
117 758
718 0
720 370
81 474
554 584
614 448
435 404
959 360
798 1015
291 662
872 624
360 392
956 368
424 312
689 394
543 233
250 395
406 153
203 827
448 298
7 198
36 544
690 253
845 878
244 214
392 304
871 749
672 390
442 160
165 88
18 296
428 549
256 460
260 256
931 151
541 202
112 420
789 288
861 872
20 168
212 548
474 457
88 904
560 364
672 815
866 388
880 700
304 132
74 48
426 734
872 0
632 544
400 830
546 565
880 866
60 960
185 629
304 324
64 40
853 928
344 671
96 890
250 760
793 480
745 415
210 574
716 678
283 240
722 599
826 1000
840 832
552 564
436 32
890 56
482 344
777 608
159 943
600 402
662 192
191 241
838 636
88 192
106 8
42 774
80 225
104 686
564 874
147 816
187 964
772 479
64 991
968 26
506 951
666 536
8 530
244 968
336 845
830 192
650 549
160 747
908 528
985 534
425 848
56 869
395 504
405 755
444 726
708 996
745 4
796 852
592 1022
771 218
623 174
312 438
164 366
138 495
899 896
2 467
614 0
93 496
840 524
342 122
520 260
858 256
778 128
596 1022
410 448
763 112
78 317
154 219
248 338
223 826
349 877
166 56
808 776
536 256
108 158
712 538
352 607
54 144
864 315
97 170
101 940
752 281
432 764
728 232
932 308
933 36
104 208
917 200
666 978
276 846
336 648
128 994
37 238
35 504
864 594
976 16
387 432
494 714
182 799
144 852
820 889
41 206
896 236
558 982
256 909
977 240
873 789
696 848
84 136
99 421
536 124
162 710
128 833
640 339
471 210
75 958
253 153
610 194
996 649
512 192
896 320
941 232
460 52
674 736
31 578
627 575
860 1002
792 340
616 722
369 224
638 72
606 410
716 773
766 784
546 216
968 254
96 760
188 401
793 252
908 637
229 768
535 390
296 686
595 563
19 1000
726 809
561 635
714 616
231 825
872 210
293 338
450 956
157 208
392 596
726 112
602 748
978 439
480 139
416 99
720 621
390 662
767 230
544 539
620 733
196 250
514 871
334 450
312 927
62 754
984 768
757 343
1009 283
988 513
464 107
452 414
104 542
134 981
126 630
2 533
500 512
412 320
237 204
164 288
415 84
273 279
311 876
831 685
159 128
336 936
138 578
687 908
836 302
471 896
475 880
224 406
516 29
423 732
271 436
717 414
256 924
216 418
986 741
896 707
116 274
0 276
82 148
373 362
836 90
600 888
65 620
364 322
261 287
871 0
554 903
526 140
476 522
731 660
774 180
739 794
616 356
248 516
592 438
946 664
880 644
656 752
664 316
313 679
517 464
900 451
400 472
225 896
438 582
354 872
970 541
685 598
430 176
502 562
542 96
112 0
21 187
572 362
640 56
674 881
502 1003
499 472
786 904
488 198
289 255
749 483
189 463
808 120
672 455
518 928
316 104
802 153
950 441
404 777
588 608
813 228
596 462
424 50
253 1006
243 31
144 493
152 584
416 811
896 156
596 814
701 56
316 990
542 282
130 241
172 480
236 136
376 128
572 432
350 540
825 937
112 691
840 792
460 342
872 356
274 396
412 788
174 160
781 275
396 100
494 962
286 843
334 752
192 10
327 16
306 6
546 704
405 742
925 294
166 360
960 464
744 403
969 445
632 856
692 736
608 1005
0 613
345 770
697 384
775 63
1020 48
752 2
528 946
56 241
528 974
448 265
271 193
626 836
936 398
1018 480
376 758
548 760
996 512
553 276
598 420
248 148
850 862
162 190
496 792
768 616
272 452
700 876
632 148
1018 744
580 872
510 135
143 898
548 509
677 909
684 853
360 919
148 940
382 708
871 236
256 714
912 927
394 220
888 308
148 178
0 103
83 268
704 768
280 337
441 512
113 641
618 105
992 192
904 783
604 596
260 797
104 336
688 1019
100 680
990 252
184 654
954 620
463 704
292 450
839 713
346 512
892 735
822 831
948 992
158 718
428 15
282 751
632 80
524 800
344 70
168 402
785 760
409 476
876 563
96 384
936 536
740 931
432 833
379 152
200 1020
636 800
652 417
768 237
204 795
184 850
555 624
984 483
656 538
940 658
589 892
296 106
276 107
127 64
292 414
810 292
881 728
968 256
242 76
810 683
648 600
657 94
388 812
320 912
804 256
678 450
476 736
89 0
847 256
182 376
144 632
784 184
588 580
936 208
96 965
320 514
670 224
376 785
274 540
636 496
920 956
965 363
350 745
861 237
50 36
848 865
220 936
754 256
921 24
680 0
696 121
32 144
861 108
644 148
303 592
516 312
786 76
406 360
456 914
984 390
364 816
1002 764
222 509
88 762
395 380
89 896
146 42
144 684
652 531
85 160
275 356
418 820
904 412
928 232
192 218
608 824
50 476
272 938
118 982
995 607
46 272
997 16
658 603
192 100
287 720
550 857
80 329
744 726
852 802
798 12
163 849
114 312
171 960
498 188
768 820
766 79
248 384
212 572
958 240
772 742
626 763
297 893
149 378
17 167
856 548
400 657
632 470
521 183
0 716
34 969
392 898
231 526
1006 728
806 375
672 2
212 800
880 285
48 449
845 870
656 795
840 496
518 767
125 208
18 722
256 278
875 716
446 814
922 455
642 20
960 9
705 192
372 964
976 668
209 188
154 501
322 992
915 952
925 104
796 771
410 963
331 704
744 645
332 12
822 504
896 752
160 490
817 176
81 384
490 564
326 833
190 898
294 343
435 65
396 334
790 180
699 481
0 975
702 714
996 710
888 474
1013 107
425 652
573 1002
448 776
752 626
888 448
764 6
432 680
542 960
318 468
541 592
463 749
46 626
730 572
366 72
396 784
716 518
622 394
797 722
371 712
340 172
0 853
942 629
504 253
216 144
910 784
492 973
87 132
336 496
370 260
200 0
229 248
1002 724
555 0
823 701
548 946
926 64
889 975
376 524
52 778
777 599
237 592
376 823
584 825
114 960
557 492
640 700
708 36
735 148
944 653
292 742
909 572
236 556
450 332
645 796
617 535
812 745
34 80
236 196
170 912
628 275
688 917
6 387
96 588
978 548
256 874
356 338
956 219
792 293
852 292
1010 38
334 78
1005 871
725 370
960 64
780 912
52 1008
92 988
28 0
923 622
928 812
785 673
403 90
926 515
203 192
1000 576
928 176
367 446
54 546
304 37
132 658
639 216
582 915
426 888
363 668
560 680
233 607
992 997
180 102
75 508
936 919
304 636
493 564
768 942
246 112
716 160
224 909
661 500
0 12
968 4
752 880
577 369
116 528
102 64
568 915
394 876
36 108
480 786
962 16
91 88
256 456
704 560
796 420
347 99
581 12
888 82
128 544
204 726
506 466
1008 484
164 852
170 407
987 378
614 832
100 1017
720 382
1000 616
142 480
807 291
192 521
944 1020
528 788
971 32
448 210
586 849
118 51
342 26
113 561
719 979
156 436
982 708
976 472
142 788
564 838
800 250
312 678
681 466
600 44
354 431
876 818
416 696
224 612
507 923
669 880
112 665
814 235
338 320
546 292
0 712
852 624
737 472
612 516
308 792
704 855
151 152
418 555
376 550
92 667
880 100
970 847
240 87
976 547
1017 974
284 285
138 996
240 1010
305 960
56 496
992 536
178 415
316 177
662 320
586 568
958 528
373 687
223 551
171 830
28 560
992 886
736 836
258 391
1019 64
508 961
591 32
476 402
260 657
667 219
153 176
594 540
0 486
878 14
816 16
320 29
314 67
480 772
32 335
804 408
752 614
661 158
790 263
452 761
936 64
510 730
222 676
588 432
526 224
80 748
832 523
1014 536
608 894
194 164
332 160
648 552
727 59
562 360
576 715
855 382
565 738
881 649
980 534
898 750
925 895
80 183
604 592
578 704
850 166
677 401
972 728
348 774
464 888
608 403
493 816
563 904
812 378
752 160
843 202
768 743
512 512
545 988
952 104
622 509
458 880
748 242
240 80
232 971
769 394
469 280
416 830
171 768
12 328
506 563
220 1010
232 116
460 394
860 212
894 224
696 168
984 408
724 4
80 398
148 612
36 367
490 976
480 342
432 63
782 716
8 248
860 175
376 909
741 455
677 135
479 806
891 577
124 534
161 408
289 368
576 731
238 240
45 72
648 480
74 654
571 426
884 176
48 496
330 714
344 144
868 560
40 416
568 998
544 276
310 372
736 884
232 634
814 636
981 768
30 664
556 635
738 417
944 244
480 688
962 638
300 455
434 377
80 203
942 104
728 488
908 104
376 344
108 830
179 103
368 566
845 859
714 878
863 48
120 668
810 246
736 744
110 568
594 377
872 312
984 831
87 215
917 716
452 592
146 816
995 975
644 109
201 849
104 487
222 700
346 770
404 523
392 605
982 738
1006 709
802 130
847 904
488 414
531 348
125 659
136 852
740 168
818 83
576 1018
956 917
942 484
455 824
38 466
896 939
348 921
91 161
599 304
384 855
902 554
346 524
1008 48
574 808
922 144
226 351
232 852
954 740
56 52
839 392
1009 152
716 480
54 316
7 768
937 4
44 212
224 720
1020 960
884 169
432 113
184 640
768 852
960 550
58 862
272 724
432 935
910 924
197 537
306 813
736 620
528 744
820 852
325 150
992 402
1009 1004
470 698
297 516
149 410
765 218
227 92
923 35
354 46
136 588
844 206
1010 248
705 928
840 504
720 337
556 890
832 510
777 145
35 228
74 256
355 207
616 904
504 800
794 351
94 868
663 150
146 856
820 460
279 849
928 150
330 52
196 879
346 424
94 660
866 864
274 64
820 876
88 575
220 290
736 154
67 518
648 604
576 670
778 276
0 873
50 0
800 983
670 28
182 295
469 814
710 486
86 271
530 174
106 122
204 864
420 84
642 18
83 383
440 847
345 616
373 341
416 206
812 624
868 712
640 575
689 488
597 760
368 249
404 912
488 632
971 850
451 53
992 6
626 156
906 630
268 138
224 738
842 712
660 736
48 218
348 380
976 670
672 302
173 899
62 632
25 800
798 472
411 683
438 966
372 0
467 276
592 82
407 600
388 188
404 304
784 997
187 658
868 96
732 524
844 384
990 870
692 95
274 602
528 901
723 331
808 800
420 44
8 964
430 321
928 207
710 1000
462 696
142 714
469 862
934 476
728 625
0 544
239 74
296 644
652 256
395 724
292 842
36 728
552 640
384 754
636 523
786 419
76 829
426 615
806 177
406 57
624 832
200 504
296 54
483 609
982 496
176 1001
276 838
526 824
192 822
912 324
108 528
139 640
54 380
306 227
554 448
382 118
728 254
136 45
352 520
552 76
272 474
780 484
900 612
264 224
304 448
987 199
251 84
379 966
474 547
435 118
473 264
868 219
214 883
486 495
576 560
1013 880
725 792
702 613
225 512
843 754
452 514
296 705
956 699
1012 419
780 330
272 658
624 878
240 593
1008 252
352 396
644 798
442 407
192 805
984 249
913 224
456 320
244 492
878 657
344 978
668 703
219 584
1019 133
440 112
852 384
128 704
657 439
358 891
295 0
16 610
133 230
49 292
802 988
558 824
958 832
92 0
424 96
753 768
920 229
560 539
588 15
340 144
138 818
41 398
176 942
34 651
841 275
392 172
312 208
280 562
396 664
283 92
528 516
982 254
428 768
877 604
455 670
808 561
30 200
732 684
226 536
224 0
612 549
252 108
794 70
800 99
183 125
785 155
440 988
112 382
224 984
448 844
722 620
856 44
64 608
1017 404
29 170
874 912
337 207
482 787
808 349
707 541
683 278
25 744
368 614
196 219
320 820
424 372
236 970
276 462
968 503
686 324
712 10
440 128
160 964
827 538
368 184
526 954
832 116
360 174
459 723
194 52
158 680
776 708
476 984
579 455
47 974
123 996
22 746
960 421
254 954
89 892
98 1012
818 151
539 246
544 69
670 54
80 946
468 136
376 452
579 392
173 251
736 511
704 976
477 512
466 416
140 684
108 651
39 172
41 597
578 584
933 529
1012 43
959 954
165 462
559 464
568 230
170 453
425 706
496 650
969 449
792 58
394 224
723 600
643 528
276 454
1008 482
868 913
774 212
729 370
545 944
64 262
440 750
692 308
632 259
268 872
150 24
575 768
890 546
780 52
36 640
72 732
90 603
1 618
153 724
768 646
894 98
404 112
540 480
409 588
56 688
22 423
636 128
572 550
550 257
716 391
466 569
264 65
393 893
588 768
524 544
16 970
259 179
756 319
412 750
914 633
640 188
968 437
151 326
968 512
871 688
430 720
112 878
134 484
720 320
868 744
668 485
496 176
917 411
540 252
341 748
74 372
261 174
987 306
675 712
616 952
876 480
893 664
717 948
327 172
1017 880
516 593
416 872
444 277
902 1019
426 36
816 837
613 434
654 455
776 950
1014 744
666 100
52 898
616 914
520 141
288 624
296 680
325 524
317 355
832 768
140 874
394 316
161 222
584 16
444 459
344 667
190 584
256 744
531 910
109 6
226 837
604 302
168 702
764 775
974 233
285 1021
320 901
726 264
209 432
749 271
816 254
232 199
452 948
173 953
862 544
360 655
934 14
912 492
294 759
22 92
992 924
846 916
386 915
636 664
790 144
72 307
422 524
160 896
32 837
402 335
692 320
896 766
809 704
865 856
296 382
192 472
388 158
211 89
519 680
714 635
395 704
619 132
893 928
696 330
625 992
768 422
78 257
980 483
600 464
93 232
121 239
635 274
206 144
51 384
32 856
634 221
590 564
992 394
263 282
720 128
328 688
344 784
480 31
66 192
906 748
518 64
224 868
984 196
760 348
432 704
834 672
0 642
92 488
240 964
74 177
360 148
176 384
288 808
752 382
88 368
0 464
74 472
161 0
333 271
968 721
48 474
152 444
530 906
470 444
504 112
130 976
266 360
296 0
24 860
136 816
730 552
379 885
459 622
794 657
532 224
248 0
934 344
172 464
532 814
879 134
892 32
32 500
400 60
301 36
688 638
456 226
400 654
1003 852
172 632
732 336
953 768
720 28
624 660
384 378
880 168
182 64
632 134
219 814
392 279
1010 390
218 972
920 639
333 308
151 997
940 980
545 990
809 43
992 28
466 450
798 970
798 242
680 319
667 475
32 252
848 98
609 578
816 656
762 828
755 602
460 862
944 604
761 329
940 525
758 124
478 952
178 880
197 80
25 88
304 994
752 936
272 962
840 584
646 777
52 40
961 364
674 116
1011 810
798 276
8 15
640 850
381 824
191 96
710 88
960 492
937 392
204 736
776 364
1008 829
429 871
184 269
570 566
381 821
850 367
914 250
165 855
392 240
513 400
172 324
696 964
389 568
985 573
160 636
884 586
724 696
620 166
396 946
432 491
371 212
420 714
660 76
296 716
164 219
311 476
527 724
525 168
926 944
731 544
327 1021
384 715
146 996
893 167
636 863
516 623
717 673
656 305
420 912
980 460
400 444
903 68
734 450
697 863
720 116
12 603
464 612
746 440
318 289
146 860
764 842
187 962
180 364
576 528
682 276
908 146
948 564
112 457
966 355
492 500
980 166
20 946
814 176
500 1
58 704
933 975
928 224
118 504
775 758
464 24
106 920
582 245
1001 431
1012 0
925 440
44 455
263 51
693 640
950 48
630 859
730 58
921 804
816 448
720 359
932 896
654 896
204 256
998 988
194 617
745 598
310 108
338 64
190 579
450 874
158 1010
850 218
344 914
131 460
476 176
268 162
28 661
359 264
28 272
742 850
458 866
740 42
537 922
204 167
212 276
662 572
338 130
208 0
974 800
404 109
599 554
624 578
164 449
506 833
425 4
757 728
0 904
271 608
767 335
834 47
52 272
104 143
656 390
668 767
331 542
371 912
372 665
512 612
364 220
425 338
912 167
600 940
766 467
290 691
690 603
66 128
926 727
582 93
816 458
744 666
952 382
136 660
278 488
930 704
8 70
651 60
320 279
556 334
171 500
92 28
837 691
320 192
636 101
489 796
162 737
909 928
943 897
967 572
252 94
612 320
388 462
722 190
618 964
929 252
924 97
56 374
329 816
242 296
600 1012
866 791
832 326
941 612
136 989
759 586
52 904
1013 688
153 646
96 515
904 392
916 716
237 436
162 228
282 81
18 921
0 284
85 23
484 894
119 80
981 17
256 56
567 34
248 802
40 375
941 741
160 39
750 354
618 132
838 688
714 826
944 15
504 420
613 188
396 526
1023 349
934 712
888 512
954 163
168 764
632 464
960 832
602 330
604 100
364 948
186 418
219 680
588 728
696 526
295 6
728 96
626 272
650 902
468 752
580 957
694 564
400 124
532 1016
226 1002
40 906
171 9
694 270
706 109
920 266
730 201
168 262
481 531
176 888
529 996
896 386
54 408
468 720
648 105
644 264
389 395
1 226
774 564
545 336
532 457
152 951
167 367
591 819
476 276
553 160
846 944
480 848
255 607
68 84
254 928
543 394
152 55
250 1000
176 232
448 464
959 502
652 447
436 422
424 176
896 784
836 326
166 864
432 581
236 984
272 548
668 980
800 872
512 204
820 903
111 855
218 24
807 304
988 208
986 414
352 488
444 1000
943 364
551 399
902 610
646 396
124 256
232 144
407 928
820 152
388 920
276 244
696 8
560 578
361 26
224 140
40 230
890 62
620 309
922 652
384 13
992 808
310 772
343 74
883 813
30 640
104 239
207 118
737 230
616 706
394 552
708 960
601 653
882 912
584 144
616 61
855 1006
672 655
64 195
554 159
710 378
874 999
286 603
770 994
704 304
344 558
192 4
247 21
32 119
424 822
510 514
348 598
880 444
256 490
828 822
988 534
128 500
368 173
899 752
994 64
12 854
860 858
708 857
100 722
208 264
249 950
996 453
829 468
207 319
399 984
650 768
250 953
482 952
498 377
128 657
332 375
793 104
622 152
294 806
392 980
145 204
443 256
1003 699
427 562
768 770
732 649
624 31
192 359
660 924
657 1022
984 448
424 868
219 493
606 856
168 287
699 240
92 536
35 256
352 840
132 894
596 904
426 464
15 944
562 1010
42 962
638 768
848 304
222 416
956 319
665 48
962 88
978 677
200 305
36 354
228 544
272 112
216 57
472 688
241 124
578 324
265 884
1015 674
746 556
234 553
572 828
416 263
736 852
924 69
536 740
212 488
790 80
476 646
856 600
424 976
608 553
36 80
990 330
900 254
492 285
1008 80
548 331
115 430
515 770
295 668
684 755
14 890
26 292
583 704
288 3
485 743
408 319
504 382
364 266
922 390
144 784
835 184
416 343
880 608
992 936
384 91
311 240
316 901
944 629
266 278
239 244
702 164
772 114
660 128
224 534
742 672
532 1022
640 746
233 924
178 560
164 104
22 160
402 617
43 953
500 310
498 770
550 567
252 597
390 456
608 84
239 770
632 714
120 152
1011 331
680 368
832 841
42 80
606 976
264 821
690 516
252 432
469 483
702 473
54 152
280 448
609 1010
389 613
744 228
872 188
1000 646
730 568
954 760
499 613
840 755
12 448
541 468
828 944
724 706
100 476
858 54
600 126
212 882
458 146
208 864
820 23
296 681
838 304
774 78
952 261
790 561
397 872
543 810
54 896
932 533
506 237
839 640
362 647
1012 824
574 84
288 509
130 647
414 1008
42 447
666 740
416 979
348 177
750 612
506 572
922 53
151 979
92 440
168 148
201 598
892 361
474 718
782 188
352 828
104 540
656 956
912 508
116 347
16 750
221 300
717 395
496 820
1011 544
892 792
324 570
644 464
496 501
371 184
462 574
179 902
924 300
778 526
154 720
593 20
6 777
779 583
506 814
392 806
512 872
728 433
412 144
480 58
544 785
725 69
146 997
161 225
556 160
732 909
547 398
622 788
954 634
427 704
822 124
0 771
375 431
423 506
640 976
570 387
868 352
416 620
324 424
832 342
81 880
906 183
344 237
944 982
772 696
376 804
616 622
1007 626
221 196
830 496
772 404
120 462
723 555
886 326
920 204
15 790
912 170
878 384
25 456
112 139
642 354
905 664
202 710
166 353
456 161
1016 337
140 464
233 844
147 547
432 611
284 558
203 53
964 512
520 558
801 936
752 192
49 746
720 806
38 282
718 384
639 798
915 494
989 943
99 235
290 369
656 217
980 488
590 212
632 33
208 1021
824 398
448 90
560 702
731 808
364 64
662 697
186 162
416 64
736 944
416 147
316 60
148 704
792 130
857 372
448 972
888 64
334 158
992 556
398 931
176 728
800 802
67 97
523 199
816 24
486 206
76 558
952 14
408 933
674 952
466 768
171 532
864 168
211 956
284 30
464 124
492 784
672 867
208 213
525 64
834 696
159 981
297 408
933 423
442 922
219 511
564 1012
676 902
555 188
666 147
152 589
116 95
312 102
874 862
519 805
564 480
188 1004
455 394
145 70
276 644
524 270
198 264
14 988
518 257
323 752
580 466
655 368
121 57
219 417
60 376
36 0
872 590
952 696
956 978
573 598
136 698
9 616
73 284
324 903
521 819
513 728
61 954
752 196
909 200
776 16
382 572
722 588
479 248
24 280
1014 782
232 354
391 904
902 678
48 117
