400
74 122
351 312
36 421
505 344
320 350
274 310
35 314
60 102
320 50
490 6
138 500
256 298
378 244
296 459
268 64
36 472
156 416
20 348
100 416
86 446
320 406
407 448
480 256
376 295
463 415
328 170
316 288
210 386
139 348
461 472
432 444
150 500
322 368
50 176
160 487
16 62
106 471
42 432
271 357
8 270
272 144
0 273
32 116
224 164
4 116
391 280
314 254
464 256
500 185
44 444
416 284
432 364
132 21
291 266
228 476
69 312
11 260
363 10
217 48
26 116
161 48
152 294
491 340
128 294
389 176
24 214
292 34
404 484
340 464
186 2
475 32
49 264
60 78
255 110
101 504
212 61
399 124
146 236
236 386
130 76
359 282
320 480
60 0
96 40
114 483
347 128
182 349
464 213
216 286
328 275
479 501
23 346
151 232
32 496
72 49
108 196
6 264
199 354
372 96
108 269
360 424
96 124
72 18
65 387
332 105
368 128
224 226
144 472
150 471
197 216
449 312
436 352
377 68
156 6
480 208
240 198
266 464
76 496
358 151
86 200
180 0
452 258
371 48
436 490
346 334
222 422
168 428
290 78
464 24
138 138
328 395
438 81
494 270
340 27
170 24
263 420
472 415
44 56
394 328
284 393
292 392
480 172
190 128
276 410
311 215
69 387
61 118
206 321
62 202
354 153
335 416
52 474
25 80
360 74
152 312
93 413
28 32
418 224
160 400
378 257
378 344
66 72
96 197
31 396
424 332
105 496
511 264
226 426
380 360
464 396
64 253
396 298
280 12
72 204
40 482
284 336
444 464
281 189
160 444
96 145
87 438
399 299
73 384
54 96
92 438
204 360
144 320
208 286
160 264
73 103
128 458
133 224
324 415
482 314
480 272
136 332
51 68
60 463
104 445
304 242
188 171
1 228
258 338
328 384
167 20
284 297
192 396
104 101
323 31
96 48
232 349
465 384
68 42
239 288
128 168
422 392
360 80
218 300
498 48
205 243
396 320
488 482
104 155
153 158
26 136
484 282
204 140
249 192
384 184
58 224
404 227
221 456
368 168
205 228
256 58
369 180
500 426
117 36
17 189
45 179
139 40
384 310
192 510
248 144
501 160
219 412
488 323
232 361
462 160
205 124
254 484
48 43
48 479
175 11
325 251
286 432
133 384
180 144
98 262
147 218
461 116
368 314
300 444
372 324
212 40
0 304
160 8
150 432
450 196
309 16
260 0
160 304
456 96
504 138
244 392
337 379
108 106
126 443
148 36
166 16
4 327
248 212
176 396
376 478
273 340
8 466
11 497
390 70
63 286
294 380
492 398
286 264
362 464
210 304
273 304
200 371
324 55
173 96
278 13
44 496
140 142
160 177
118 242
176 296
172 310
232 466
292 224
336 256
196 267
356 328
82 368
237 0
408 104
214 111
296 438
172 120
334 227
393 466
508 457
424 394
286 234
330 160
50 488
20 414
195 210
136 140
160 488
283 232
396 33
120 316
162 377
463 426
336 360
126 176
332 284
249 270
174 54
426 456
410 340
361 240
202 494
216 269
426 17
411 427
234 467
2 232
169 416
96 144
72 256
224 392
178 212
252 464
208 409
42 308
130 444
64 312
288 376
336 50
320 284
29 484
206 147
384 135
16 422
376 292
454 138
404 352
68 286
372 352
91 423
56 60
296 200
164 446
126 136
338 388
306 370
139 204
0 336
504 151
433 105
40 376
350 356
137 107
310 120
46 411
402 186
305 256
474 66
49 56
240 313
312 173
499 336
224 4
248 400
421 324
97 160
97 105
136 328
399 384
319 501
343 322
