10000
316 373
1475 1198
1683 1444
1095 1686
1087 109
1052 1499
859 1888
1668 1790
1360 640
226 1888
1004 860
734 1660
1138 620
1631 976
1212 1591
1068 667
57 624
840 41
134 1064
1204 1366
800 1716
1912 1756
1337 540
60 208
924 789
2024 541
422 1190
1652 1132
1815 918
588 1468
744 2026
316 900
2026 949
20 1480
1452 1900
638 1596
996 575
820 1531
807 968
1592 480
403 347
1076 592
426 146
260 934
1432 736
1452 1895
521 325
1255 757
389 744
1688 869
1993 1856
1970 300
1254 798
232 1201
1620 1024
22 1944
2016 188
950 1288
40 1758
1385 128
774 12
514 288
180 1213
2028 876
946 1312
7 664
1014 1564
1936 1769
402 1769
1550 758
1180 1134
1378 464
1168 440
976 1456
492 1670
1072 1186
1644 1836
1136 246
538 13
1502 512
152 1054
1242 214
246 988
105 696
2004 266
772 1966
502 640
246 1594
704 1092
1424 1984
1544 1066
362 1256
1218 1895
596 636
1468 64
474 1034
360 112
1536 448
34 358
137 1735
640 264
1296 910
1449 1284
1305 32
92 208
1724 902
1813 672
1100 176
1118 672
286 1154
1407 518
1152 11
388 152
1572 1584
440 1792
812 472
804 1268
35 1408
240 880
1252 1692
438 380
1356 1366
1274 1412
1624 826
277 192
144 1208
832 320
4 880
1715 814
1473 360
48 352
986 1706
1978 1127
708 674
396 1668
1183 566
4 1747
245 1048
1741 2008
1092 284
618 1690
834 1782
380 1411
608 1808
132 1144
1143 890
260 708
216 1883
1899 1748
760 368
803 1699
836 1794
1130 1988
442 1546
1892 1376
1518 1069
1376 1392
196 624
1291 774
1600 834
1378 725
1620 1310
266 954
463 130
1702 766
186 648
1930 1242
47 1677
1461 607
1426 1403
508 1464
142 1648
460 952
1416 1920
1036 482
1308 1962
1154 1224
704 1843
1924 785
1933 901
624 1722
1334 1603
1622 428
1813 1430
594 632
1672 1245
296 272
630 1840
1202 797
928 688
1508 661
236 504
196 1552
311 1748
1339 1932
1959 468
1338 1991
760 256
1298 606
56 1704
1545 448
372 622
312 694
1912 1748
1642 2000
1635 1098
95 1016
413 1212
199 698
888 218
1450 1744
1368 1056
104 527
1782 1856
1128 1374
1254 2024
1648 1002
2019 132
140 1488
1983 1408
1957 532
1060 864
92 960
1800 1644
1078 1084
694 1259
1832 884
2001 1750
21 340
1488 652
634 492
368 1494
1655 1131
1451 1208
1567 328
466 1190
1382 134
325 25
1508 196
1059 1958
1966 623
1928 516
700 817
696 946
1768 1400
1149 470
788 512
4 361
1498 544
2024 512
1979 1143
1616 1360
1448 2016
1912 1714
648 911
892 1280
1120 1568
1764 852
9 1402
255 1104
310 590
490 274
1510 192
77 184
904 1171
229 128
1920 1758
986 528
1852 914
896 918
513 1392
1900 1045
704 1506
1317 1722
1196 432
1153 480
1744 374
1968 1876
1602 1792
862 808
333 650
1736 2002
216 617
1774 1247
1579 1962
1720 117
89 217
608 1472
974 1699
526 940
1824 60
882 304
1724 302
1470 0
1356 1893
1136 1512
1730 831
544 240
1744 668
1402 1160
1410 1988
1265 936
245 1464
1395 992
1464 1024
838 152
1738 829
1662 1195
988 796
68 1349
1151 226
890 196
1686 1252
620 762
912 112
1185 704
1880 1492
1416 78
175 1616
500 986
124 170
33 824
744 1766
58 1520
974 457
1873 1306
1884 258
3 324
1152 1192
2012 627
1936 1893
758 192
648 569
1476 1589
1516 382
1792 1736
1228 221
1043 1367
1910 759
526 228
488 1232
402 1459
429 1202
570 1981
225 1413
1504 682
242 810
1234 1288
944 404
2035 1660
1218 1128
1744 1142
376 1884
99 913
1344 1920
1400 1096
1084 1624
1076 426
406 662
875 1525
840 1950
1641 664
56 26
1868 1968
19 369
1620 1111
1248 1627
460 954
1208 1508
1584 763
1304 1344
472 1074
1855 1616
608 2010
768 350
340 861
832 512
1000 591
1300 1792
1028 1134
1214 974
1326 134
754 52
776 416
1512 992
70 1978
2030 386
414 176
64 1704
974 1468
528 694
1497 1516
148 97
1673 890
1180 779
388 1820
1736 1750
2 498
405 876
1081 39
1113 1896
1656 0
1680 1290
854 1530
544 910
726 716
1716 1698
1280 171
627 277
1106 807
1300 65
1716 1664
1553 126
1908 640
392 792
1842 1731
1684 236
357 317
791 1196
1860 1796
2014 428
1148 16
920 1388
480 1850
1417 500
1168 518
1314 1056
26 1858
688 768
532 596
1024 1194
256 1969
1674 934
294 812
1996 464
1220 1322
1094 1925
827 340
330 832
1330 644
848 1756
1734 2007
170 938
1280 1680
178 560
322 427
4 1890
438 1574
374 368
960 1988
204 9
1100 1764
1646 288
554 754
1887 1280
1462 800
656 1440
392 96
762 1645
144 1216
1645 1455
870 1504
1256 1135
1763 412
492 736
996 1448
824 1312
1116 1424
610 1920
784 1812
116 1456
913 520
207 694
712 60
808 1556
439 261
692 44
1664 324
992 1098
86 1104
351 2009
720 1628
1352 1255
1476 948
1920 784
819 1448
238 764
28 49
1818 573
2012 1446
1554 265
1636 1351
906 669
112 1040
646 1266
258 682
156 128
180 960
516 335
1216 1350
1964 238
1053 1216
90 151
579 94
349 275
141 873
1880 1716
1700 1440
798 1262
1256 1884
240 1493
1586 1508
829 42
1558 94
428 880
1828 664
1692 1963
1668 408
1593 418
647 776
640 1224
708 1272
192 32
1027 1772
357 718
570 772
71 1455
1615 1375
286 1156
606 86
1801 1526
1408 1118
1368 100
762 548
1112 1119
224 1191
786 1008
1928 1255
504 132
1018 40
1234 1120
394 1536
1589 2026
400 1920
1554 1992
724 134
432 1596
1348 1734
57 1876
1256 1852
1264 556
849 562
396 1198
930 1220
574 1058
2000 1117
869 80
766 1308
1586 167
204 1380
1121 519
1509 814
1152 324
166 1684
999 496
628 160
2027 1734
1232 322
360 28
624 1821
1128 1408
160 340
1325 1251
743 426
408 1296
1952 400
1535 1176
868 1863
230 1715
1646 1260
210 1004
1087 1126
1705 978
120 758
580 1813
1026 464
384 1334
357 376
130 1077
1632 1227
1620 0
120 943
1664 239
1973 510
596 1024
2008 162
1313 1105
377 868
1319 1363
949 384
1550 1017
1781 1954
1070 1162
602 1010
316 1306
1590 1974
1845 1328
1856 352
80 452
1991 852
1944 1925
824 1510
1435 928
1160 1498
618 498
1346 1546
776 1944
119 1144
1490 472
1356 836
208 300
1788 1215
1054 756
345 96
500 1508
106 1554
1264 1870
1694 1008
1986 743
1671 1815
1445 1932
1621 1692
552 204
244 308
0 1136
646 1808
1629 880
488 623
1632 41
1965 144
932 960
1524 1673
1906 1781
1639 686
707 481
1290 763
134 208
1280 1349
1273 1300
1348 1540
1973 1831
1750 1333
180 1579
572 456
142 744
1428 572
1235 727
996 181
736 168
1246 551
1680 1899
1512 1733
938 2021
576 1654
29 1332
608 208
1418 737
1233 1307
726 2006
1448 1841
652 306
1214 594
1062 766
64 1968
1238 438
850 808
776 112
1853 1612
750 1296
1460 1763
113 976
999 619
938 1618
619 1508
1978 168
1056 1504
388 714
83 1908
1254 1730
1104 1697
2028 71
1924 1512
1579 366
1958 956
628 1586
2036 776
202 796
1039 406
1648 1334
1326 1760
471 312
338 392
1926 1568
1676 1636
947 856
116 14
1572 583
449 1256
1812 708
248 536
581 1733
556 1607
2006 988
378 682
952 1620
652 1576
292 464
153 1102
1060 1240
988 1824
764 372
659 1808
1669 1403
467 1066
304 1868
513 1531
745 1838
539 477
1133 1316
196 1589
668 595
1403 952
1923 1890
1452 1902
1488 1848
1539 202
976 892
1792 1920
471 280
1484 1254
1328 1378
1135 672
1720 610
1412 296
203 1021
776 1620
1670 982
1402 917
704 1816
2001 426
1620 491
431 1984
1348 824
1800 630
329 744
237 244
120 506
1099 138
791 1908
700 642
1717 791
990 1061
1167 918
1237 580
1906 979
1377 1556
348 486
5 1644
826 1048
1272 1159
1998 256
1760 1226
248 122
428 1159
130 1616
731 618
652 500
1544 330
372 1800
880 492
1865 1636
1577 622
964 1182
1818 1196
1238 158
1648 1488
382 577
1472 613
1116 915
430 1771
1320 0
872 1596
48 1892
1758 1536
1488 1583
656 1984
1800 2003
1920 824
1888 1521
1568 604
1214 1712
1476 936
1645 1120
954 1736
1904 126
880 924
1228 1112
847 2008
824 1278
552 1615
1496 1584
1656 594
1144 1976
1408 975
370 381
1590 534
931 598
213 1787
542 763
526 144
308 244
1312 216
337 1574
1591 1032
706 154
1686 246
244 1566
1420 320
1780 1437
671 424
1016 1345
336 1410
1668 831
2026 1816
864 1500
855 415
848 1876
1882 1744
356 720
604 1430
727 1728
1816 1776
1480 1280
786 1936
402 704
728 1525
1498 378
248 784
66 1344
1746 1939
696 838
1008 770
162 693
524 1320
1010 574
656 295
92 1459
815 2016
1010 1619
1971 840
1296 380
1689 1154
790 932
1249 768
1713 1878
1640 951
316 1702
1976 442
1228 938
412 672
1665 724
672 811
1576 2004
1422 771
420 360
1792 448
1060 1352
752 928
721 82
590 793
1268 1466
781 1808
292 1288
576 1631
1366 649
1112 1473
940 1398
1484 912
2046 951
19 1898
1521 902
537 1311
1040 1980
1252 845
1358 1276
1968 1122
1188 677
170 288
49 88
1792 1955
1072 1975
1204 1122
1148 2008
1836 0
808 584
142 618
776 1340
744 404
472 219
984 176
1938 386
517 351
812 772
464 42
1208 892
884 1135
292 1800
1330 1968
1616 250
1275 1292
1630 592
488 1441
1716 480
512 1246
1254 1494
1974 1002
1584 1472
224 720
1648 841
1237 816
127 1476
544 6
378 1782
1111 240
1244 415
1545 1336
760 1342
708 1622
1948 608
1127 2041
1138 1341
1688 1876
1598 955
304 1288
56 1401
535 113
540 1062
946 952
302 1608
12 1136
424 1208
1032 1896
810 364
1776 972
204 2041
1570 32
1742 712
1177 983
1322 993
880 1823
1534 1972
224 35
370 1096
547 893
752 1425
1446 464
783 1837
1040 884
1474 1788
1140 1112
1416 866
563 1538
1005 816
330 1964
1408 1548
435 678
884 104
1343 1474
560 448
1554 329
192 715
754 1778
1997 83
178 536
608 612
328 1778
1804 1752
236 989
382 716
1124 352
1298 657
998 864
768 366
1503 849
683 589
1888 1920
2019 1907
31 905
480 72
992 1168
341 1048
206 733
669 1576
828 1184
370 232
1114 1644
1092 696
158 1712
1704 452
922 1488
390 1376
499 677
720 1088
1872 2036
890 538
480 1796
1408 1520
1136 2008
1738 787
992 1448
1962 1534
1957 2036
595 409
433 1670
1887 38
642 1582
865 1133
798 1422
726 223
1016 1161
837 1470
136 1376
922 424
1350 516
873 1988
748 1528
1438 766
1206 1241
1464 1136
346 486
905 1146
229 816
1128 960
410 1806
1996 240
1515 267
392 1567
1968 457
1848 1296
1031 1599
66 1136
184 770
362 1377
1510 88
1880 1244
200 1342
580 1716
358 1536
1400 2032
615 512
909 375
2016 575
480 62
705 776
417 1808
192 225
404 71
1253 1704
1923 1394
57 686
1256 692
168 2008
307 904
834 268
50 128
1280 363
331 1302
906 1500
1866 796
230 1304
1904 556
1918 62
756 44
1002 244
1842 536
64 1261
1976 1651
788 1149
580 1760
1459 1400
1740 824
2014 1460
338 1670
346 1746
171 1384
695 176
298 1008
1176 350
968 868
1872 248
804 1133
396 2006
1548 828
1638 900
576 1212
72 623
516 929
1970 804
1726 1500
895 990
815 1224
2022 488
1150 734
1218 446
1894 947
87 1749
498 633
282 446
977 1814
418 1697
959 983
1328 712
1248 1068
1218 2020
941 64
1096 1514
1189 1132
411 1978
1440 456
64 1752
1265 848
1328 644
190 1284
117 1966
1432 1700
653 512
654 1932
1453 603
272 1625
827 121
566 1663
1386 700
535 196
1122 176
972 472
1744 571
1634 120
1771 166
1515 1446
1146 348
712 420
956 1281
432 371
32 2004
1190 1073
1760 342
560 367
275 1667
226 1681
152 904
1088 896
1183 1165
318 840
1660 1760
2018 1159
1704 736
131 2024
1402 1912
1168 1573
1824 728
196 576
852 424
1730 1765
1418 1821
1437 1878
1144 1863
92 1984
187 1188
1849 1872
1180 904
1244 195
103 756
0 1364
886 1877
526 380
1728 1844
1550 544
13 912
17 1554
1308 1348
944 1382
34 1851
384 2043
274 1816
1088 768
1228 432
1616 1828
1056 1134
360 1024
2016 681
584 1168
824 1668
1541 2012
112 519
652 464
494 836
1459 246
869 1418
566 435
819 96
956 1556
1156 1537
1384 258
152 1936
337 1686
1182 772
1396 446
760 1396
642 592
604 1259
1349 1170
1942 774
906 1764
1550 1024
1488 944
1607 1746
1790 1518
1463 780
1602 758
860 1774
506 956
828 76
1939 1408
1956 1063
1488 1733
2046 1827
1776 240
1892 624
1708 1497
324 272
424 1152
1715 1677
160 1508
690 624
237 1806
883 748
47 1360
1958 1082
1602 1922
1371 1624
1916 720
1717 380
814 1504
44 1514
726 18
576 326
147 952
327 1110
1948 568
370 1320
1796 1800
0 1312
1448 1924
812 1860
1337 216
1218 1910
1973 1235
1971 1292
648 99
128 626
704 1152
188 1122
669 958
653 12
1190 1285
1676 2038
945 551
0 391
80 840
1518 908
1598 169
1286 1800
524 1169
1840 702
352 810
1030 1108
1392 1370
1638 580
88 1800
604 288
435 1634
69 1044
1404 272
171 477
1761 1078
178 24
1742 0
448 1668
1024 263
1066 1376
1376 1184
551 1922
1826 491
296 1284
360 440
1487 222
640 314
956 386
476 42
1662 358
880 1322
676 1024
1744 1096
1577 1186
120 1989
182 435
1048 1560
1172 560
114 1889
1520 339
668 1882
80 1357
2032 1568
1584 1615
934 1354
1582 1958
1320 1736
1489 1193
1474 783
1454 764
1986 1996
914 253
598 616
218 1964
252 786
2020 1376
699 171
567 340
545 1943
545 408
1024 1892
224 1702
1949 900
288 818
1147 984
1136 2027
1280 481
1892 146
522 1024
152 686
1442 102
160 743
764 1090
448 0
1604 1874
1566 1928
240 708
1441 248
1176 408
445 595
90 1586
1388 1364
1115 1958
1944 1024
1370 1280
1884 1920
1201 1750
188 861
1907 247
297 624
1168 222
1714 1056
1264 728
1904 1259
224 2044
1008 606
264 1023
1880 1892
365 1919
980 556
400 510
296 9
1744 1909
710 1100
2032 288
1062 504
584 0
2036 118
1728 929
768 56
744 440
762 1390
1992 542
505 1016
759 1588
1386 736
160 1135
928 600
640 1124
1990 1346
1452 1952
605 1511
1112 920
1656 248
440 1873
1879 80
1036 1327
378 492
1630 72
1600 991
961 1308
1793 1708
58 1146
808 1371
704 490
157 1277
880 259
832 1860
737 859
32 432
1624 1312
646 1578
1436 988
137 308
172 1723
1103 908
1424 1374
440 794
998 883
443 35
1920 1999
838 635
560 392
2001 1338
729 1119
1418 1064
1472 938
1191 370
356 917
304 1160
1120 1908
370 0
903 485
598 1548
1880 1489
1404 1513
1016 736
198 1380
680 1942
16 708
862 198
1580 272
1879 2029
976 1372
252 201
1450 334
1688 288
634 1388
636 1720
1442 1137
2036 192
48 1074
896 338
1780 560
216 1310
472 77
1669 1452
956 2025
113 916
1083 1327
460 1040
824 1282
1812 1060
1497 1608
1068 1570
952 72
968 1425
195 1347
1988 1840
1994 417
648 1028
1840 1088
1714 397
185 1647
333 1742
1984 1272
788 865
1920 192
1813 702
522 1568
869 1799
1200 234
1250 1094
623 1464
43 2012
663 679
800 180
1148 942
909 122
1852 1384
520 1280
102 1728
1125 1544
50 1997
1118 601
884 1460
1020 1087
904 550
1640 1538
188 1244
478 1756
1930 1043
1112 1346
1320 1539
1569 1352
36 1890
1920 472
1264 1704
124 1172
143 1120
1744 1480
1128 396
1436 1223
34 500
1560 668
949 1382
928 1295
1915 722
314 750
1849 840
710 204
1784 719
1629 208
1509 1587
1684 1904
476 1262
2000 1316
1935 22
257 884
580 1930
620 1779
904 1200
500 776
2009 912
832 487
1489 1672
1250 940
1870 710
1752 48
1676 1136
874 81
1424 2040
688 40
1805 1464
1045 611
608 888
706 98
1931 1912
1729 2010
276 524
720 1516
1384 458
283 236
1814 1620
740 1209
182 1432
282 780
720 1147
347 999
1561 818
556 216
2001 60
1307 784
1012 1536
478 758
580 510
122 525
280 1420
1922 87
10 648
336 1672
484 978
174 1280
832 424
1764 1982
540 1370
458 632
388 1094
551 482
1959 582
1330 488
1633 880
436 1824
1280 80
1333 2045
712 1905
1340 1674
412 1450
2024 1490
1049 806
392 903
792 1822
1846 1358
1036 562
685 1372
1038 58
529 1957
1616 1132
1392 288
887 1232
1728 912
1664 778
778 970
1262 667
1176 1840
405 1808
1897 712
1272 1620
1494 166
680 672
165 2018
2 1272
329 1306
1534 833
172 1832
1304 200
1516 1538
1212 1326
1811 1996
1464 864
1550 768
1806 994
1016 16
640 1892
1960 1748
382 128
308 899
925 1459
1328 1542
1562 1984
818 639
722 1778
960 1344
1866 964
935 589
294 32
1088 1140
796 1718
1235 167
1554 1536
130 448
1040 710
351 1920
922 1744
1026 956
852 729
28 1115
1116 1850
908 1784
1494 1199
640 1819
1681 692
1478 1048
1462 1652
368 1652
1879 195
1372 1046
388 1522
1264 802
974 1320
226 1723
96 1656
611 819
1568 1408
1108 630
787 1428
1564 1432
4 1168
553 497
1326 248
814 1128
1719 728
399 1008
764 840
452 896
896 944
1325 755
1438 64
1132 972
662 216
312 1588
1006 1276
1477 116
1668 1184
1244 678
572 286
255 81
576 1168
851 881
1792 1010
2030 1902
526 1813
1162 864
892 908
64 432
426 453
1460 1442
1246 1157
1907 1580
626 713
1041 1020
1623 714
35 1808
1122 1080
1678 1958
2035 1952
1866 1017
1119 372
1658 1118
1656 1741
1937 61
326 1899
1777 1358
1540 1776
205 2
432 1828
308 240
552 709
1528 1072
1573 713
688 356
1042 1342
336 1820
496 412
1808 437
686 698
1817 274
292 1009
933 1367
760 1466
1960 1036
1187 1792
1472 315
38 1025
724 1436
1363 1088
389 424
167 3
1470 172
480 1760
948 1045
1276 728
108 304
1280 1562
192 641
507 886
131 1035
387 470
841 218
515 822
1236 188
1108 16
1176 528
2009 327
808 2040
364 1626
142 472
240 1714
518 1888
880 1355
1911 1798
314 648
1926 440
122 1863
1441 780
943 1057
1864 140
732 1624
912 1870
1599 1508
1925 956
1180 1466
665 1261
46 1722
640 588
986 65
1962 348
1417 1430
862 926
1536 687
141 672
1356 564
425 1733
1130 352
704 637
1572 600
1852 288
438 1528
280 1216
85 1022
2044 9
1722 348
584 125
1923 650
1326 1236
1628 136
1432 830
837 1828
622 396
672 1588
1615 686
98 1200
1178 472
1856 1860
828 1585
474 544
1120 248
160 1906
1150 654
1130 1348
250 1516
1810 774
1872 739
1599 1398
1835 1980
1293 1662
1116 68
648 1822
276 1350
356 1492
1007 244
238 1592
1898 854
834 1200
1016 184
1398 2009
825 494
696 1438
1472 1996
1922 312
962 1530
1792 138
478 1240
1141 656
540 1280
84 1656
362 596
980 488
417 600
227 376
912 1876
638 1208
990 1626
394 1728
228 541
900 142
1284 1122
1840 716
1946 1536
1373 826
52 4
1986 928
1185 826
1344 1760
905 155
1893 936
1096 1370
1388 166
544 25
1880 1186
2002 1436
508 488
1587 1352
736 1726
112 602
484 913
960 1297
140 1430
1737 1442
1426 266
204 400
1998 1260
1272 1799
1336 498
660 701
384 663
1728 1038
1738 1780
208 539
1786 1556
397 1256
283 458
804 662
347 567
1744 614
220 581
184 440
984 1583
935 2002
1728 707
312 1104
1879 10
1864 68
904 927
736 1970
2008 800
1761 1614
578 104
300 1640
436 1876
402 1497
216 812
1872 1119
0 1288
1598 1546
128 1812
1649 400
682 1342
2005 1522
211 347
188 681
785 498
1587 1844
576 1216
1024 862
1329 584
68 312
1582 187
998 894
500 843
22 924
778 1708
168 976
1389 760
1487 780
1300 1450
1536 60
732 1636
619 1876
1865 1156
1887 748
1792 534
736 708
640 1192
1088 68
976 576
1059 1584
428 397
1604 80
1112 60
1304 1296
1310 1672
1608 469
1878 1231
1186 768
2001 1075
1547 124
332 1776
1599 540
1872 1276
1868 1044
1704 1848
356 222
877 1669
544 629
1972 1788
176 1628
1409 31
392 1120
1536 1150
1698 292
504 96
853 719
1653 362
896 1302
775 1826
274 701
98 1748
1098 1336
1336 828
886 976
1630 1282
1675 34
1812 1782
1412 1451
304 510
1917 1684
128 952
1924 2027
1764 1188
937 1740
685 1650
1728 566
1776 680
208 1192
1992 210
2043 1245
1071 124
2000 1886
580 544
79 1358
1729 1735
652 394
556 1426
1620 1904
1012 932
1197 1518
1960 1928
911 1129
1066 752
1464 1121
1863 116
496 1508
378 256
18 330
1933 1513
438 622
1328 1991
1184 760
933 1888
1847 211
1480 1822
1321 1064
1724 151
277 134
270 1040
904 538
1608 407
2024 336
1384 1275
929 206
347 1344
1250 1577
1410 482
768 1996
72 746
467 205
946 1346
1537 926
1464 945
5 1548
1208 1958
1832 1924
817 678
1586 1770
832 1167
993 1568
1114 10
2024 1853
1240 168
98 328
2038 1596
553 1735
1992 657
1833 1421
229 1270
49 844
712 1548
654 1048
1818 1942
826 684
2043 1453
950 472
1064 380
448 1212
1264 942
1896 1213
977 274
1712 1525
1997 128
696 1230
1420 1962
1098 1136
1258 1124
1592 1986
128 1544
1200 1440
1184 1428
102 1247
1960 930
10 435
1987 226
864 160
832 600
1092 799
838 1533
1648 278
1276 1680
1962 868
1402 448
144 686
1798 1072
951 1256
1248 1640
290 1658
858 608
1890 2040
648 1568
1623 756
1758 1530
301 508
1034 132
2036 456
1113 1560
1197 648
528 100
497 1130
854 217
349 781
1157 245
500 1603
1825 1722
1838 976
1965 1838
1754 625
1474 1362
1530 1500
1918 953
1616 32
1840 748
1439 345
888 1452
1376 548
1292 584
1032 1366
240 1541
570 368
302 1297
372 1042
792 1651
1168 234
2040 1512
1490 1140
940 1143
1068 228
1744 1355
1328 850
1332 996
828 190
4 781
1570 84
1329 59
2014 229
994 340
1468 82
1067 1032
92 1244
786 542
242 2033
876 1501
500 1388
1786 912
1836 1436
1502 32
26 276
1060 880
428 910
1220 1950
1683 1544
1492 2043
1846 1109
1453 1713
222 92
1184 1648
1864 1312
1720 791
1887 1476
71 1930
46 502
1082 1022
1300 892
658 416
938 1032
1235 1040
1976 349
1792 366
80 104
1310 792
224 276
1606 1844
1068 1295
1235 365
47 172
1539 184
128 1606
221 1617
1264 1152
253 1901
980 1144
603 1986
232 1438
428 272
584 263
440 1466
423 592
721 718
1441 188
1572 1772
1988 204
310 546
37 45
656 1617
27 138
1804 864
1962 132
1928 1322
1274 160
64 1621
734 120
1236 125
702 1286
170 1224
107 551
1044 516
1357 1154
747 576
1170 1536
1832 1320
234 970
1485 658
1088 1037
716 434
1777 1222
128 1386
1344 1168
849 876
1691 1392
442 168
1706 1024
856 938
1584 360
2010 1845
324 1587
61 98
348 165
457 580
267 1270
1900 1305
1764 737
1920 1796
792 1875
772 728
734 2040
1466 837
240 1820
1156 499
1744 1932
1352 711
133 1170
1774 277
1481 290
100 517
1045 1641
604 884
1440 960
698 617
144 1312
1044 34
578 1968
1789 592
596 825
1424 452
1824 666
1944 688
1132 1768
1464 1168
1848 1446
1678 57
1473 270
1667 241
274 894
334 388
716 1168
1066 1561
1824 1904
1996 1190
1923 1560
1784 933
671 1530
374 1968
47 367
867 8
1561 40
224 1168
1944 1810
1468 1234
12 834
242 762
604 931
300 2006
1754 615
1092 287
736 930
860 354
1336 263
1018 1516
906 130
889 1128
758 2002
768 1376
802 1664
1278 1730
352 814
1104 880
1938 1001
1572 256
1434 186
1516 1135
628 400
1141 630
266 1106
618 292
978 2032
1736 1376
1013 373
1190 1904
1981 260
2020 360
996 1426
1517 56
1383 852
493 1850
1028 672
984 1747
496 1586
1424 44
1284 896
16 1868
1479 572
1870 142
1496 108
1953 286
1908 1692
1389 1949
513 1721
1152 1357
356 268
1339 939
971 0
1419 2016
1635 1216
1354 52
202 1243
1248 1680
1832 1025
1600 450
1446 1626
4 667
28 646
526 1892
899 1165
1193 1327
1222 1004
809 1943
888 60
942 384
1754 1853
732 2023
700 1606
424 1356
1600 328
1174 982
680 1944
818 1720
516 176
1832 1728
1511 1847
1843 469
230 352
919 324
1038 1948
498 19
1184 616
983 440
1908 1334
1166 649
1916 1096
1918 1736
1165 1021
1200 952
651 2002
1698 241
1226 1892
1368 1025
1786 348
1984 952
1895 1496
1672 582
1889 1594
213 1070
2009 928
349 576
884 1968
1192 1384
1536 1232
594 263
1752 149
744 736
972 1999
2036 80
448 1429
669 1268
528 1775
1584 464
1408 1890
1080 1896
1816 579
426 1954
628 1368
1700 1552
908 348
600 58
1064 224
572 1783
976 348
1408 776
536 386
808 998
428 723
226 32
2000 1046
1094 352
1484 312
1312 1708
269 223
810 424
1021 283
418 1207
1086 1778
890 1309
1664 1663
688 288
850 1440
1988 464
864 1831
423 1400
1234 1616
416 1408
907 449
1189 1444
956 470
1274 268
24 1775
1431 1896
263 233
683 1146
806 185
1756 1917
1503 570
1243 647
1558 406
546 1414
852 808
756 552
171 1326
512 1236
575 1747
104 1326
52 1696
1912 1504
1496 178
1410 896
1837 1530
1988 1483
1028 2036
1132 32
296 133
848 680
1668 850
224 1997
1364 1408
1384 996
1896 218
1941 1393
29 2020
1253 56
224 1914
686 1323
1555 1695
630 1942
1326 1979
416 192
190 1463
216 816
1056 1810
1066 1930
64 1056
301 720
2010 80
666 400
920 80
1979 452
1418 1098
1888 1984
1662 1452
1218 1877
1076 1492
1004 1847
544 367
480 389
894 1352
2040 1366
1052 1606
1480 946
1760 30
594 1526
1492 1379
1462 920
604 1042
583 264
982 285
1080 1986
1536 1472
259 1316
34 1812
622 1998
736 652
616 115
1345 373
845 1824
1344 2036
850 1696
1384 1056
131 1838
506 2013
1636 719
432 1352
879 79
940 1807
313 428
1608 2026
889 1352
1688 1708
194 526
539 1500
288 410
596 1956
1872 760
312 1376
711 809
2047 222
802 389
1362 1317
986 1150
720 1792
896 340
1971 136
2026 919
964 1312
990 300
20 1020
780 240
1152 316
247 1980
40 246
62 263
1032 1004
1256 664
944 476
1156 188
463 207
960 1269
672 1127
1045 1782
1140 109
560 548
720 1190
153 1655
1664 1400
689 798
98 1996
1360 60
918 1378
806 1986
168 1864
740 2022
1358 1205
220 1684
1478 1513
832 996
766 636
2022 1942
1925 1337
1892 544
869 52
1768 1126
600 887
512 1728
26 1928
882 256
270 539
1432 1071
369 1524
1628 159
1916 1544
1976 1552
1420 1424
808 112
806 1440
1667 1729
446 1759
48 1313
2028 1285
1672 825
1536 1141
1236 896
128 1228
2024 650
1984 1210
1952 1517
248 563
200 2020
1040 1465
345 74
598 1296
402 279
760 585
122 1323
96 1896
1544 273
638 524
1804 248
1240 154
963 732
970 282
967 542
1123 604
858 1450
944 1776
532 1997
1224 1506
157 1844
1202 1352
1961 1664
920 1352
1096 570
764 506
1786 56
1677 1503
11 768
1658 34
1552 1580
460 670
1736 1927
1473 720
228 336
80 269
415 1925
800 1834
1042 216
1190 1618
1311 1767
1858 2035
1096 59
952 1310
1652 420
1640 444
573 0
1266 1633
1904 492
652 960
168 2023
1888 736
20 1632
1168 40
1082 1692
846 758
1768 626
1567 792
856 662
48 1616
1934 1792
734 974
241 1614
583 1550
1907 1024
316 744
792 1192
442 1029
1433 1576
628 2012
680 1024
640 166
1086 1521
438 1224
1104 0
33 898
164 169
45 1561
1936 1982
1484 1895
0 284
1878 1180
1612 1034
1242 1581
1192 664
1488 78
540 456
1086 449
1946 889
1515 1596
369 1112
1677 1288
171 1050
195 145
1440 919
1888 1204
139 1284
1820 376
856 643
574 1648
665 784
1358 858
618 1454
1144 1665
1456 1804
1142 640
760 854
1816 230
2008 822
912 1262
322 952
1633 685
242 364
16 345
1928 866
614 1934
440 1727
848 1382
520 1216
295 1816
1840 1648
192 975
1076 685
198 1536
1951 1080
1320 1792
717 1792
1616 1378
1460 231
1992 840
81 1645
236 252
432 1780
1286 892
1664 182
1264 664
1570 1408
1408 38
1498 976
119 1424
920 642
1950 2004
183 820
168 1720
1440 2016
566 162
1861 1300
1968 1372
500 72
1113 760
1478 633
236 1187
1928 117
1312 649
1375 1036
736 1188
1890 83
722 336
1764 707
1114 1942
623 1944
747 1566
94 1812
1872 272
1364 1638
1488 836
1144 1928
84 77
1460 329
513 644
1664 1018
456 978
657 213
720 1894
448 1080
132 1664
1141 1720
1536 1781
1308 1422
1932 1523
1558 684
373 1377
1895 1482
1974 1620
424 1296
638 1820
312 1992
1617 1898
880 610
979 1024
1698 676
544 704
1128 1136
1621 590
1168 1248
1384 710
1307 1133
873 768
814 156
1734 630
320 823
2011 325
24 1258
924 788
2018 154
130 1776
1969 1312
1125 130
1804 1494
857 2012
1888 1289
58 1112
1528 92
1604 1453
756 738
995 1055
430 128
1281 1093
4 1154
1829 2030
1344 1894
1892 1260
1792 128
136 909
1392 1841
1688 61
952 1193
1736 190
1772 1862
2040 816
1653 280
1634 310
592 528
1071 1796
1831 116
454 1690
1272 1504
1864 960
72 172
1944 39
1826 1768
979 1819
251 1064
406 812
1368 1846
2028 1848
1605 72
1910 1336
512 1463
797 800
1980 620
1711 1969
635 1114
1532 221
264 2040
574 696
568 904
1518 1629
1872 2029
1192 742
454 1186
1218 732
1179 1086
1852 913
1164 876
1320 435
832 1832
1335 1206
1631 53
1240 662
56 800
1782 1041
450 1500
1334 1969
1836 629
157 688
1997 1450
784 1124
1160 1212
332 243
62 1556
1077 1467
911 560
1032 1121
765 474
390 1227
1789 1440
23 1471
477 436
1400 1510
246 634
730 838
856 1068
608 756
1185 348
696 1818
751 515
101 208
1930 1789
1064 81
1898 334
1630 1156
352 1020
1294 1797
1002 832
1568 1024
1263 391
678 2045
1815 188
736 1222
1706 1360
930 1020
794 1164
972 1860
1180 1306
581 62
78 530
307 1323
1866 1376
1480 1224
527 376
259 1904
1832 414
1327 470
826 32
1406 392
804 1664
896 96
2034 1588
1120 1320
195 1852
1232 704
464 628
705 1172
1694 396
1082 1744
620 692
1342 1146
145 33
379 29
1806 992
1079 844
1848 1324
1524 1616
840 1644
1576 962
104 1072
1360 1209
1521 512
868 605
1515 1679
664 662
2022 10
7 249
994 162
2010 723
1526 1941
460 8
1009 995
1656 615
330 1388
1244 632
1709 395
988 1734
137 548
498 208
1479 1655
1004 204
1834 417
1260 844
888 169
64 60
464 607
870 610
313 212
1993 954
1047 726
1074 1870
1559 892
667 1129
648 1544
1869 736
1764 1556
1626 764
1582 960
1254 544
552 1165
760 1792
1584 852
84 896
812 1092
839 716
1800 752
1928 1456
1009 1426
1479 1575
547 1059
930 738
1904 712
1212 96
1807 1424
1972 2005
316 688
1166 1228
332 1525
413 1772
920 167
817 1732
1420 1302
1937 1568
1004 822
1909 967
120 736
984 712
476 1830
1881 1392
1884 191
877 979
1989 1536
1213 132
1968 1576
463 1988
1827 308
1812 595
166 658
464 1464
1661 512
512 1324
90 1588
440 176
1256 1926
720 1444
1920 913
1916 1516
1042 1348
540 1365
424 1693
62 1872
1496 1717
1070 542
1264 344
1160 504
1478 812
1560 649
80 44
271 454
137 331
196 1528
986 1207
308 1758
256 338
21 90
1599 2040
148 1460
1191 1833
767 222
34 912
288 1856
560 696
405 224
1946 216
1174 80
120 1400
2 1546
174 520
618 2008
771 124
1956 1378
388 404
1148 444
1280 712
184 1963
1000 1730
945 1536
1536 164
657 1688
1708 1138
1728 732
1706 657
456 276
890 212
1578 344
1670 640
843 424
530 1845
1201 1682
601 821
648 1841
990 364
579 576
188 232
1401 1162
288 76
1806 848
1910 777
1826 590
1865 14
1368 42
1728 870
65 1512
861 512
1171 1584
368 1509
1743 1280
1268 812
841 428
1723 585
1160 468
324 1747
1058 938
896 1577
194 771
1608 526
234 886
906 1957
974 116
405 293
32 976
447 987
384 536
176 1397
1216 1170
234 284
78 2006
1638 134
1702 349
400 1968
675 1948
1681 564
725 859
250 30
944 1291
813 1988
634 762
1513 352
2032 151
697 1552
939 2029
1330 1071
90 1814
1479 216
104 1771
465 1424
561 0
1144 1704
1767 703
228 1614
1972 416
1064 2008
496 1520
1184 1272
1668 1303
1682 955
74 896
345 214
1512 1572
1584 659
1730 1464
1022 466
542 345
240 72
1799 1098
944 960
1240 200
128 1580
720 1396
1228 1661
454 704
1411 978
1908 1608
2032 220
926 400
1546 1508
1126 1917
128 370
932 560
1003 886
1270 590
1312 212
275 568
1653 1527
588 1800
24 1248
200 656
222 720
352 842
288 538
581 2000
336 680
593 1998
1485 132
2013 1130
1786 1596
1457 1005
1676 2023
1292 2008
1956 845
1906 1855
892 313
1208 800
1742 1868
1032 1224
2009 970
532 1775
44 2016
1396 1644
408 716
138 1126
1564 412
988 704
828 1918
498 1600
396 1968
1424 593
1823 1012
202 489
1167 1138
512 1441
1328 886
1048 290
1040 175
1920 58
19 92
1125 454
1652 1944
51 512
1136 1644
852 44
1862 937
1450 970
1775 1844
1268 1838
1506 679
1102 522
191 815
1740 639
1292 256
308 1825
1920 1488
1178 1248
412 284
1820 1929
288 752
464 502
977 1100
383 519
1979 1351
1928 1864
1012 1038
1653 1214
1137 1750
494 1922
955 1924
1402 222
442 1174
426 1686
336 908
360 1254
1857 205
1180 474
1816 856
1042 1444
1672 1486
1529 1347
792 530
1103 256
924 1824
1768 418
1810 896
258 73
499 1504
712 1436
880 623
299 1869
899 142
175 531
1838 2045
1976 1223
1721 114
578 1625
1934 1824
994 101
1878 572
1800 1964
296 266
1704 1450
864 448
630 307
1370 1984
507 1320
624 1392
2000 1024
2 1254
624 8
913 1779
38 63
294 1091
24 690
858 20
566 766
1958 1210
1854 408
1349 1520
4 2034
1508 1718
896 1878
633 1211
1608 1832
1468 1516
1048 217
1809 592
794 1052
1376 88
1144 64
132 2003
0 853
1300 320
53 744
1908 1900
387 1958
440 1618
1752 682
1654 520
1669 1036
720 677
979 1921
1518 521
1353 1696
1248 517
1508 306
1978 1947
529 1326
730 844
18 789
1018 1210
1223 1971
77 1840
1051 1916
1150 709
1608 1340
206 924
1693 1280
924 751
1666 1840
1779 700
1318 1201
1568 1992
268 1210
1468 1219
102 241
164 760
775 776
732 1334
1490 1165
828 109
958 1863
990 1248
839 1832
1796 543
1620 375
540 1576
1170 1213
1144 1664
1175 979
1894 1568
64 1984
770 478
247 1858
1235 1472
496 439
1865 964
1420 1229
1881 46
550 1304
79 1376
1160 422
516 1224
1698 733
1976 1774
1792 3
570 1780
176 1700
1646 588
298 1696
1954 680
1527 1993
1417 1640
291 66
953 438
1921 988
734 1712
720 850
198 60
1638 382
640 361
1491 48
1576 448
237 1180
1979 1134
1920 731
1296 1036
1813 464
1773 291
32 2030
761 509
1864 1207
1432 1926
1626 1174
928 292
1464 1525
298 576
800 1355
58 1752
648 1204
336 1702
190 892
1006 36
1312 1073
2032 138
1200 200
1916 695
584 406
916 384
1274 417
661 1937
1901 1122
154 1028
118 1529
1699 1928
668 1440
916 608
156 1816
834 1348
1898 1712
1543 1424
495 250
324 1664
1162 1472
352 922
232 166
1758 676
1992 2041
1667 378
1902 745
861 787
924 606
1228 319
1359 928
1670 616
592 1331
68 533
1280 660
1013 1040
554 164
1383 2016
69 928
1223 1040
1432 1436
328 34
464 676
282 1424
380 64
594 303
1133 1880
796 44
1056 1112
816 968
416 513
1908 1500
332 1565
552 560
1968 430
4 1414
1906 582
1241 1155
122 324
488 364
429 1874
1616 1680
1655 102
986 1133
600 1911
1985 1536
207 511
1727 868
336 204
867 944
811 1290
968 1650
320 889
146 1019
1276 128
1438 916
740 1984
220 1562
1280 1563
1792 1231
1614 1132
76 350
1912 0
667 1468
1376 524
1426 209
1344 732
176 1354
38 1664
1638 1528
20 1622
1816 508
242 1920
128 292
736 829
1440 55
1040 1800
219 780
2030 1170
1024 90
1490 889
415 1504
462 200
448 916
541 1418
1961 243
1632 1650
1181 48
1176 1496
407 967
1371 362
1431 1864
1642 1084
1490 1507
989 1920
826 1158
922 186
1224 336
1069 736
1612 1670
2008 78
1398 82
628 936
1070 454
448 679
1318 1536
460 974
968 64
192 467
1942 0
932 1760
813 1840
1738 1033
1607 240
755 1402
163 2020
1387 1848
1478 250
618 88
1648 1568
1566 1774
322 1285
1000 460
1716 1571
1382 1652
679 673
251 969
1113 208
408 1092
412 1880
1512 1680
1928 572
1662 1410
1205 1332
1136 1187
598 916
720 1014
1222 434
311 449
1081 548
1920 1374
1484 838
1444 350
1364 1245
1840 909
1498 1824
1899 1944
834 560
454 1938
104 308
1952 1754
1028 316
307 589
555 124
1741 1424
201 1052
1768 1560
1284 836
332 1894
1572 604
318 356
233 48
904 1730
1848 1456
1584 874
44 1548
1531 632
1906 1940
0 1670
1228 776
1032 312
1936 506
438 1374
146 1388
656 1325
1436 1112
608 1111
840 1792
1240 926
660 1632
201 1032
1960 1010
1150 812
224 1209
400 1048
140 1592
1644 624
1008 1842
1076 1573
1472 744
167 16
280 693
2044 238
1425 587
1297 848
1426 1875
946 121
1892 0
718 1650
488 1686
1960 1001
720 1125
986 1549
458 1189
354 36
1272 1274
364 1600
652 316
1344 68
1962 3
1853 1577
512 745
1960 864
680 1150
1215 1897
1302 140
1036 1832
1969 276
290 676
1095 40
758 1377
926 1860
1770 566
312 91
1805 728
2029 585
1954 1854
624 1306
360 782
872 1955
1616 937
224 498
856 694
75 960
1676 1326
528 304
1978 1462
1728 1577
1622 1197
318 1760
634 1989
1980 993
1892 1837
448 1376
192 1568
285 8
1677 1446
1512 1024
752 608
1440 454
1138 621
341 485
1416 1806
998 222
699 607
1163 1902
276 1746
448 1082
120 320
396 1110
253 1962
436 144
537 1730
1662 1606
1464 1304
1484 1167
1429 645
2042 348
512 123
848 616
408 2032
339 749
1272 1062
1474 270
1225 1896
6 1160
924 90
1309 456
1822 2006
440 1600
1124 1752
1999 1252
868 204
1280 347
32 676
1865 1024
702 1400
1109 2012
1726 1504
1936 1718
1018 1640
1922 99
1478 172
1384 416
416 1448
324 1017
1324 304
1304 92
36 1888
168 984
752 469
1292 288
1632 152
35 348
1901 853
937 1319
200 868
1324 104
1626 404
1458 1761
889 1476
1188 1054
1024 146
717 1763
463 359
33 1808
1246 1616
143 1240
1062 908
1155 916
1808 791
1593 396
328 400
1251 1164
733 704
736 1844
1729 1080
1622 1808
1813 300
1920 1182
1905 1591
1752 1850
1696 400
716 1699
0 76
336 234
1987 430
1798 148
1996 1788
1774 812
82 113
1526 380
300 696
692 1760
828 410
960 91
1257 1901
44 1674
1548 518
166 1255
1207 812
1235 1481
1069 1576
1036 2020
976 1777
1921 122
1616 1715
1372 1538
1970 878
306 556
1000 1562
896 1842
1848 842
1752 472
568 1475
1364 1050
201 845
328 876
1272 1168
64 324
270 138
1167 1713
788 98
191 1360
1896 2040
1817 1762
290 854
446 1788
852 1110
1664 1468
1078 514
728 1911
448 691
160 1657
151 416
585 245
564 2002
848 140
1138 1720
1910 198
1596 1741
832 1814
1760 1880
1773 1190
201 192
1382 1464
512 704
992 1640
112 234
1362 44
416 1288
238 1563
1663 904
720 1920
1301 1874
227 1353
1491 1733
956 1004
992 184
1958 1172
1804 368
1875 1240
1940 872
0 62
1720 1398
560 622
1770 860
850 843
1648 28
40 512
660 1752
331 155
200 824
1160 735
1084 676
48 283
904 1605
874 1654
1692 1656
864 1174
20 866
317 408
780 130
1664 572
1252 1540
1040 1321
2008 524
832 1614
736 946
376 1793
1560 881
362 398
1072 384
1286 1200
472 616
1668 176
1147 1940
871 525
1400 1788
188 399
1925 1038
119 1147
766 1666
2004 1182
77 414
1992 984
724 1384
1344 1932
1520 802
1760 1009
985 700
1421 972
1872 772
1052 1927
1108 100
14 816
1405 266
1206 1192
1846 1190
979 21
538 966
1144 1234
1279 513
1734 1392
1946 1068
468 47
1608 1992
1851 1924
1504 1750
476 1574
1210 1394
1304 1359
424 53
1046 832
402 1075
988 1888
1415 860
273 136
1904 1654
498 1832
824 1232
390 984
1771 1365
148 835
1584 885
478 354
1280 650
2025 873
1979 1202
564 1963
742 424
11 840
436 1564
448 1728
1080 226
1704 1870
442 1104
656 999
126 1792
1168 1868
814 1602
155 1070
1034 937
170 1336
300 776
1083 554
1168 128
28 140
1918 830
240 1587
124 1504
1693 1328
1508 1508
258 94
1136 1678
770 1832
1212 602
849 1748
1956 1886
1215 967
1937 1501
97 424
1700 1288
1994 1968
1424 1419
519 55
591 1196
624 944
1809 1012
556 594
1100 1648
208 1216
384 128
639 1977
1152 409
684 1371
1476 331
1793 1479
1436 555
1180 1068
0 1137
1741 402
1548 256
123 772
663 2021
160 790
758 24
1936 1590
744 1109
216 1853
910 1109
1263 1976
1056 628
38 984
1664 1508
716 420
1322 112
311 1690
795 1406
316 4
314 312
1288 784
1164 1620
614 1570
1948 1112
1426 1748
1540 504
1400 185
791 857
1325 383
1585 1316
1041 856
1945 1437
1008 445
1568 1238
753 1104
1490 1004
1792 1069
797 1124
366 1376
1902 203
1706 1350
616 572
1265 1976
1879 1838
1651 1580
1635 244
90 710
1888 1684
84 1908
1983 616
428 458
708 198
704 1242
1316 252
82 705
917 2042
966 712
316 1547
1440 1054
494 1892
1845 536
1640 62
272 663
100 912
1300 520
770 5
1504 743
1958 141
938 967
1008 1201
1212 1749
1127 755
1106 476
1608 1506
253 872
1923 919
824 1806
1068 418
676 2044
1912 665
788 795
1979 0
280 1824
1312 1144
644 658
2031 1378
572 302
985 948
756 335
1927 310
606 1456
1731 1024
300 33
678 290
1496 1737
844 1379
132 378
10 816
1300 859
103 908
400 1816
2008 1024
1868 1264
961 1283
1664 99
104 128
78 1494
148 476
1778 624
1384 422
1232 665
1072 1504
1284 376
722 1476
184 1619
413 700
54 136
1246 1906
1016 1588
1323 991
929 518
1242 522
566 646
885 424
1144 384
744 1416
514 416
1545 1766
386 792
784 1368
1714 1924
285 243
1722 214
1434 1330
896 237
1810 1152
1744 1577
184 415
1621 842
1564 748
1619 1405
176 848
1816 1272
1426 784
1536 1080
2044 1761
2009 1470
1156 1200
39 1715
394 1306
1840 232
316 1344
1277 460
1749 976
1738 280
0 487
1552 378
976 984
1074 1128
132 1120
766 57
152 1928
560 1520
311 1148
873 27
1550 1040
466 852
1571 584
574 909
1882 1320
60 957
56 1934
1544 1626
733 1968
1632 789
1966 15
40 376
1962 1260
1730 1560
1214 992
752 1879
1919 104
1045 1468
1792 1566
1270 940
362 72
380 404
36 1052
1868 462
118 230
1632 1943
812 1313
1405 1124
1060 1728
448 1272
768 1642
1893 1378
703 672
317 113
1576 10
1386 868
1469 1408
1439 496
153 1454
1621 1318
1276 1093
1604 1460
256 57
168 18
69 146
1189 638
1782 1177
932 571
157 1350
1543 1112
699 1756
1280 52
187 400
200 1477
1096 1454
1556 979
1812 1123
90 918
1414 512
898 1251
1368 1314
665 1876
388 650
1970 1216
1726 947
1760 548
1280 1018
1289 314
112 1069
1447 1282
1729 177
1410 532
1498 686
562 1540
384 384
1493 474
165 273
104 1958
498 228
892 534
898 205
1951 648
2015 336
1348 192
985 565
768 600
1444 1248
344 1834
1369 772
1336 1768
1560 336
1664 1437
594 1312
498 1234
349 890
160 610
1173 0
280 1662
142 1240
1117 1578
79 608
1866 355
1708 1712
574 1598
1280 1308
1319 1254
1530 1851
1136 1719
2000 1972
687 1420
194 1624
110 1608
30 893
836 983
272 120
1143 784
1626 1147
418 217
162 1248
1710 1102
1871 1384
826 160
392 1030
442 1312
768 1775
690 1724
72 1128
955 1292
1088 110
1260 418
116 516
386 468
1451 642
1876 428
1381 352
1770 507
1714 583
840 44
1911 1420
9 1928
1824 735
1960 1680
466 1024
163 1558
1299 230
952 872
262 1688
1661 1521
279 1002
560 1135
56 2044
29 1581
884 265
1406 1005
1912 856
997 22
528 1568
1036 1895
979 1172
1111 1089
1898 1484
1184 607
1176 384
2039 991
1791 1771
1228 1149
760 1155
938 1947
1216 645
880 1515
1708 1836
1520 214
1478 735
1964 1904
1823 1353
1432 222
1320 675
1496 2016
876 324
624 98
1779 784
1364 1446
128 1748
1536 1298
576 264
160 624
296 760
1572 770
481 111
746 1175
1748 1296
360 206
1620 496
252 678
234 512
1221 690
0 1664
1158 1684
1567 1947
864 1620
968 249
20 1372
480 296
1484 1218
1770 1144
0 1677
1970 580
1432 1024
1879 284
436 1690
250 1924
1876 216
540 1092
1572 1598
762 740
1052 66
1167 1216
380 1512
41 924
1288 272
1190 888
1235 1807
1022 480
841 1358
1288 140
569 1902
626 64
592 1532
1448 1544
293 625
552 1168
1488 1928
1187 720
770 194
1941 800
640 1432
1434 768
194 1846
1944 844
384 1052
202 1207
1294 1134
1170 265
479 1102
1930 1100
432 1480
1692 1943
184 336
624 1585
1954 1462
1358 16
1110 404
365 578
240 76
1496 290
1764 860
190 704
886 712
1384 1178
1744 504
1552 1320
218 1636
1618 1099
1476 1006
168 254
1061 409
1228 320
922 900
244 583
148 378
848 704
1624 1180
140 1298
140 1160
1200 1839
900 160
228 1056
200 1760
837 68
1206 284
944 493
2044 296
1147 1393
703 515
132 582
728 281
1123 1760
1723 1159
336 8
786 564
824 1297
1368 1164
1789 1305
391 1382
1442 864
1887 1480
762 248
1144 352
428 1568
775 652
828 1230
280 21
54 1765
1838 192
1424 1163
509 1132
763 1700
136 766
1474 1986
1384 474
1232 386
998 299
64 1792
952 902
1980 724
1671 1444
1920 2042
558 1224
1922 2018
536 266
118 1988
744 1944
293 1048
1756 1460
912 214
566 1849
1727 897
656 328
254 30
2000 1708
1040 442
1831 477
1994 1762
382 608
1138 1804
1892 1458
309 202
860 1804
1310 1328
1806 61
80 1173
834 1399
881 1576
100 86
272 380
1744 740
1482 998
1542 841
958 998
732 44
236 490
1816 1525
1571 832
1514 708
364 1712
1298 275
1704 1298
1578 1320
1922 2
1918 1316
1150 1954
120 1756
1312 1642
1690 1378
1344 1990
1072 1683
1102 1316
625 818
1809 36
175 1536
1403 372
592 1856
1688 66
361 907
8 6
1104 1696
1116 575
480 665
115 358
1990 1447
1886 1058
1572 1870
1081 1517
1472 818
1579 1051
1480 716
416 1176
1232 758
126 1658
1998 185
1612 908
662 128
1475 388
1720 1756
1925 1688
1344 490
1495 484
1678 1338
646 633
22 752
1582 1748
1402 820
558 1728
1650 1919
1530 1082
1832 660
73 436
394 980
504 732
884 609
1816 338
306 1905
1618 1966
1578 1223
816 559
2044 200
652 126
48 1696
1872 1082
871 988
1436 598
1688 1081
1600 1208
1644 320
734 10
26 1378
424 1330
688 926
1120 1488
336 80
80 1764
1858 1998
1904 661
8 1990
1674 244
100 1072
791 1695
456 896
193 1676
260 1228
136 920
1675 1902
832 930
1468 1228
492 1735
920 344
1344 930
1133 300
498 1939
862 132
716 1504
1574 308
632 416
192 288
242 958
947 194
1082 1364
200 874
224 700
525 1274
250 1585
1792 1328
340 1353
821 1778
342 340
1515 790
728 1104
1815 1232
1589 1024
190 740
552 1064
1072 1548
669 854
240 1936
1264 204
292 600
1114 730
480 1128
1476 456
2038 1408
1264 504
578 905
94 1276
547 498
626 684
1717 1873
852 1883
892 1494
1904 90
110 1112
1352 1196
1755 898
1691 1858
1504 1867
622 768
1389 2006
1408 1764
682 1110
715 1048
1431 1336
1951 507
1664 0
1980 1588
772 1934
206 1784
1299 1075
1901 184
974 1360
1627 505
1128 1072
52 320
69 384
1674 1113
1568 1530
1032 1303
831 511
1336 1506
1124 1874
1978 212
1142 1772
939 1774
1388 836
530 2034
1299 992
834 332
573 992
980 128
456 1841
718 58
658 1392
860 222
120 748
1840 1657
1272 34
886 1788
2038 30
1260 114
789 1638
1456 1461
1698 1294
1124 213
519 1488
1113 350
1424 1728
704 374
992 776
237 1190
1104 852
736 1884
1783 688
806 1802
145 122
1572 584
930 1412
1520 1920
1792 616
736 374
272 1910
1286 296
816 220
652 360
1166 1532
124 650
1703 561
1246 1070
484 1520
1021 55
752 113
1814 1248
230 1476
1411 1728
908 877
196 615
186 416
1441 494
1567 956
110 456
1629 1658
1552 592
367 64
1098 1400
1988 670
141 982
84 251
1894 267
1874 2030
1855 1588
1592 1046
1227 470
313 1344
692 1087
140 2024
1138 1296
1033 1872
1766 744
904 63
1440 1278
922 832
988 1639
1277 1056
1466 0
959 1088
1044 652
1724 1972
1906 1232
1792 8
1171 1270
1209 1174
285 748
938 897
1768 1761
1701 1240
960 1174
173 1616
1940 12
1478 1406
325 1716
1805 699
548 1292
1808 656
1199 454
64 306
1224 699
1706 1486
1780 2036
988 1302
380 480
1288 1792
1587 896
1700 1003
1942 107
1565 208
419 270
2033 1170
418 56
1340 1576
1656 794
2043 1839
1168 1254
1967 1730
424 1240
1662 1134
792 1688
788 1681
1443 1712
613 1997
1169 1669
1606 2002
1702 1364
886 875
1355 1276
264 789
1408 1883
840 1326
943 1488
616 272
1566 48
1044 1816
616 539
940 830
988 184
636 345
1264 218
1636 1864
606 140
1202 1267
60 366
1855 340
1880 152
528 2047
494 1858
152 208
1140 515
1594 1928
1721 1756
204 166
204 1366
581 1742
828 427
1280 132
1920 1516
1222 104
2037 420
543 1408
2020 930
730 1211
174 1372
734 1520
20 120
1590 1172
154 856
108 960
544 1704
1368 1776
1355 1516
992 524
1968 318
1776 1270
1388 776
896 320
1186 1285
1625 648
368 1707
2040 1440
120 1824
2022 509
608 1546
455 108
1419 826
1064 1572
328 1022
984 1776
0 1925
114 1134
876 936
824 416
1554 200
495 1378
1369 1602
662 1212
1308 564
364 1856
768 884
152 332
546 558
1360 32
986 1850
1600 54
132 150
784 1779
864 1545
1528 1063
2022 314
130 158
688 992
1390 212
1595 206
844 592
1448 1225
34 1002
277 1176
272 1632
1300 514
432 994
1463 483
716 1144
1849 1288
1320 280
1566 934
411 1806
546 8
1654 336
1578 1920
1136 373
463 1464
1632 1152
1346 172
519 1804
1442 1398
1856 540
1488 1580
698 1351
2044 1119
569 80
1828 828
864 1026
845 384
912 336
148 188
438 974
98 1275
1840 760
24 739
1408 898
1633 35
11 1223
1690 443
362 656
980 680
1784 1840
48 2013
1625 1063
1860 1672
1678 456
291 1514
944 560
1398 826
2 1815
14 1660
1040 1318
171 662
816 115
160 1387
348 1326
1768 974
684 1965
1041 1569
1400 1224
1472 843
1248 1590
1402 1364
1594 1848
47 13
1392 1830
1578 1804
697 224
535 548
1652 449
846 1882
138 1376
1180 984
1644 885
316 636
684 1584
80 255
228 447
752 878
1853 250
1168 2021
89 1255
495 310
1083 432
2027 1884
308 2018
1702 288
246 146
1645 200
584 1480
1175 1216
1580 684
86 878
1173 1268
1260 504
1960 1413
1984 42
228 534
1379 1336
1924 1308
480 1750
1823 809
126 849
1744 1104
908 718
663 1472
792 440
1592 1728
1356 1808
1063 1370
1434 1766
1914 1584
90 1856
455 960
576 1012
1373 1292
1814 1275
1410 523
1061 444
624 866
741 1720
1116 1964
110 1268
1195 1333
857 734
1000 1467
400 1885
2038 1634
1305 2016
1834 1528
917 405
814 1140
177 1940
634 1512
326 1544
1837 796
1996 1958
1472 1994
549 1112
266 682
994 1223
1312 251
356 1398
1596 473
526 732
1025 64
1308 1168
1103 1372
587 1397
1444 703
782 1628
377 1354
1344 2039
1408 1284
356 1980
250 456
603 944
464 206
1398 1340
1636 1580
477 1403
1801 1287
711 1348
1060 2016
386 1177
1080 1414
1036 992
1816 601
304 606
154 1864
1298 1404
530 436
627 17
52 860
15 1826
2001 1583
86 1541
459 676
184 204
659 273
824 1552
1696 1364
335 839
456 1152
336 808
146 1056
1664 64
1197 954
407 248
761 1606
6 1992
1796 550
1742 247
1205 1445
720 1003
660 759
1962 577
1669 1818
1004 1411
1764 302
1332 160
1624 815
1766 1804
958 60
464 1422
1792 331
602 950
831 1103
1912 1472
1984 1014
448 1952
324 1958
459 542
446 1054
900 99
1316 1192
1855 2014
485 1500
1640 497
1348 1504
570 1147
1448 1280
248 981
1624 496
468 408
456 1656
1218 480
882 1194
903 909
885 183
520 1872
574 830
1644 188
1098 346
1632 1403
31 401
12 1344
1056 1974
1536 1174
211 1615
1596 1009
590 1045
528 2041
2032 1920
68 1369
149 930
1390 1151
82 1542
1581 1631
948 1937
400 1588
150 238
1556 373
1128 104
722 684
1539 276
212 460
2024 549
1109 1063
298 1626
536 368
1840 1990
504 906
154 1669
876 516
544 1819
1687 872
1870 320
880 1200
998 868
1248 1530
1024 1712
88 1760
1924 1280
1948 135
1776 1296
1328 1928
1 1968
1721 187
1988 1025
952 1792
1856 609
1252 768
183 656
284 805
1916 750
846 1675
218 397
1018 1520
919 1345
1512 1466
1852 1662
1271 1250
1448 382
464 1084
384 1607
607 578
1970 1280
440 1777
244 744
1160 1986
362 2032
1324 922
20 1032
1754 160
1056 1634
1766 1840
1036 320
700 1120
1712 486
352 676
966 882
1407 692
871 1391
194 1368
1558 131
832 1199
1926 1592
804 1790
1060 269
1125 1289
1912 1158
1802 304
707 396
1073 404
912 1988
1396 534
1566 1792
1720 366
1184 1289
1918 1372
1984 1224
685 32
676 840
1004 2027
1849 1057
1944 348
545 1360
1232 1513
840 770
836 1908
915 1214
377 944
1324 586
1699 1160
118 1638
474 140
16 1908
364 652
1177 357
1112 52
1558 401
1976 1522
420 1600
1488 265
1146 1161
660 353
16 996
440 946
1432 2031
976 1999
601 1784
1820 1624
924 0
1972 1768
1894 1923
364 10
1549 4
380 917
1172 1810
380 977
492 1509
1155 1120
627 195
1712 304
424 1498
1821 76
1096 544
113 1769
619 1488
736 174
1856 2008
1764 936
8 703
1462 1940
2024 1904
1690 1305
1101 203
1952 1168
564 1560
682 152
1975 813
1053 1588
344 57
304 772
1104 364
1868 24
1872 1554
1835 64
315 496
1820 59
1823 266
1479 1903
1005 1601
1350 410
28 1173
628 1956
867 1408
919 2012
942 1050
1488 716
429 1833
1132 1826
1925 1522
568 1836
506 1944
310 1991
1007 172
897 746
1551 1662
981 969
290 855
1224 86
702 792
1776 1904
719 592
292 1551
1888 422
323 128
168 692
478 1928
566 512
184 190
1418 1243
140 166
327 1076
974 932
1506 1336
184 688
1664 1280
220 195
1344 24
692 723
1059 1150
1288 1036
1440 1460
1228 1780
936 1492
618 1798
152 1540
131 274
1932 2016
977 256
806 268
1850 235
1080 848
1487 1602
653 1307
236 299
616 1212
1165 1112
559 672
1073 952
1636 544
301 751
1968 564
1905 1370
470 1952
910 1777
999 315
1079 277
1575 1716
1938 436
96 207
1088 1511
137 664
282 97
1170 1714
1784 756
1032 801
1454 1948
298 1182
1856 874
751 952
1822 1487
1447 188
148 995
416 2046
1547 1662
428 1797
148 899
1167 1859
191 1656
1914 1806
1505 1728
1784 1431
1010 1680
604 336
1405 1213
1309 1648
1684 816
187 431
448 172
929 1026
1138 1648
463 1320
1520 1533
171 1466
626 103
1970 136
240 1634
575 280
1037 540
960 592
958 1264
952 617
974 1735
327 1732
1357 1120
678 857
1306 993
1882 1156
598 1947
1228 1944
1029 1112
166 1328
1776 1543
92 132
307 702
796 362
927 734
599 1240
1565 1568
979 808
48 795
2039 121
1792 1300
1330 1022
1561 229
1996 438
68 128
1728 1072
826 1997
44 1776
1733 1703
874 602
2025 1084
256 1068
1784 1824
368 1520
1760 1272
1848 1460
1600 298
107 1190
1670 1368
1768 1240
1824 187
1895 367
1871 344
72 578
768 384
42 334
195 112
1828 1964
521 1178
1200 1564
412 320
1703 1670
916 1896
1570 449
699 40
832 1136
213 332
514 280
580 372
1592 256
1792 1694
1594 636
252 1581
802 984
986 47
822 1984
759 679
571 1495
483 875
1240 1144
512 1072
2000 271
2016 736
946 896
1640 356
1371 476
520 1288
2042 1388
1952 1256
1790 416
1511 1984
1471 388
808 134
316 1250
1092 812
1254 1833
604 52
1660 139
1584 858
46 632
582 864
239 959
316 720
716 1626
20 372
1008 869
408 210
61 78
990 1004
1730 938
233 1500
956 1726
1536 1172
112 1933
1018 596
1792 1786
1187 496
870 1168
1118 544
410 594
1288 1724
1313 1828
2040 1836
840 620
188 1456
2028 56
961 115
1716 872
1604 1780
584 1874
568 1616
792 429
1899 576
2032 16
818 1664
1816 688
316 962
885 1159
709 344
1313 728
1371 800
1324 412
1312 88
194 716
903 1210
1344 832
309 1258
322 1902
1229 1751
180 1014
1468 1640
872 604
1137 231
463 1228
498 379
1346 59
876 1744
938 471
1408 1725
1144 1130
1206 142
1248 1011
60 1724
1000 964
1338 80
1120 371
367 1664
1938 688
1776 1909
1868 887
1614 1664
22 1634
1180 1696
97 1474
1044 827
1405 692
263 546
1216 1194
474 2036
1030 1472
1808 638
914 934
128 1976
290 736
475 1728
904 1276
642 410
640 1638
1400 338
826 1689
1654 1949
133 608
1862 680
1752 127
592 1520
1923 1126
1230 788
1489 799
224 634
48 667
412 1356
1276 717
1624 1501
1480 1959
137 872
1924 736
2034 1142
960 257
94 977
1936 156
1056 1512
771 1939
1456 692
186 376
1275 1572
272 866
784 360
77 963
1065 1844
1645 325
545 1792
736 1740
1816 1024
836 66
328 1891
1604 0
204 1007
220 1848
1792 256
1970 675
1505 1983
495 1623
558 1946
1090 739
1230 16
582 1643
1357 272
482 1153
332 1680
517 650
976 2002
1398 674
440 573
1594 1202
1784 1246
830 551
1124 72
1414 1899
986 1152
1352 1384
2022 132
1864 1958
1944 1020
108 1942
370 752
480 1265
1524 1463
27 1689
1847 32
1584 96
1027 347
1282 1962
1720 773
1710 1840
216 2022
1261 506
1288 1072
1654 657
726 832
718 898
247 254
1968 1165
1098 1823
1280 1736
1552 1448
1124 1944
1824 1283
445 26
1432 113
1180 860
1560 1432
178 1408
592 273
1022 1467
1336 1968
1571 738
564 1314
1052 1381
1122 1309
1748 92
2013 1658
28 1177
240 1581
40 1434
1404 481
1276 1966
352 920
1776 702
1912 1403
516 447
1920 1828
678 1434
886 1099
1124 152
476 288
2020 432
1560 478
612 648
402 1428
344 1942
480 1268
632 24
66 2040
960 14
832 80
986 896
840 1320
1725 325
1497 762
1648 674
1517 1695
1801 432
1048 78
102 1046
1260 887
1306 1732
1182 470
1032 1296
1189 1332
864 614
928 358
405 1075
826 828
1526 1828
1103 1905
309 1716
840 288
874 1639
1344 944
1207 1876
940 372
600 1800
818 1880
530 756
1168 1934
224 1481
1260 822
100 241
1904 528
1088 991
1882 1702
789 1875
364 1212
1668 880
294 1053
554 376
45 203
560 1414
1976 663
1224 7
1308 1892
661 1800
563 1031
1816 1879
1060 368
748 780
1281 1360
65 911
1641 1973
1854 835
1602 718
133 1508
67 2046
1920 1568
288 363
530 660
1282 151
2008 1321
249 0
1981 544
382 1138
1882 2004
914 618
265 1292
1024 1112
339 1780
1422 1348
261 1024
1466 374
28 502
1078 812
192 587
295 1935
1864 1654
1484 1658
402 754
696 1576
1560 1888
266 590
486 539
709 332
779 455
1439 952
829 347
1878 1493
1670 1667
1168 1396
1936 1285
731 1804
880 1952
459 86
1118 1856
572 1112
1342 176
896 492
1640 1650
1182 1886
1021 1126
1040 1106
1024 948
1772 514
286 895
90 1371
1312 1453
640 552
1132 1501
960 1403
370 1169
848 1558
101 268
936 51
844 354
632 65
570 1986
2010 1594
560 1304
1037 2016
53 96
851 792
1742 1514
777 1084
1804 1198
429 1881
208 914
1804 918
1260 1500
718 84
1208 200
158 2035
1621 567
806 664
1206 1626
784 1444
1673 314
68 1861
1183 1695
1712 1990
688 840
518 1162
268 1128
1414 98
1373 828
1208 450
1662 1131
1908 1148
1243 249
476 344
88 272
1994 1541
1866 1267
1624 1215
120 1247
872 1233
1277 2040
192 1264
192 1458
1642 1906
428 828
1303 2032
976 1270
1886 1442
1691 340
362 1728
884 372
0 1298
1712 2001
1604 124
2008 1890
480 844
1536 1884
820 792
82 755
564 1528
460 624
1433 1676
734 1091
1087 1927
1247 1384
1496 0
1345 1161
763 1916
20 488
1871 252
694 913
193 734
1482 184
225 1149
1740 1200
504 1920
390 1173
72 1397
1682 1720
2047 198
884 1802
872 1884
224 864
2000 484
1714 1923
1196 29
1175 344
1372 656
1276 1316
192 1656
1950 1072
1705 1464
535 1344
1906 235
1684 275
1586 255
1595 1332
1050 1560
1752 1504
768 471
1638 532
180 1208
700 2037
380 1159
2000 1698
660 142
1500 2018
930 548
696 1344
1647 1960
1812 430
1442 476
1788 608
1840 762
1498 300
600 1275
582 516
908 300
1535 980
108 416
784 1600
995 208
860 94
948 1869
430 967
1733 952
1837 1903
533 1433
1454 1680
960 812
1038 378
1820 244
955 351
306 41
1534 1824
1718 540
925 1716
1278 1144
900 1176
436 1145
1539 312
1192 805
532 1558
565 1072
1728 1440
373 302
706 688
1352 632
1055 1161
696 1746
1964 1224
753 2020
1756 856
324 256
1696 1944
1064 1388
368 1069
1664 1126
1756 1470
268 1460
934 1335
1304 1342
1854 1028
347 1278
1148 863
1960 1482
1300 489
1756 272
1505 216
838 1825
950 1799
1851 1544
1158 1028
1896 279
280 1650
894 328
42 745
1641 795
1010 1616
503 1824
343 1109
1840 780
1448 869
395 73
1100 960
329 1652
836 836
0 342
1740 1667
1467 1361
1868 284
1859 854
570 1466
1806 156
552 1872
1799 853
768 1764
154 1564
1800 196
1047 1672
238 276
1224 556
1117 1664
2018 769
706 1336
1024 1404
872 950
1066 831
1488 372
198 1712
1024 52
270 604
576 1236
1608 1468
790 1934
2043 1599
349 1744
672 884
591 1698
60 615
644 806
182 570
1144 1508
2034 556
77 471
856 1436
1978 400
1546 676
1520 311
1615 1352
1971 162
240 1001
1280 1548
590 1217
879 2016
1594 1720
1244 140
1828 1430
724 560
36 473
1898 585
1613 24
1136 1886
1808 629
2028 732
1376 1272
1095 1256
1098 1182
46 1366
1348 1524
131 371
356 1080
120 416
752 0
2004 1460
1389 1476
563 951
1324 904
2044 1346
36 1936
1052 1182
1122 1860
1014 1132
1544 2035
1924 1586
509 412
789 336
1217 2032
1778 1011
1724 652
578 1858
1208 1148
131 520
1336 1612
1 934
1684 1704
586 1337
906 1333
69 132
1972 1776
1500 1024
1570 444
1564 1950
1184 1174
1385 767
992 1202
470 1194
1006 1920
64 1360
1000 1888
548 1151
1060 755
826 1957
1838 1020
1440 1754
1162 1652
942 1312
320 1448
199 1232
561 1979
715 1544
1732 1720
660 1976
1520 1472
1828 320
1326 1926
1166 1237
1136 1300
1632 1182
1036 144
1568 0
324 96
864 1760
560 456
1852 1197
162 74
836 995
723 1990
1270 1256
706 364
1773 1602
210 1028
674 1328
1271 1156
222 143
1208 1400
260 223
350 1504
818 661
1176 212
876 989
1013 1751
1152 777
1886 577
1076 1384
1748 1048
98 1670
1744 176
340 1308
574 304
1632 1615
477 1240
448 526
1608 1912
1584 1134
1806 244
1156 208
1122 168
504 1257
2036 1732
1588 100
1022 1854
1176 920
382 1298
448 780
588 1188
975 1379
1412 1203
1538 334
880 1273
796 168
1584 800
1094 1744
664 1853
440 954
1729 1748
1244 134
1608 336
562 1030
1780 1025
1093 1358
551 234
1063 344
925 439
1424 1003
1682 413
322 976
364 1313
480 449
1932 1919
1018 1230
396 417
1970 1301
336 512
1174 100
2030 192
567 794
884 926
1026 380
60 1944
1624 362
816 416
1490 1775
1476 148
1737 1152
470 1429
752 1736
1952 112
610 488
1246 988
1101 78
1077 1406
1170 1248
1056 1280
176 92
580 1857
408 676
1856 1104
1868 1595
1264 573
1002 680
470 500
1966 167
1568 335
1296 1296
417 1376
1644 460
268 562
1293 1840
1290 1954
1344 1748
67 1850
1568 663
1440 385
1118 2042
1548 1994
1233 1000
264 296
1862 195
1542 1176
1637 1166
1045 1299
1964 1640
1595 620
764 1898
995 319
32 1316
1536 1197
1158 1914
1514 839
1268 960
1640 1962
996 863
1768 2042
628 980
1958 972
1032 1353
2040 266
886 1484
0 1544
1635 892
1787 1811
1622 560
1714 928
214 123
1994 1120
1774 1710
1619 1014
1098 1581
1536 906
2013 1941
1086 1568
1917 1708
2003 154
1468 1593
1460 591
968 1717
1040 1000
449 1024
736 1142
1114 1396
264 1278
313 1040
605 136
84 1434
1620 52
675 1730
653 1112
1182 1913
714 490
976 480
472 1362
1687 1648
884 1294
1387 1711
2004 1904
361 1277
64 528
1946 1152
692 612
207 1327
1777 768
355 225
38 1477
141 1542
1768 1408
1376 127
1590 170
1328 1671
1100 414
1348 1124
1456 1120
367 1983
1951 296
1332 148
760 1408
161 126
632 1020
685 544
1319 1040
1024 25
847 1698
1948 825
1291 1600
1244 1280
180 270
1734 680
384 468
652 1192
1032 1792
1696 284
1688 110
60 1672
1900 1212
97 864
306 836
291 1344
10 688
1028 992
984 338
1336 992
694 232
971 1984
446 1486
1254 579
580 749
970 348
557 1191
766 680
732 2038
1350 1398
432 224
1163 530
1481 1148
478 1984
1112 1216
1536 1203
1372 460
1072 1018
1714 1628
1025 278
392 217
638 256
536 1888
672 388
1767 1002
1600 154
272 1322
134 1200
402 392
42 1738
1505 1769
626 1402
928 384
1504 1192
1152 0
1128 598
389 1838
1800 744
1650 1592
1520 140
1602 2012
1715 1079
912 1227
1217 0
863 538
704 1960
896 648
56 206
1053 1976
764 508
1735 1348
46 119
1024 356
1166 696
1168 1132
1244 1382
996 2034
1646 1348
345 1470
1280 948
1307 1144
399 1668
1575 1944
1800 876
872 1504
1789 591
1254 1195
1016 1623
1616 84
589 49
1045 1696
5 1320
30 28
928 690
376 339
1700 1592
1904 182
1299 1194
1503 118
1412 1915
375 1133
870 1570
1706 174
1479 213
1138 1143
555 2032
413 1410
526 1562
1292 1234
815 384
562 680
1079 1500
1594 1611
1936 931
675 883
828 11
1272 207
684 1633
547 1106
1528 1182
1705 98
1650 1384
728 98
1438 1026
764 1432
1813 997
697 96
1318 1200
470 1222
251 1832
8 1842
29 1797
41 625
417 1344
1280 1442
600 1504
1694 900
1634 1504
1125 820
356 768
1908 1273
454 1835
1703 93
549 256
110 1902
1340 360
581 162
1306 1110
1001 680
1744 514
1083 1056
688 228
1120 660
1192 238
1568 760
1100 1345
1094 190
178 634
884 1849
405 778
1109 2005
1708 325
692 1044
815 1058
1506 273
871 1064
1056 283
1574 106
1560 1476
1228 1449
1012 1242
721 688
309 1876
74 1688
350 1952
1584 1640
1805 212
776 511
1450 861
85 1286
138 2015
562 1664
216 48
1344 737
512 1169
55 1376
1184 1894
450 222
489 540
336 1634
737 32
848 1841
1720 1930
502 1992
692 1538
128 1570
298 674
1613 109
1416 1602
432 612
1320 2043
540 624
740 1376
34 1349
1325 1248
1962 1688
918 1012
1903 1762
1716 1386
1270 296
0 1936
398 651
579 752
752 301
380 1722
1752 468
236 1152
860 1672
48 1537
650 1536
8 1588
1096 1246
35 1241
1746 88
1907 1480
704 1174
1382 1768
1952 2001
900 808
1936 1878
1929 1887
1228 1012
160 1016
1029 1862
466 376
2038 1517
816 1425
1170 168
2036 410
453 1869
1316 215
810 399
1460 1345
905 296
700 1549
1870 1991
1352 1820
0 828
1239 700
1520 1723
1847 416
1992 660
389 48
1962 1348
1786 1648
2042 708
2022 1670
1718 495
1536 1704
18 1960
1849 566
383 1936
975 1752
8 1058
614 281
899 2046
1404 162
1028 1342
1872 876
585 1164
326 1275
1819 790
183 2008
490 1913
1692 599
1078 1544
1495 432
1724 1284
1158 94
1436 712
1703 1884
1536 1037
1121 582
360 1568
622 864
545 221
1520 2004
863 1028
766 64
928 362
715 1946
967 973
608 1949
1148 1700
296 326
2027 812
538 475
1138 1504
1916 691
1407 1776
1123 440
1650 1730
532 248
1168 1952
1555 58
1112 830
42 1116
134 144
1801 1664
1620 1314
1802 1506
1920 1496
589 1584
1572 1100
1852 676
1914 532
408 972
364 1234
1812 1451
1732 823
888 1587
0 1555
1568 111
166 1114
1748 1776
928 906
1030 1526
93 634
732 20
1076 1322
570 316
299 1312
31 898
1644 2046
656 1390
929 896
1374 620
1570 555
503 479
2020 564
1741 1284
653 1261
1944 1234
1987 408
14 1696
1124 1578
300 1283
894 278
1248 136
1943 572
315 192
1856 1812
1729 888
368 96
945 1498
658 304
1052 998
1948 329
681 510
1800 1260
1275 1255
839 1900
1100 110
1952 1642
1520 2037
1052 314
1288 1685
576 1548
903 1832
416 760
1998 385
144 752
697 49
568 1281
584 472
256 181
828 97
1861 256
1802 1409
988 220
209 1567
1890 2016
243 1789
1398 277
1656 2032
312 12
542 1547
1916 1018
1924 1114
1379 380
512 1726
1152 1274
1605 1946
1250 1136
1861 1930
772 580
1554 1402
1839 2047
1670 1657
110 440
1232 487
1220 392
752 957
1370 51
1729 1272
688 640
711 1862
1892 2029
1694 2032
1284 1696
176 635
266 1104
751 552
780 1880
628 608
1424 1048
664 524
333 620
1290 96
1832 2032
1464 1032
720 272
1672 1817
1268 1636
1142 1494
1053 800
1848 628
81 280
154 465
574 1952
1794 604
461 1823
2016 403
1952 1814
1408 901
1484 618
861 840
376 545
656 706
918 2024
1552 736
2008 1324
525 64
1860 560
622 1236
1208 1296
1528 1900
104 1332
1968 248
580 1344
1024 152
1746 599
1159 1638
1050 984
1608 1744
1716 360
1742 742
1402 836
1991 1607
730 614
440 208
737 1941
155 267
1017 1978
1193 1952
1349 1676
2038 304
1764 1778
1803 224
1126 572
1258 1090
1197 348
916 359
100 960
652 612
1735 1660
1208 696
224 1036
1230 1984
804 732
1388 2021
167 1712
888 1224
1038 680
1513 408
760 12
524 364
616 830
617 836
256 1572
952 196
1053 184
92 1680
1791 651
1349 1728
1898 628
988 687
2028 1321
1392 1037
682 1912
536 1776
605 1960
344 1712
74 191
1472 1638
514 212
1420 1159
831 1224
1132 1731
362 208
500 324
1009 2012
1669 1856
1271 1960
1992 1224
1368 849
346 1459
326 66
667 864
1472 1785
738 2045
1426 1769
820 1899
716 515
338 1925
1888 352
835 1946
622 1648
1794 1928
21 116
1568 928
864 1380
1310 1514
1157 636
1980 1431
1660 12
526 246
600 488
1560 998
766 0
1024 418
1280 209
1360 112
1706 114
1234 1624
1170 1600
617 896
516 720
1506 327
1260 1620
96 501
1676 56
768 192
1024 236
760 1224
879 70
1344 886
699 1763
1437 1365
812 1029
1612 704
1364 262
1458 1768
355 258
1538 682
924 1784
900 1483
704 192
1180 768
1180 1620
1236 204
1498 1072
64 89
1131 1048
367 784
264 1408
1328 1536
526 16
1964 772
243 1568
409 1464
1077 1424
1240 4
1226 889
1255 715
1637 1405
1480 920
2004 1624
1824 1469
196 1171
89 218
976 231
596 1984
1160 1548
1809 775
1854 616
979 1660
1580 1872
1417 847
1184 1432
798 32
1341 304
1182 260
1175 654
252 843
61 565
1692 197
1909 1278
1899 1877
876 1837
1900 102
763 1555
1527 1470
1884 742
895 1586
302 736
1491 117
1072 520
1626 706
16 1960
2042 192
380 1108
1600 1776
900 252
1664 1888
928 636
268 1044
784 1336
2000 2036
792 537
1684 1128
156 224
1756 42
688 697
1015 1721
707 1631
636 1302
1352 1976
1841 224
280 150
40 62
746 1437
1424 610
1548 1834
2000 1432
457 454
164 270
2036 1752
1024 1655
1214 1204
1219 178
1497 1120
1765 1026
1298 250
923 1826
977 1360
1023 650
1232 1266
1899 358
1424 548
423 1753
1438 1574
300 1093
16 1484
262 1535
1366 1276
608 521
1472 1469
748 1952
617 524
96 818
1744 1322
172 2038
618 766
1699 275
1462 0
294 1147
244 64
1217 1730
1736 1517
1444 1344
1679 1537
1644 906
401 1126
832 1124
496 1300
382 1004
436 1223
1598 2034
2020 1206
893 1456
1304 568
410 248
1240 1176
1079 817
118 449
724 857
147 1928
1134 946
1102 2032
1304 1280
746 1399
2032 1496
448 541
455 1272
1731 1152
1848 264
212 1264
552 1388
178 1508
262 1062
1902 1576
1488 46
1141 1950
1004 1047
1558 272
1346 1716
1512 1944
124 1581
54 442
1328 1956
1877 908
721 364
912 1901
1310 1122
834 1286
8 1328
106 1753
1420 249
165 1172
1958 1387
1685 1782
571 941
1024 1360
1416 758
1953 1996
1388 1266
476 364
778 1974
150 1080
270 523
633 1689
38 1776
639 1054
628 224
416 1899
1518 432
1968 448
1797 1086
1940 1435
952 65
1200 1632
1952 540
1861 1417
692 1660
1788 1860
597 1330
336 1948
1997 952
1600 306
455 690
1136 78
160 1316
1420 1714
1278 636
1856 1024
721 1984
1129 1672
349 1386
454 1316
1248 892
582 648
971 2031
934 443
1351 330
957 1364
1301 1041
539 1593
1556 809
1392 1986
733 342
1587 1514
824 472
1922 1809
1435 1032
52 1818
724 281
1728 420
709 108
758 456
273 1084
1374 1248
1364 886
1192 1574
1822 35
1443 444
1689 1878
358 136
1794 1828
596 531
522 512
1237 8
44 2026
1400 1134
1464 1699
904 201
970 226
673 572
1486 108
978 196
1307 1394
1632 414
82 907
308 102
240 1250
624 906
170 1814
296 1388
199 251
788 667
1304 1018
1160 285
1408 1588
1392 1483
496 468
1784 924
944 574
1512 1126
72 1275
716 175
1080 1020
192 1372
1633 1579
1270 1444
1710 440
660 1549
1628 1280
368 556
216 1984
1374 1564
1850 128
142 1870
84 1330
1452 428
32 320
1370 100
676 1905
1973 1504
800 1782
1568 1658
40 440
524 1300
498 336
768 903
40 1852
324 756
1504 150
794 1150
910 686
1633 1516
566 1818
1018 1784
1800 80
1852 1580
328 1606
1252 1370
1645 1464
1900 316
1944 1688
88 312
1376 1320
1945 632
212 1580
1202 187
1500 1562
1112 860
1385 1690
13 116
322 1120
755 2017
1186 912
36 83
1056 356
1795 236
392 52
82 992
304 0
1108 1622
696 318
722 276
289 1310
2032 1618
1024 1343
908 584
628 432
1636 1944
956 334
646 1616
463 262
535 1584
305 4
848 830
898 1201
1426 1024
1159 321
1350 1042
1108 295
1072 1080
143 1682
38 1318
448 819
1758 1518
1304 476
712 1146
608 1940
533 88
1640 984
179 795
1276 328
1680 1310
1292 574
1309 420
988 844
53 1192
1990 755
828 508
1756 2030
1767 683
40 928
884 344
710 816
571 998
1110 1648
261 730
1978 796
1629 868
768 1018
1056 354
549 1288
1024 1391
1670 488
1711 120
1146 622
1647 2008
390 477
1792 1488
932 1732
1440 1196
1768 352
1044 1308
1760 1624
925 1542
1388 496
1515 1152
1162 1417
1186 1012
1706 1820
258 1008
1954 141
310 713
1151 184
1388 1499
1104 1896
844 992
1156 216
498 612
138 1542
1157 884
824 456
1501 1319
75 2031
1133 855
568 488
846 721
1024 1334
235 19
20 695
1056 632
1818 1074
984 1618
1232 742
1536 48
992 790
282 1659
13 129
1865 879
1773 360
724 582
1497 576
682 1792
1714 1454
280 1867
416 182
1826 1528
1636 784
976 1302
2012 1298
608 1276
2016 1280
1379 2032
1767 1024
711 968
180 1124
1920 388
634 507
1598 194
783 1066
234 916
1832 1612
68 920
1830 308
1576 266
985 466
328 208
735 1900
16 1356
1788 216
1232 272
295 416
4 2044
1210 1598
140 2000
1837 1812
1991 1846
506 518
1035 1176
1952 737
608 1162
811 264
1002 1194
760 1716
704 1392
308 344
590 1116
1531 1274
778 1547
158 303
334 1684
565 695
505 529
41 2030
348 1297
1882 1000
1682 172
637 1878
984 1650
984 302
108 0
794 1580
230 56
1441 428
117 1484
800 1837
1032 608
1620 244
1116 928
1263 1574
1758 405
1371 56
747 2026
15 398
1561 903
712 1298
840 1652
981 1209
60 1855
1992 1295
1981 306
1456 187
1111 1970
1770 572
162 543
744 1916
1304 32
1192 1186
1309 583
1268 2043
1412 896
232 172
1731 1888
1378 1728
284 663
1701 1808
308 388
1846 40
208 1346
1240 1344
1251 1862
980 696
1261 1157
1920 694
1763 529
1302 857
949 1215
885 1726
2032 1536
1576 1008
8 1483
1720 1668
1952 1334
844 1644
141 1536
1208 1287
1706 1962
998 1951
114 1520
82 133
1170 1790
724 448
69 326
1134 1353
640 1608
1008 872
640 1313
678 29
435 1415
1825 1414
1850 976
120 589
1123 135
927 1130
353 1016
1041 292
604 589
2040 1964
1162 492
1920 1871
1288 955
219 1216
400 96
792 608
464 684
388 724
1952 1592
1532 1606
1051 276
1596 232
204 103
2 1986
122 1888
655 56
1926 1542
1140 1516
835 950
848 1481
660 1092
522 1536
1438 1070
1574 844
1576 323
1332 1088
990 712
1616 960
1656 238
2032 1915
384 2045
1264 1272
299 130
473 103
1632 1940
294 938
1061 1135
1405 248
1600 851
912 907
1385 889
360 288
968 267
426 401
411 948
456 1033
511 1345
894 512
1661 78
352 542
352 1208
1292 512
761 439
360 338
1037 352
1856 127
1014 1898
1920 1334
128 1578
1076 534
1863 1712
1932 1296
1296 24
904 55
789 1475
635 1859
2011 819
170 2008
308 71
1454 720
1079 1012
1808 1732
1456 1906
1522 1458
1526 1538
1504 320
1013 1921
2040 1042
318 676
1666 1185
538 1604
384 928
1487 1010
964 2025
810 484
1254 734
411 1520
1000 1903
716 1002
1895 64
256 524
285 1294
216 1227
282 2044
484 360
1692 1686
980 720
146 1387
1812 1802
1020 340
376 1974
1740 1289
464 913
231 781
1367 238
9 192
1498 1653
138 1700
1076 1252
1473 362
1123 692
1650 1760
2000 1523
632 323
774 96
1196 1168
1072 237
1396 1291
1399 991
660 551
1196 1143
1336 1847
732 776
328 1523
1958 304
2018 1449
828 1416
1916 1376
1280 1344
1226 346
750 1855
2028 1968
328 1582
1468 358
444 1428
384 853
1261 59
570 434
838 1485
68 224
1128 1929
438 794
1122 1190
1600 1768
1043 244
342 1738
938 1667
1818 1167
884 772
856 1051
1791 1082
1555 487
1856 682
1700 1660
64 1881
1012 896
1909 1624
1555 624
892 880
560 81
1456 1052
1002 1359
132 1832
1245 794
458 514
1840 1922
267 282
1 1695
1202 1559
1955 8
1155 904
65 230
1760 1686
260 1969
1056 1976
1091 1193
144 0
1364 482
1848 1647
984 520
1632 1402
1280 1372
601 1416
1215 1149
1557 933
888 380
674 754
1255 622
191 1612
708 0
1048 1807
1195 550
1928 1480
184 1962
1865 747
1118 1304
1502 74
218 1228
39 509
1440 1260
772 1365
1472 469
1506 80
604 1800
887 1997
1984 1800
102 197
611 1932
645 379
792 1562
1094 1741
984 1953
1072 544
828 1978
1910 1312
1776 115
1552 1536
1392 1420
2036 2022
1472 2004
1020 2011
846 1968
1381 175
1564 652
1142 1670
612 1396
1224 904
1145 1587
18 321
1144 1166
1078 2028
335 1433
1302 238
603 205
1836 448
1454 1856
764 782
1562 1360
760 632
1009 754
1930 41
1856 368
1480 1152
1280 656
264 970
130 1209
1260 683
1090 1625
1336 1956
37 329
307 615
604 1396
1622 1984
581 1164
1130 560
768 519
704 560
211 350
448 1060
2044 904
2030 1368
25 1273
844 661
910 812
1742 200
1185 1232
1923 100
812 842
1182 1235
1800 970
1199 1966
1728 95
1382 327
30 1124
1820 1584
1664 1338
682 1878
28 607
831 384
585 593
1416 962
276 1403
1107 350
2010 1568
860 652
1944 646
1211 106
1068 1852
309 459
1152 1120
1136 210
1884 1438
440 1187
680 848
560 1489
481 626
1608 540
1080 896
828 1002
1972 680
257 1385
149 606
1156 1932
120 1040
454 681
841 34
1312 456
335 842
1310 1924
1537 644
329 390
818 348
205 1800
916 1272
281 1672
256 754
790 704
686 1792
268 842
1734 251
1930 1696
568 1953
521 1277
845 1292
306 1304
272 66
2038 844
446 2002
398 382
1272 1165
1144 1960
1799 1433
1558 1039
840 1496
668 181
1060 1687
136 939
885 1028
719 1935
1668 1968
1952 636
1261 164
1428 1019
1440 182
1914 1831
182 1796
47 960
868 1422
12 1388
64 88
388 974
1132 1168
1748 1008
240 1131
535 1362
1231 86
280 946
1698 1286
1913 1408
1964 204
910 520
151 1132
2 1012
523 505
786 522
925 1400
1888 1100
382 1880
1808 454
392 210
870 172
960 1832
718 1045
823 486
1356 498
1854 1602
1704 1868
824 1264
1596 1518
184 900
800 844
1044 1378
140 1520
130 820
613 2
1384 54
920 788
183 1640
1367 1024
764 1314
1104 410
336 1078
1758 697
1857 658
1232 808
870 68
1938 1250
894 1501
480 1643
288 896
1692 821
904 1523
606 474
1224 1090
205 739
1984 543
1280 1952
680 208
851 1712
1686 1780
662 1076
238 63
570 1038
1847 588
1228 1984
1154 1901
891 432
490 1240
856 990
0 823
1123 536
1072 779
987 955
648 1644
1386 576
1444 1214
1952 1280
1859 1504
1969 1976
1848 87
874 482
1164 924
1594 624
351 15
1860 1502
1802 344
15 1552
451 124
1152 1352
1548 746
94 248
176 1493
887 1656
1417 892
1432 142
544 350
992 1140
960 1162
719 1924
1800 737
636 933
510 1456
1888 1726
400 272
228 396
470 620
96 938
1418 76
418 534
1104 1390
304 1184
1394 556
1728 788
897 1711
64 292
1825 1360
1670 792
635 653
1180 484
1272 1456
1509 1832
0 1648
1612 1969
376 1382
774 704
1222 1408
1224 1520
148 933
1914 1774
336 978
1566 1458
1164 320
1720 1118
1600 320
518 600
914 256
1048 1552
824 640
1276 1730
1196 192
1823 658
148 176
84 1321
435 1518
949 984
393 596
1432 568
548 1536
1371 1634
1750 352
210 1108
422 1058
536 415
398 1744
1326 1070
866 506
539 73
1992 353
66 1904
1376 1041
272 952
1076 720
758 104
1852 260
908 139
0 1690
235 1619
1326 1024
1936 1290
1376 1574
852 530
1838 1576
1506 946
1531 1581
788 120
244 1560
870 624
620 1558
430 1845
95 1688
1992 1888
497 306
390 112
515 1217
590 1600
1859 765
1689 1456
648 1166
1096 1919
900 55
367 608
1636 250
1856 222
1584 1004
1472 689
1535 496
271 946
1031 116
1360 1494
1861 1133
1088 100
60 379
1260 1488
1008 1345
526 1220
608 2032
147 1131
85 1492
127 24
1552 144
59 1154
192 512
1352 858
368 1956
1662 1788
383 2046
302 1102
1626 1662
1484 959
904 450
464 641
677 331
1598 632
1155 918
940 1588
1736 1616
2028 884
543 1591
2026 184
1556 185
48 1885
845 112
846 1052
626 1520
1682 1392
857 388
1844 1800
1792 332
602 988
1380 1656
1156 2047
457 1429
2036 1808
1728 1455
840 989
905 592
827 642
373 2000
1066 513
1572 1305
2015 2032
432 1599
216 858
1902 1073
544 1670
1698 1912
1872 720
1019 758
44 1070
1464 974
1456 1492
588 1766
2019 1448
1382 268
432 1588
152 502
804 1976
504 616
574 952
1717 1231
995 73
2034 80
940 1165
1132 1887
1264 1664
1400 848
1681 844
100 202
1296 675
908 1772
232 1488
1975 179
253 953
1637 1260
1824 1753
1059 1208
1842 1115
305 123
1270 715
1809 992
92 1242
1488 1995
1765 114
1944 151
1152 1826
335 1618
1291 1612
0 168
1060 501
280 192
640 432
765 1099
1587 384
534 1434
1949 152
582 316
78 358
1690 1180
1641 1210
646 1262
1150 54
582 1282
1323 988
780 467
1695 764
4 737
556 1902
1564 1984
462 96
280 1672
1898 254
1272 187
136 1814
1160 673
1568 1962
462 2022
1030 2006
1150 730
1114 1876
610 1054
512 784
188 2020
341 1215
1619 1942
346 951
1028 858
443 873
270 1893
551 1338
1360 781
1498 512
914 1909
620 1616
1912 1582
1020 344
1673 87
1878 1365
428 462
1548 269
296 1920
959 1317
1740 817
1714 428
396 342
1020 1181
624 480
1192 632
704 1619
524 50
1828 375
815 1389
70 1146
1228 2032
777 1888
1505 937
468 1637
1406 1965
144 1776
460 1905
1661 760
1787 1616
1706 1599
600 480
1388 1260
965 1788
2001 1136
591 888
1589 1256
912 836
727 1985
1061 200
834 1692
1862 1432
32 2040
1812 2011
926 2038
1181 1552
877 374
1196 530
416 1776
1984 246
697 1507
594 1264
1234 734
108 1879
279 768
790 1835
1694 535
176 1191
1666 328
760 4
1211 412
1938 1135
1490 105
1989 62
672 1378
1454 1769
1309 1789
540 2000
528 972
689 1582
1880 371
2032 1138
604 1196
380 372
1804 80
1624 1286
1056 439
770 1455
1865 1994
2032 1672
348 1536
913 1852
40 1925
428 896
639 1806
1731 2043
380 1638
1936 864
1746 1909
1370 1840
1503 1439
1208 1213
306 1477
1712 560
1462 1913
497 387
530 848
1136 1216
1720 624
1682 1536
394 1634
688 1036
1075 204
1691 1787
1818 1418
1628 424
356 1296
68 616
166 622
49 1472
1526 1589
1280 364
1562 170
56 1092
1666 844
1206 609
1160 473
559 1728
1602 175
332 1475
1266 1704
1094 594
26 1042
965 98
910 1729
1524 1130
720 1061
619 392
330 592
1566 1860
448 1799
624 234
1080 1376
1745 1158
1416 1562
169 352
2024 368
361 200
1332 460
1888 252
624 1460
436 914
1584 1448
1248 588
2010 1640
1822 440
77 623
176 1319
1615 896
896 92
552 1488
990 1702
1648 210
538 23
406 2020
583 384
1908 1996
432 1680
1413 529
114 196
484 1641
8 1680
2043 1805
1952 302
486 513
549 232
1994 1298
1158 668
153 356
1934 1956
1798 1804
1761 1380
1192 1820
1200 328
1432 20
1071 762
696 1589
229 96
1622 288
339 1876
1450 1643
779 448
1505 1312
2022 1974
42 326
1482 0
1759 352
1856 995
471 932
426 24
918 896
781 1900
664 1792
672 1979
2003 350
1620 211
948 1916
1924 1808
1267 1792
1740 968
1212 256
44 480
434 978
1359 1039
1444 384
562 1378
1686 684
512 1280
922 1667
2004 312
700 1664
1000 2008
2040 1172
1064 342
432 1698
1996 920
1248 576
1424 59
241 1456
1064 304
304 336
894 892
1264 1710
1777 1714
870 1204
936 1725
871 72
1726 1729
44 272
1096 586
1921 1448
689 776
1567 384
1612 986
1234 223
436 932
52 58
1785 828
184 400
1856 1980
106 837
192 416
326 1242
456 1301
1536 2004
922 968
674 1648
1158 64
1494 1805
576 90
447 1265
1666 891
1446 277
10 1800
256 724
439 50
898 788
122 1262
806 1172
888 1734
204 926
819 1963
936 1775
1821 1227
712 676
1807 162
1739 1138
312 1197
1560 1969
1276 1764
515 116
1616 1023
358 842
1120 276
1362 832
1810 731
1840 696
354 770
1652 1757
896 1860
424 312
1948 958
204 1448
872 1944
1840 1832
1062 1735
1556 662
144 541
2011 247
862 1096
1380 380
1824 356
304 1471
474 1975
411 34
1248 613
651 444
1798 1108
1826 354
1328 928
1806 1824
1352 1560
432 1344
722 233
196 1487
1557 1328
498 863
315 1601
794 1460
768 1589
1225 366
865 1438
1318 320
1632 1460
1966 418
1946 1215
1455 440
471 992
768 1260
1310 680
1792 336
1992 1607
686 1890
1561 1460
312 1205
302 1395
1948 631
352 804
1508 305
1912 464
588 300
792 160
1984 1512
1806 160
872 1009
416 1888
1034 1610
765 1335
1416 600
1853 1468
1904 1068
1076 35
1432 353
697 505
296 1473
1070 1202
720 1168
1977 1529
1718 1135
440 632
1812 750
1230 909
1958 1220
1715 352
1409 316
938 393
474 1508
862 1152
1186 486
1870 248
1646 97
1416 1853
677 1763
288 488
490 960
1193 1239
1584 1884
588 1344
1871 1521
908 1360
1349 1745
1962 1231
1780 2029
656 1346
912 696
476 280
1003 1225
743 492
502 1892
977 1160
1938 1924
1884 948
1230 682
730 883
1446 792
1524 204
1093 796
194 324
650 1938
1024 1320
202 1368
16 1638
30 592
1008 1507
494 1932
1232 1630
1618 178
1813 1536
2004 1488
1770 392
1428 851
296 109
992 684
776 1040
1589 1012
1194 720
970 438
218 1058
348 1664
1874 796
1312 14
28 1886
1984 1050
320 1572
740 954
350 9
1100 1481
158 2029
1616 1319
594 1058
422 1155
852 1890
1532 769
1984 448
1107 1617
321 354
1832 316
764 1804
24 32
75 1837
692 944
1541 1015
688 1346
339 196
992 1392
1576 716
1378 1720
40 60
1876 63
1422 1042
574 1208
412 992
515 1349
149 772
1664 624
1349 452
1025 640
1609 1072
320 872
1614 1383
320 822
1271 795
1821 1334
681 2040
1859 1864
1186 988
1464 448
268 975
492 1319
1004 1074
1094 759
1112 141
1420 752
1964 1607
1818 1706
1904 848
1726 964
897 18
1960 1688
768 100
1584 716
1164 823
647 944
280 1713
316 912
1634 1158
208 1992
1632 1783
1168 702
1268 60
428 1006
712 1222
1164 1338
88 664
848 1536
1783 27
276 624
1396 130
1312 52
768 894
572 1240
1500 1262
358 918
1730 1808
1192 137
1424 976
1092 1872
443 638
1564 886
240 904
1076 1168
576 1078
605 1854
416 304
368 1199
320 796
1706 1306
2028 738
744 1171
670 656
1170 1075
549 2029
1400 578
1536 676
210 1597
1227 196
433 1777
826 7
124 448
1540 536
72 162
918 1608
614 864
311 1036
472 1555
32 216
564 1738
822 1356
1984 660
1487 72
1752 282
577 176
202 963
1110 1025
104 1002
1848 140
1444 1596
960 356
872 404
843 544
725 1434
1274 767
1377 524
2046 1010
1197 1904
655 808
1202 830
962 738
1571 260
1672 590
319 582
846 1339
748 359
838 1659
685 1646
442 1198
921 610
1052 1376
1470 1766
1176 1889
1222 1007
886 1144
1256 1901
256 824
76 1976
1568 1680
956 1336
916 518
1372 78
1533 1672
547 578
328 604
948 593
811 23
387 1971
1706 2043
1275 160
1672 1565
1574 422
548 329
604 88
1105 828
1700 946
818 30
1408 1822
1912 640
1744 852
780 1679
1609 1690
1704 134
2005 1332
1504 1840
384 1819
132 294
2033 1219
1474 1458
464 186
1459 1586
416 1032
1144 1132
492 788
90 1762
1240 1189
1304 1496
1689 1168
408 1536
185 1092
883 384
912 300
1110 1360
1293 458
1383 1288
708 828
273 1816
1704 535
346 768
440 904
784 638
97 563
1853 2038
422 666
1195 846
784 842
1692 960
150 384
902 1435
776 1600
1182 152
1166 492
1452 1544
1760 1969
858 343
1432 1462
1738 1534
1722 1700
1226 368
791 639
672 113
1856 1704
208 688
739 610
154 1376
512 2021
482 1826
372 1856
517 206
1946 786
821 1888
1964 1634
1625 428
1190 397
1756 1624
136 1358
1606 1388
572 995
1088 1448
576 1270
1221 76
579 583
136 662
542 1173
841 90
1726 536
780 2011
664 567
1843 603
1224 632
782 167
1007 872
1960 1160
877 44
204 637
1111 1736
1568 577
220 1220
1102 1644
1626 846
379 1212
314 544
1756 704
526 577
1724 1145
928 795
629 1381
96 332
1431 1008
1680 1746
1054 832
1552 906
24 708
1152 1450
934 1316
1344 1912
2014 1080
779 88
1496 120
1104 416
1916 752
1376 116
1492 1293
1258 1893
1379 231
202 156
48 24
1052 800
192 1536
1720 1712
393 1541
1610 544
438 1744
1926 938
72 1852
1748 1954
704 68
1440 342
809 1812
88 302
424 1173
334 997
696 81
1753 535
976 1268
434 1612
1536 541
489 1760
641 1088
1825 596
1862 443
552 224
1034 1592
1808 1485
1772 816
188 1593
1122 1321
981 1194
192 894
1502 959
160 822
1448 794
995 234
1760 990
1238 42
864 2012
975 1612
492 479
1576 2009
396 870
1049 1104
1533 1720
500 502
504 1632
1769 121
1464 192
1296 172
462 1692
1176 48
208 1856
1972 1277
1644 200
1626 1625
236 15
442 992
1306 1520
1657 1949
631 1586
1996 176
780 292
1279 244
420 384
675 593
380 1296
1008 903
1242 146
1168 2040
1691 1176
932 1085
1344 1274
1099 288
1448 1381
1750 544
2021 681
1029 616
1532 1715
1952 1058
768 1365
1856 600
120 1159
1541 1976
12 634
1668 129
1494 1752
1222 1808
322 1462
321 900
1128 844
738 614
577 1044
1716 1746
272 483
1846 500
2020 1369
1826 645
1048 667
1260 800
547 272
344 1540
1520 852
93 1043
552 1211
444 2024
1764 54
1518 2024
338 1944
276 96
1430 482
480 240
1462 765
1713 1008
1604 1210
208 92
816 177
1452 472
468 216
1806 851
1440 424
2028 1336
164 1536
944 1748
1476 1544
556 1132
1835 1168
269 456
426 1332
892 1879
672 2016
1268 680
784 64
831 565
572 1372
996 1888
1995 1488
1179 1458
1355 616
986 912
473 464
548 1252
1907 723
1237 1696
1288 520
1696 382
1664 1386
355 1506
824 1266
1672 1938
276 1536
1338 252
484 600
1168 160
332 320
290 153
1372 1549
1092 1854
928 1625
1495 989
1131 720
1744 296
1152 528
80 1646
430 1401
44 66
944 924
261 193
1300 408
271 863
527 307
792 945
1934 1594
224 236
1544 480
853 90
1476 80
737 951
57 1480
1648 1252
39 597
1734 1592
1521 64
1140 1570
1744 651
728 616
1073 758
117 288
1102 1383
1880 40
531 936
718 388
1771 272
624 916
311 1492
1220 46
1246 36
168 1964
93 524
1356 1774
872 546
266 1320
224 1750
1950 208
375 1094
410 620
62 1026
1272 502
1456 1712
1998 688
2005 1959
336 478
376 880
306 1362
1080 484
383 1720
612 1794
706 1240
1711 1659
83 768
1616 1798
50 586
1390 252
216 1890
1084 1944
1340 1902
1658 1868
1048 1860
1004 210
371 712
1886 1811
229 504
406 522
176 726
1238 1904
130 944
648 488
1019 1489
960 866
1855 1854
560 1804
1981 1810
67 436
1774 1460
773 1736
1978 236
356 1215
155 1632
1620 2017
76 751
144 72
1063 128
1924 624
1733 352
508 504
1438 563
1808 400
1792 738
928 1601
1470 956
1356 2000
1004 446
733 228
341 850
836 1312
1784 1560
1222 1692
472 640
672 196
857 824
1940 1325
1810 1529
736 1436
1380 512
940 1745
598 1336
224 810
2004 1064
788 284
882 1840
895 1166
1666 640
662 288
146 1264
1882 40
1856 2017
1427 633
1362 50
1350 368
1664 1230
588 907
1168 254
1908 1600
454 454
135 1232
850 1622
194 1244
345 1292
1755 284
1644 361
180 257
1732 10
1176 1364
1965 1024
180 262
39 1466
288 1605
1464 980
728 784
1788 1122
1792 1817
1265 959
1690 342
1088 370
176 404
731 620
912 100
1248 908
1108 225
592 1112
446 1410
666 1238
1876 1454
736 2035
560 1370
328 792
1656 979
1044 927
1376 753
763 1965
1833 880
520 1861
1058 332
1336 2021
1332 528
602 36
1897 2042
1440 1840
1388 2032
474 1107
1395 168
364 1086
109 484
0 1393
768 1180
1280 1744
1390 1548
944 196
1716 170
153 947
1088 1524
1964 1196
1142 736
236 672
1503 1824
714 647
937 1316
1064 848
1848 1590
1148 185
1609 801
1552 1843
1197 1061
1392 1992
1584 200
657 1950
557 1827
88 416
570 1840
74 1441
772 217
1638 1801
1964 1924
1932 180
600 2014
683 771
1747 318
380 465
424 320
1726 864
86 1592
1033 1364
1700 768
499 115
784 1561
4 54
150 1467
1126 1908
1514 144
443 629
1211 465
1712 492
1682 297
509 688
224 124
1550 1276
1846 452
646 824
165 1112
1056 390
298 1340
104 1524
1324 374
1504 1016
1682 1528
384 970
220 242
942 1324
784 660
1516 1192
2006 1388
912 1756
1434 420
120 1023
1673 727
384 1655
1624 1068
1184 1560
482 1456
789 922
1728 523
1394 2024
142 1245
1932 1894
26 1982
976 1640
662 448
702 1967
488 1216
598 1824
1998 412
736 465
952 1367
1824 1609
654 1435
278 2036
630 424
1420 1120
80 40
64 243
738 1794
657 966
616 1943
543 674
1936 728
592 139
556 1765
836 1024
922 1948
1804 1569
926 808
1052 0
1432 1682
247 651
2008 768
804 864
656 471
929 298
937 1850
1698 896
1321 264
1510 724
550 456
896 901
329 1802
106 88
1304 255
1836 1898
0 1853
208 101
807 1869
649 440
1476 2034
998 1618
390 1946
87 580
466 1942
128 1361
1523 176
690 1400
1592 1792
1701 1998
1958 1999
1408 629
540 679
480 1350
1827 791
1544 400
1080 144
1154 1088
1517 1372
1184 1763
1336 1921
1295 1700
484 0
326 1472
1456 406
196 1954
381 856
1528 78
2028 1869
1677 2008
812 1158
865 1518
1421 1880
1127 1728
1496 712
528 432
409 208
1520 420
1100 64
1180 626
914 307
1838 398
1740 1660
366 1078
512 1050
638 925
234 1122
1085 807
188 1549
888 1860
328 1652
58 854
976 1896
691 882
813 2018
838 947
1800 1924
12 916
1810 928
1376 431
813 544
988 700
39 89
508 688
662 457
882 1844
1872 1856
856 787
1022 704
856 960
841 200
2016 656
1723 1806
1910 494
1072 1500
853 1104
1548 654
820 1014
509 1364
1232 1084
468 706
1420 1885
702 230
518 1518
14 1456
101 836
396 1272
118 1168
64 1486
1185 1418
1956 606
1344 1224
1892 385
1585 195
839 396
1454 1906
1308 128
134 1919
966 1950
220 701
1900 18
736 382
824 608
1084 76
784 896
778 1627
1224 1182
480 1165
912 1760
360 1270
1001 1732
659 16
1562 320
45 1096
433 200
1103 984
1434 418
1476 1728
1456 1806
2000 839
1866 704
488 1476
1668 1492
258 1752
886 366
312 1884
1376 60
1396 1382
335 548
1760 2016
1620 1880
1067 728
948 1290
512 936
736 1668
867 632
1648 768
1568 1762
56 1340
186 288
1578 1563
622 1916
260 1022
424 1643
312 1498
608 2045
172 103
209 1955
1080 1560
1049 1794
962 492
836 394
94 232
858 1536
1562 1411
604 1340
1348 1371
516 599
1691 1902
772 1256
1783 1204
1467 844
689 1372
1426 1984
814 1781
1196 1170
136 424
1353 48
742 325
1138 1294
1774 1566
620 689
1356 736
874 632
793 1968
1616 822
2010 242
1199 720
1496 988
795 308
1712 1920
846 1355
779 982
688 144
1896 1105
581 1706
860 1494
344 1648
662 890
360 1226
1100 1740
857 53
846 1884
830 716
1676 1656
95 430
1364 1287
1012 471
1964 660
1749 1330
784 796
1502 1612
1222 1066
128 872
68 179
1968 1180
108 1261
1920 1348
635 446
1368 368
63 1147
800 176
1240 496
1888 540
231 1933
640 512
248 1914
1943 86
608 1024
224 224
536 1673
916 1208
1496 1682
940 1818
1654 560
1685 700
512 1888
914 448
402 261
263 1890
1468 162
1973 416
1694 1972
1134 765
2030 1363
266 220
1536 327
263 842
825 164
1426 1060
1568 1704
808 1256
414 369
848 998
32 1092
245 1552
1276 953
452 1264
770 631
759 1761
140 288
1594 998
569 314
1338 900
311 40
544 1381
146 1552
923 1115
1155 1824
1540 907
420 1192
96 1694
1150 1664
1061 1020
1691 1126
1208 779
364 1200
212 1032
1670 1616
1641 2043
409 1206
562 1873
320 131
1172 1748
864 500
752 1026
1160 316
1922 354
48 264
1239 2002
118 1136
1399 690
1920 1081
112 531
1220 1576
678 1096
1530 864
1656 1288
1558 108
628 948
1928 576
1350 800
1700 493
962 205
1702 1201
705 1538
666 1592
266 233
524 672
283 756
336 1152
1582 298
1116 1107
1088 877
1253 672
309 2032
1536 1234
1832 2034
768 1024
1818 368
312 14
589 846
782 1190
760 1808
748 1596
1920 417
1392 1782
765 1515
574 46
1170 1465
1344 1706
174 1504
2030 876
1344 1356
1271 1952
1502 248
1248 1253
52 64
1360 986
797 900
1369 1202
2036 1374
184 20
620 652
1776 1676
1823 76
81 429
1506 1330
972 2013
120 1452
147 1268
1979 44
1696 1554
480 1028
483 305
1620 109
362 1420
1952 32
1310 1101
668 874
1841 1232
41 648
646 1564
565 1801
1960 210
910 1524
1360 926
64 1248
2041 1888
1208 1680
1241 1732
132 1292
476 168
1827 190
1894 42
1671 1648
1652 1624
1408 304
116 1344
1696 1468
795 1250
1303 1471
1110 864
646 1471
660 493
1354 1624
168 1808
1800 1390
176 888
732 1516
412 88
2016 1579
731 786
696 694
1394 1797
1748 364
8 214
1558 360
1940 1072
548 964
1023 1694
712 1642
1529 1746
1356 1019
316 120
448 1144
1207 1360
1429 1454
1179 677
786 1664
184 783
1300 1840
724 768
721 1599
494 1951
1926 722
838 568
1598 80
1383 1888
682 408
1399 1862
1246 160
875 182
1224 12
246 476
1974 1857
822 340
1276 1314
72 1406
440 1946
738 624
1096 292
332 349
1312 1626
1448 1064
256 1161
1656 440
1181 1116
1625 580
717 516
1538 1476
395 1408
116 1408
1450 56
1278 1210
2004 1420
128 95
874 1824
1232 650
560 1620
1753 1812
1394 1937
1831 186
1762 1206
1458 1776
1184 1248
224 1048
406 1944
240 745
944 800
1744 1782
84 720
160 1888
1668 2031
1132 1016
1102 856
440 1122
1238 670
160 906
976 1856
1192 460
1908 1288
1226 1858
561 484
1274 482
1760 1456
160 1328
1126 1488
1296 449
970 100
1153 82
1146 1096
1638 1840
2016 2026
54 1617
120 1902
1272 1954
2029 318
98 1388
74 1464
1072 2024
1856 238
716 1137
216 628
359 878
800 1843
1984 521
1335 1777
482 808
448 1258
1755 871
1564 1338
1155 1412
668 1465
1270 1432
464 300
80 708
1995 604
1390 105
560 1067
952 611
1944 1058
456 1744
632 828
1640 334
1640 1236
966 665
2008 326
1388 1522
1947 798
278 756
1628 378
1524 1165
960 924
1448 1498
1829 444
344 491
1925 172
1432 1620
880 1703
754 1664
478 160
97 1792
980 1448
1499 238
13 1281
1920 816
1288 1568
368 1328
1916 923
1487 1968
1212 316
1024 1183
1524 694
423 462
4 367
654 309
1546 1864
16 1187
1086 1363
284 88
1664 13
287 1825
1398 1280
1600 627
1504 568
2030 249
772 656
1894 1200
764 1435
1980 1297
1654 1054
1572 1334
1240 343
1144 1590
924 838
624 1826
1840 500
2040 522
1696 49
1524 246
897 1146
1509 1280
692 1962
1376 145
300 180
464 1016
1328 768
1028 306
216 1240
514 614
501 304
614 544
1049 429
1591 1918
1824 1956
911 1257
474 44
1983 807
417 1409
2030 1732
1935 448
1216 115
1029 190
512 498
1848 280
468 1987
1352 1016
1312 388
1045 1143
656 849
1856 1536
1184 572
2016 2032
323 235
759 1163
1640 1639
1278 933
864 1640
448 1056
1200 784
1780 1040
588 1028
1738 1162
368 1304
1287 1991
167 851
388 248
1383 1472
576 1494
1408 251
610 768
700 1660
601 1488
798 1987
72 27
1271 494
435 1678
892 1769
1688 2040
488 192
1600 1568
421 1938
23 211
1552 569
1994 685
1152 1812
772 422
610 6
1326 728
1200 620
9 556
251 970
979 1894
384 436
336 1478
882 1372
48 1234
822 1866
602 800
1676 159
614 940
1302 392
1256 592
775 560
370 1636
1708 446
1628 180
1776 134
542 83
975 863
826 736
1678 1760
1400 736
146 994
1222 1676
