100
145 243
120 4
216 194
104 15
132 115
31 229
112 74
150 34
44 88
160 184
26 202
96 196
205 191
208 106
22 240
172 160
24 213
192 86
190 74
29 160
188 143
220 7
205 118
166 3
14 144
93 235
18 56
173 228
128 19
160 244
178 144
0 5
132 174
116 152
93 178
132 182
96 74
168 254
80 32
94 158
168 236
64 130
132 50
194 192
83 53
128 207
55 172
0 48
70 95
99 32
210 128
225 172
226 112
77 200
131 123
153 128
157 79
166 224
246 96
64 168
248 160
210 77
200 40
240 118
142 20
187 128
216 72
224 6
99 126
40 24
64 144
9 58
204 144
42 72
232 14
44 164
64 183
90 104
194 156
135 138
135 131
251 89
68 48
2 147
224 233
59 244
235 241
216 216
28 108
12 32
80 84
136 28
104 180
176 157
38 64
72 24
128 60
135 76
117 112
108 230
