100
88 107
4 64
208 0
82 54
228 50
189 243
202 102
92 142
240 200
179 8
48 210
164 224
124 44
122 122
84 128
14 242
20 217
142 116
55 5
107 145
76 182
86 0
107 104
96 152
67 104
172 228
245 10
136 13
29 216
150 246
219 128
176 212
188 234
244 16
128 184
82 98
127 162
192 239
33 87
48 67
192 16
144 192
72 164
12 248
119 90
109 0
32 34
248 2
101 106
121 20
208 148
75 192
28 247
156 146
64 64
21 12
54 0
214 82
52 86
229 92
204 136
80 68
82 128
66 132
191 4
180 174
241 208
200 220
32 96
184 4
72 33
38 44
18 128
114 158
150 221
34 129
204 128
168 236
144 199
230 96
150 0
198 206
224 124
152 148
169 153
180 154
171 133
128 196
126 132
48 139
158 192
143 164
182 223
128 212
208 143
199 4
182 65
115 204
169 196
23 253
