5000
226 343
256 816
300 668
2 940
732 96
935 972
160 238
74 798
907 763
182 709
216 370
417 121
333 160
68 22
59 832
652 13
532 812
554 462
614 704
616 72
928 412
906 420
130 46
394 551
383 828
470 240
288 799
859 18
328 812
361 968
450 854
508 841
308 321
831 574
916 473
909 160
976 336
201 717
332 689
704 384
863 769
460 89
36 76
472 666
81 414
424 382
16 0
171 582
780 270
470 747
462 456
482 799
204 198
584 128
960 128
613 211
728 578
177 800
452 684
668 887
606 868
442 2
268 520
492 436
764 12
318 884
270 1008
138 475
248 318
514 424
74 904
104 682
119 862
774 724
683 532
446 410
824 436
715 772
764 89
913 242
910 574
152 988
499 607
107 576
329 585
276 952
912 636
551 632
882 198
861 624
498 897
71 200
371 717
548 144
816 187
896 0
208 191
164 61
501 432
698 652
688 371
156 604
384 755
507 335
604 158
764 610
704 681
251 0
643 741
232 723
376 928
92 70
320 480
108 298
756 76
300 540
269 306
640 544
952 928
628 635
323 47
17 199
625 219
627 878
250 581
618 508
761 512
896 605
740 684
307 526
816 1010
815 628
211 68
636 792
544 770
520 23
251 16
390 575
476 732
939 682
428 122
349 395
179 880
957 136
5 504
900 528
284 544
186 977
496 19
645 136
58 36
134 428
278 151
579 704
419 40
478 36
280 540
635 378
720 108
866 1000
727 746
888 130
541 899
648 154
380 16
475 5
390 704
988 392
375 75
950 137
846 708
76 692
46 882
896 464
790 84
930 200
51 930
37 520
640 440
759 793
580 132
523 912
1010 732
0 997
37 728
298 362
977 670
112 344
608 788
750 7
718 792
40 548
803 304
238 577
880 641
402 715
44 378
773 34
231 392
433 128
936 583
956 460
561 474
808 192
916 192
120 74
83 448
570 984
418 994
536 776
814 755
502 116
107 250
453 448
178 736
153 764
576 48
46 137
852 1012
258 954
784 210
458 20
858 897
952 408
821 221
986 284
327 71
790 947
784 723
238 252
120 0
146 227
682 736
856 865
656 359
884 848
348 974
608 215
259 915
924 1009
132 44
1022 552
333 912
378 794
273 932
73 62
272 640
446 872
892 284
204 256
1020 264
968 613
431 45
884 920
112 928
664 737
262 316
523 961
650 820
656 104
20 665
182 31
489 349
420 304
511 358
188 130
231 542
1001 56
229 957
864 65
512 570
145 812
544 20
880 704
135 565
940 810
838 598
732 606
79 544
48 638
840 956
1016 550
839 768
684 465
285 672
150 132
373 1006
247 736
128 280
882 912
664 318
911 288
240 1012
1000 956
540 457
92 133
104 878
1004 270
273 712
970 84
474 851
224 58
939 545
1006 800
8 519
422 974
880 510
33 145
0 630
672 119
56 446
760 988
1016 946
372 325
294 68
234 332
506 396
414 374
992 132
192 258
960 528
914 92
582 274
755 832
92 1004
530 192
356 351
996 967
772 338
679 512
719 626
850 0
380 162
602 960
392 400
248 1008
658 1015
632 591
39 194
696 918
338 928
834 432
268 755
1 0
214 413
572 143
468 64
86 778
39 613
494 1004
404 40
169 48
222 494
212 388
906 284
520 917
512 170
672 572
90 105
866 616
6 896
505 870
740 172
327 873
490 509
854 806
229 988
608 312
128 146
176 128
848 600
961 420
64 232
579 263
232 632
34 892
564 157
384 331
186 217
1018 803
975 164
262 250
431 756
880 737
402 641
420 880
962 485
66 136
520 54
712 913
109 644
315 718
576 172
402 691
796 832
976 400
808 295
116 672
917 742
376 280
808 61
748 960
608 304
68 896
1023 388
720 756
466 20
218 856
735 436
912 543
84 168
247 560
212 788
0 744
118 448
437 840
236 392
602 996
300 438
756 1012
391 569
770 830
356 732
801 666
698 848
512 143
424 418
459 512
552 476
344 726
976 697
333 66
820 320
504 251
392 697
266 126
704 328
532 880
304 299
900 504
426 37
454 348
860 204
368 800
664 524
856 892
839 309
104 440
278 679
88 441
768 451
367 769
806 853
712 981
396 568
48 812
734 695
696 230
660 448
584 231
732 896
859 64
308 442
925 444
396 682
184 414
249 271
1015 1010
462 224
965 641
440 844
787 968
904 454
76 904
140 56
598 496
344 708
498 58
552 357
533 116
66 448
594 356
187 932
608 784
136 579
878 243
1000 804
238 78
536 55
414 96
591 658
465 271
736 920
794 426
488 176
596 461
68 500
727 282
458 216
546 891
458 156
272 340
550 228
343 120
816 131
480 137
527 1016
144 843
224 346
656 367
100 650
466 249
832 446
736 464
422 594
741 952
222 609
974 712
260 794
116 740
888 884
720 774
704 982
766 1002
524 924
108 322
1008 151
752 756
440 64
402 929
466 250
80 61
77 201
635 350
385 892
512 46
595 410
300 36
304 256
74 433
392 542
93 197
854 968
460 654
792 512
1016 208
448 80
892 136
1002 150
783 888
442 128
698 748
429 964
288 1000
784 459
978 593
247 488
280 219
204 586
508 556
896 327
314 682
731 340
936 111
13 298
1000 172
144 502
294 356
774 652
148 512
424 239
712 576
628 860
231 550
300 424
66 224
102 284
824 43
116 552
732 245
394 267
104 369
915 168
348 417
384 208
642 785
297 16
504 954
404 360
475 338
302 275
400 204
860 0
544 752
439 403
776 230
960 960
590 413
1004 224
862 426
800 525
504 820
447 137
661 0
785 920
600 212
688 215
775 614
320 154
813 316
644 262
382 78
947 410
267 446
190 935
1007 796
1 628
320 458
824 968
486 540
108 444
679 611
704 816
646 722
144 837
638 54
916 642
422 912
430 840
968 75
102 352
4 725
201 474
812 520
766 376
160 886
728 310
987 148
1000 754
162 80
86 701
860 126
432 777
252 62
664 176
266 879
497 484
898 888
912 830
211 176
877 906
131 97
498 148
388 128
956 288
815 314
756 500
888 608
728 936
65 292
670 192
711 1017
604 115
168 544
500 668
430 491
811 240
992 612
122 148
116 320
814 111
736 806
160 852
6 514
346 672
780 434
950 450
675 220
160 696
379 491
414 754
903 712
609 72
1006 352
368 352
88 112
560 790
472 668
690 450
800 986
406 734
661 282
352 409
884 742
24 698
462 990
200 504
908 120
873 776
9 301
291 768
982 353
288 792
562 984
320 128
271 96
342 530
418 597
406 953
260 956
62 107
257 375
737 694
608 266
720 428
914 928
167 240
54 504
1004 416
668 710
375 880
404 381
446 592
632 75
150 607
633 560
624 420
714 234
222 791
74 208
464 379
468 360
670 368
948 468
716 832
841 408
220 157
550 16
450 577
864 172
766 978
512 36
648 640
141 288
542 926
768 838
72 916
744 406
499 392
422 344
112 933
401 926
448 992
268 610
971 70
347 288
672 666
610 170
616 17
718 1014
310 805
881 153
104 312
261 960
542 288
758 774
342 544
873 552
67 166
966 952
15 348
764 790
354 922
256 804
158 486
560 355
621 240
580 388
710 500
632 716
705 171
402 741
17 596
572 662
67 192
869 198
429 627
449 404
928 246
720 791
580 264
816 237
960 873
111 910
610 692
211 130
75 248
784 746
198 978
889 778
848 956
101 516
684 3
99 677
1010 777
900 818
1010 851
304 16
314 998
368 894
345 896
964 99
528 414
741 385
1002 451
781 69
850 256
480 1021
463 465
958 673
861 504
638 76
853 580
348 517
255 159
860 816
686 580
677 132
860 785
933 870
562 192
933 865
443 8
113 15
803 480
422 1016
175 288
594 536
596 242
62 536
559 940
510 128
532 572
1020 111
113 342
0 8
592 182
670 929
71 298
790 851
696 646
414 664
568 576
44 488
290 788
256 751
684 896
552 202
352 46
350 577
884 46
299 472
908 545
877 832
347 833
491 450
161 548
924 130
890 432
464 560
39 850
808 406
389 156
628 262
123 355
222 852
108 524
211 256
316 42
774 800
440 790
840 836
264 664
240 478
71 581
136 372
768 536
850 886
624 72
616 32
912 146
104 136
469 627
144 616
8 349
79 168
525 161
848 332
0 694
290 504
715 192
684 768
996 26
688 130
896 470
402 896
68 238
984 196
963 253
45 116
712 812
101 249
1000 1004
556 878
728 309
670 979
34 493
162 551
502 570
943 93
326 147
487 234
934 135
166 735
908 236
876 684
836 542
79 984
531 944
834 592
604 90
173 695
492 698
432 364
656 346
423 256
748 294
479 238
800 782
1008 678
304 592
508 364
438 256
248 935
816 148
924 992
602 896
671 898
487 609
265 40
528 928
1007 110
329 955
223 396
720 18
144 194
975 313
326 58
495 351
244 810
822 506
703 408
718 397
662 318
588 305
1000 464
867 947
654 592
991 960
768 910
472 9
756 659
872 582
688 758
35 2
542 792
128 896
719 718
300 752
584 841
709 984
68 76
148 175
839 79
889 590
1008 472
432 724
990 687
694 93
732 128
516 583
932 832
965 536
22 218
199 356
54 128
795 8
913 374
44 140
840 676
131 584
180 950
718 516
528 37
424 137
886 626
160 544
236 280
640 234
215 176
890 816
144 728
524 445
24 1008
381 371
192 825
218 812
464 892
408 789
32 762
343 705
516 160
902 621
896 792
464 668
983 256
252 1017
180 143
490 22
259 896
82 174
66 350
384 1020
553 572
419 901
274 229
448 330
161 970
718 1004
80 570
563 326
696 891
156 676
937 674
747 848
902 223
202 323
4 440
875 841
256 400
912 79
84 119
910 108
588 962
520 758
872 388
368 608
846 992
462 697
448 422
988 647
40 144
703 230
628 63
120 156
64 644
50 448
396 1001
301 520
915 944
416 26
799 642
86 566
977 749
129 781
332 456
0 860
417 544
466 144
823 956
4 928
227 304
1007 229
218 116
30 244
723 358
719 342
90 528
428 484
927 801
178 865
933 775
816 928
249 624
686 156
548 0
504 640
852 99
969 818
156 800
388 588
23 968
688 448
744 256
16 144
730 271
774 257
238 808
263 690
287 242
364 804
866 634
700 971
444 24
418 816
240 1003
16 34
974 437
344 746
320 230
200 18
862 440
844 268
292 148
342 838
578 273
931 493
342 270
512 397
470 464
836 1014
1021 577
294 198
851 788
934 994
768 296
0 125
785 688
590 830
94 376
487 562
252 677
952 744
40 555
238 56
809 832
126 352
336 844
824 881
420 888
635 264
792 306
686 894
1020 631
155 548
383 66
221 321
259 248
107 52
846 1020
8 194
752 205
160 387
584 271
938 178
407 988
982 521
318 412
856 768
240 312
732 496
576 728
168 16
767 324
856 853
214 972
976 686
704 436
421 322
566 363
708 1010
844 716
598 995
848 256
991 834
136 375
756 526
234 735
288 768
672 672
513 103
24 266
351 487
1002 794
218 364
691 602
74 229
149 355
943 888
104 752
25 360
954 672
184 98
692 508
292 79
204 858
800 233
24 552
518 9
1012 265
413 330
891 226
848 172
304 874
772 142
292 1006
934 788
200 84
511 674
377 252
736 888
688 926
490 710
164 694
952 942
238 470
40 429
118 572
586 997
123 599
550 856
386 829
240 322
780 966
960 433
752 492
403 322
710 480
846 644
929 486
503 156
833 218
656 456
352 792
368 20
599 464
352 116
30 10
110 416
13 102
612 1004
324 688
270 703
164 717
228 494
500 527
964 717
876 758
26 910
339 15
108 812
973 970
469 939
408 304
60 618
864 68
784 682
278 572
492 357
566 205
696 747
355 210
731 628
120 850
363 639
39 952
695 275
326 25
136 940
822 938
598 208
692 1012
490 800
974 322
795 720
463 298
694 645
332 760
220 500
984 560
474 778
128 752
912 704
100 568
463 488
704 469
211 547
486 361
676 992
1016 136
659 300
236 416
139 476
587 844
682 512
59 224
912 376
640 712
456 364
145 456
282 464
452 1010
888 721
934 1012
126 565
807 212
280 705
84 694
87 50
976 448
832 641
685 500
744 536
757 728
117 12
686 64
503 886
964 144
624 210
202 892
232 400
1000 829
586 686
791 552
468 2
132 588
866 440
478 324
312 386
768 618
57 998
524 224
960 362
492 71
382 144
83 22
343 47
216 172
360 849
666 322
122 920
292 987
160 756
938 666
254 0
168 208
512 416
31 548
144 902
442 32
0 544
826 350
448 251
736 420
674 662
66 83
126 706
908 160
824 320
660 786
282 30
324 254
864 74
482 320
62 75
610 547
858 332
87 878
956 233
45 28
918 590
256 148
62 172
913 471
352 886
560 948
124 15
338 246
763 273
252 180
387 4
640 969
340 623
196 101
622 504
301 144
619 418
544 952
962 640
854 151
680 96
172 176
757 460
554 548
387 410
823 544
64 988
331 1004
614 272
448 284
134 68
728 646
994 740
356 11
530 318
741 233
344 216
337 736
827 614
800 808
520 156
1019 778
929 792
118 82
384 744
70 976
450 716
904 574
360 210
639 38
0 20
840 632
928 72
672 638
212 708
936 844
888 760
465 916
671 531
328 574
744 0
4 912
676 166
867 259
355 762
528 356
986 922
284 560
576 87
51 416
843 24
675 912
792 148
124 88
40 299
920 288
486 875
143 464
595 952
496 348
970 990
844 436
660 512
406 754
580 178
64 302
893 507
671 66
234 560
531 109
393 648
341 16
702 129
818 760
760 92
943 152
134 24
53 366
462 435
560 1008
499 526
232 308
389 40
2 43
407 461
951 991
380 349
148 313
564 980
326 1010
790 362
600 497
344 416
132 384
400 802
374 478
512 644
251 494
198 610
892 484
134 760
474 808
502 505
287 276
260 607
656 76
163 652
856 796
604 680
976 424
19 784
496 1004
357 436
542 806
19 216
628 597
16 898
557 624
354 619
210 896
807 160
510 804
855 928
403 925
770 326
556 1007
512 500
42 87
996 95
841 495
344 891
1003 960
994 573
327 564
679 316
302 856
848 454
568 911
464 648
396 59
766 512
17 61
740 912
757 924
535 864
369 926
857 513
224 1000
660 16
222 457
140 355
50 633
248 555
208 512
585 647
279 377
472 91
200 28
768 498
229 320
840 151
980 723
480 972
768 424
784 258
288 16
544 575
568 551
637 504
742 262
1005 816
965 914
1000 29
412 768
242 121
273 960
240 54
277 662
968 992
530 792
90 572
388 322
1016 912
332 779
768 721
729 418
743 698
832 608
698 192
83 61
481 272
839 475
186 856
549 64
96 807
112 11
644 654
934 424
833 176
910 37
147 268
472 180
656 120
991 762
343 940
54 444
628 802
913 442
970 560
891 444
276 760
358 338
350 647
818 903
852 320
550 993
927 636
184 656
1012 427
960 487
1012 737
459 1001
704 290
588 872
394 664
740 288
742 444
519 258
48 750
545 482
144 160
120 327
123 161
656 36
592 368
129 914
52 940
471 997
204 736
869 608
460 884
882 193
572 276
169 427
230 714
738 516
88 531
385 912
300 436
224 606
104 853
742 256
30 5
479 602
260 547
252 1018
58 556
280 464
736 127
272 771
304 52
924 589
234 1021
912 952
992 260
808 688
648 416
300 254
162 352
196 952
644 604
375 1020
208 876
782 551
451 611
32 855
394 559
280 980
588 768
476 916
432 181
1004 340
4 661
711 848
547 349
839 965
1020 182
623 196
840 419
352 558
460 324
992 783
78 864
354 782
376 54
25 787
726 94
136 516
88 882
224 714
66 256
640 832
106 254
1022 706
4 875
48 56
401 701
74 752
646 476
110 984
358 864
880 978
926 442
34 609
688 348
745 774
1021 768
846 628
522 694
8 278
560 223
820 254
694 374
72 399
572 1013
111 554
146 926
332 371
36 1010
248 508
467 381
704 585
224 68
384 458
304 420
807 436
228 951
768 926
154 52
510 167
909 527
412 798
803 331
281 598
673 792
260 1008
668 168
10 400
824 21
640 650
748 702
656 455
383 435
6 818
819 912
672 640
553 680
208 820
426 86
357 882
224 766
448 928
412 480
864 920
768 496
738 748
209 894
748 344
212 610
779 250
505 380
971 633
400 966
94 239
514 857
688 962
470 292
666 140
332 355
287 425
578 314
464 1003
179 752
521 785
368 38
982 200
1023 285
1000 536
677 173
338 768
384 166
901 762
468 326
584 340
678 840
86 673
732 924
960 854
364 748
660 776
315 98
672 518
74 994
609 592
960 824
456 714
63 539
1008 978
945 993
803 546
397 674
606 937
160 278
504 300
490 964
742 465
832 437
872 803
322 118
592 452
122 874
549 74
800 204
341 322
919 898
23 86
184 236
939 988
876 814
647 972
479 760
1008 476
441 995
592 832
263 196
208 260
563 256
84 444
1015 861
168 609
584 366
38 226
263 252
448 901
365 845
24 934
491 694
266 772
805 472
14 149
880 1014
580 713
469 443
107 436
966 524
0 685
673 874
678 438
624 778
448 396
687 944
112 448
471 448
269 278
942 1008
602 922
803 897
186 630
172 26
580 940
68 984
477 939
130 525
640 596
311 816
258 399
255 422
1023 637
208 482
540 514
856 824
936 422
744 192
376 444
503 547
733 244
290 122
448 632
662 332
15 192
208 1008
64 136
728 131
449 192
536 542
640 486
955 880
528 534
233 434
634 864
842 240
99 767
272 1016
780 386
900 272
308 239
392 998
922 660
84 345
104 81
29 395
576 454
489 550
103 905
150 4
44 616
436 948
73 864
308 664
582 830
736 926
489 936
532 712
264 802
377 550
1002 630
924 876
248 774
48 593
734 729
479 342
323 846
196 842
760 996
682 871
710 406
388 124
716 32
906 993
532 1019
470 10
974 195
422 570
365 18
864 1013
916 357
6 784
832 874
496 752
553 64
109 683
648 174
528 760
172 800
732 40
514 256
981 636
336 616
845 774
788 862
688 60
72 280
967 575
104 156
583 120
525 258
254 792
989 716
465 472
64 431
845 696
963 130
384 506
909 810
967 28
1000 506
412 28
652 804
609 80
628 131
936 522
196 944
910 870
946 808
192 835
672 481
528 909
572 16
687 732
604 231
274 159
983 101
610 32
42 528
582 260
288 818
672 620
182 327
255 436
260 210
88 384
512 360
838 774
855 753
21 711
136 371
645 186
1012 252
916 99
764 716
16 786
343 368
591 150
934 445
566 320
547 1010
988 56
858 988
960 522
408 298
308 872
599 918
424 454
580 931
71 950
28 944
218 638
928 352
960 608
1016 508
1016 1020
480 948
368 936
864 952
124 598
260 333
304 688
566 41
735 179
760 264
704 960
576 5
830 998
839 248
64 532
427 124
54 858
746 823
703 690
844 386
404 176
768 254
0 452
636 32
255 948
696 865
140 363
992 128
709 116
350 972
842 624
775 444
784 960
466 259
230 413
665 657
772 448
543 536
622 378
300 272
902 848
488 498
890 676
423 111
972 242
53 912
982 801
246 508
352 404
504 822
10 382
578 692
816 547
565 922
706 686
368 272
352 348
904 348
280 66
60 683
794 966
209 174
756 168
1003 848
112 3
174 557
704 604
774 639
768 918
455 504
6 612
721 832
409 753
412 285
896 55
186 822
816 1008
352 71
913 708
896 232
855 274
190 393
144 548
943 533
1022 965
585 344
8 628
840 360
146 720
404 229
216 743
77 352
558 422
242 945
412 394
776 936
640 912
574 240
812 638
172 150
529 646
536 626
80 225
920 108
629 772
59 148
732 190
750 554
828 420
658 762
496 448
516 577
984 404
707 431
616 432
856 984
932 528
878 378
372 848
710 646
478 264
984 576
920 636
24 175
332 936
896 802
420 871
0 1012
938 374
512 972
752 608
344 736
226 608
652 65
514 742
767 256
794 82
492 960
805 251
301 117
243 460
46 816
832 172
622 804
776 468
669 12
850 757
804 847
396 600
48 546
404 788
11 510
613 0
692 104
640 204
719 132
496 923
486 586
352 560
518 812
772 612
916 563
494 596
96 768
800 149
9 449
461 240
796 39
736 314
36 555
341 944
912 370
526 808
302 416
416 706
284 258
783 320
301 334
989 460
1006 328
528 964
112 730
236 858
56 177
668 335
814 376
584 16
169 912
852 417
346 162
192 144
861 883
724 0
454 968
368 37
589 176
992 574
98 592
298 775
504 609
49 1011
613 635
836 0
612 12
968 196
162 36
339 519
512 529
294 864
420 1010
758 1016
188 236
901 254
634 752
934 574
24 99
445 975
613 597
32 1016
370 922
512 526
747 43
720 506
682 546
328 604
186 904
788 384
811 412
746 632
117 436
68 290
80 226
984 90
872 828
978 568
572 420
34 302
818 269
908 292
570 117
859 548
585 152
941 972
560 317
582 490
188 832
114 80
864 864
40 471
466 839
562 768
880 288
408 702
1012 760
820 79
596 1006
185 766
444 28
513 434
791 702
672 570
154 654
509 576
960 860
160 69
596 304
974 768
139 187
852 711
1002 26
71 990
759 672
754 680
954 378
768 550
1019 153
490 36
208 656
262 380
352 678
750 494
20 516
806 1018
919 716
128 192
618 954
990 870
170 636
860 40
1008 859
1010 622
924 626
176 662
754 644
306 135
290 640
985 1022
703 781
30 1000
358 70
494 152
217 896
502 384
242 864
812 838
600 50
406 257
0 742
542 4
776 77
723 95
320 528
914 82
665 195
958 141
638 258
600 496
668 157
352 557
736 538
378 362
307 128
896 844
262 850
794 736
668 1006
428 516
552 259
922 292
504 873
800 330
872 386
311 574
680 352
584 637
512 532
924 864
326 813
704 828
528 428
736 521
769 214
850 686
219 988
552 546
496 976
474 208
306 282
790 312
360 226
936 149
196 80
760 336
171 40
768 62
200 1016
960 368
316 223
128 678
900 353
726 568
222 398
186 804
540 202
746 472
565 594
514 512
448 103
539 851
157 378
124 220
880 184
173 192
862 379
115 419
730 632
998 161
359 798
654 638
390 592
628 1000
885 736
862 956
160 910
536 825
186 968
644 800
204 760
173 102
803 754
350 90
447 900
343 572
384 228
564 627
126 182
897 488
8 848
178 188
260 545
1022 256
310 504
668 866
439 404
576 312
384 134
188 752
400 214
396 938
147 62
476 896
496 860
884 956
732 182
835 214
968 998
84 264
838 716
531 240
785 829
151 94
652 773
854 709
301 896
21 521
244 448
1019 887
504 672
634 907
896 522
244 299
402 1000
567 842
414 802
149 584
376 336
416 568
968 594
226 808
64 736
724 51
900 784
424 337
888 1008
568 127
1018 260
595 460
32 326
36 871
692 468
212 260
876 910
768 418
368 889
285 868
71 326
992 974
256 70
140 894
216 46
575 537
652 720
243 257
896 246
150 140
70 216
776 256
748 328
16 846
848 888
982 307
800 816
488 908
637 320
768 228
49 640
426 800
640 372
1022 492
468 106
739 220
703 79
756 535
496 185
770 1014
320 642
972 269
820 84
781 544
435 959
801 126
432 863
928 921
976 148
957 346
150 634
984 291
1003 160
400 440
634 1000
101 905
909 512
566 0
816 468
804 181
884 376
436 812
383 776
576 42
550 840
864 440
136 32
548 660
56 346
640 934
963 929
955 288
844 277
454 358
784 532
706 333
880 88
764 377
814 180
634 914
339 562
871 184
676 248
340 604
464 776
98 209
731 309
152 547
362 38
426 737
776 304
222 896
368 766
736 712
879 504
633 597
457 872
1021 3
306 744
445 245
480 884
640 750
813 356
630 463
671 806
200 900
263 698
726 84
149 855
436 737
183 760
389 720
205 10
940 448
1014 845
704 930
136 580
854 609
281 88
244 64
910 952
891 1005
448 256
32 368
912 292
582 678
672 674
669 696
663 418
298 495
834 850
100 390
408 684
78 503
176 209
381 1015
184 567
524 522
704 207
284 586
640 310
963 987
678 836
54 714
124 989
440 847
632 396
280 96
999 964
590 692
38 634
484 31
664 510
338 916
880 792
702 844
796 586
425 80
601 564
40 646
58 708
46 232
734 978
964 72
144 839
468 515
258 342
142 940
170 298
29 514
944 548
611 286
944 312
425 123
882 685
439 270
900 927
321 384
328 678
916 472
690 454
992 54
639 520
749 928
836 400
640 640
497 388
806 144
904 890
246 928
78 392
848 20
472 464
346 858
422 752
304 928
1021 408
1020 410
878 469
244 971
459 276
656 793
40 762
864 212
594 864
28 713
476 592
645 680
964 54
391 399
384 96
422 352
626 112
882 830
379 504
392 244
128 131
418 827
571 404
750 4
896 254
961 340
86 65
738 52
276 521
98 192
510 378
572 504
125 783
924 882
996 584
565 928
894 748
906 59
363 656
48 592
256 924
75 337
682 982
563 597
940 430
269 496
934 676
485 997
192 986
757 125
926 28
94 359
181 284
448 984
689 151
624 0
640 240
650 849
702 235
532 896
526 282
775 794
80 68
382 384
888 752
10 93
886 320
530 807
593 476
248 900
600 256
842 728
14 225
804 570
934 384
197 389
996 543
464 871
820 681
102 788
416 784
239 424
704 940
376 498
136 680
736 631
432 267
842 354
479 496
256 944
549 672
974 231
372 293
296 956
209 209
998 72
945 874
740 830
306 219
148 800
196 0
246 650
132 745
956 188
914 932
358 810
688 759
760 41
890 740
768 960
571 76
384 510
62 248
928 411
338 278
894 872
684 241
648 478
432 928
874 298
512 645
172 696
644 361
160 1002
344 928
28 380
560 116
620 764
164 940
196 583
0 682
524 636
640 432
678 696
344 902
598 0
52 557
988 564
984 845
442 435
672 579
738 400
405 731
40 539
754 684
988 496
939 282
581 86
896 67
664 266
417 725
888 888
956 182
40 177
508 192
25 672
224 975
917 0
812 818
886 96
756 450
612 240
430 832
118 182
654 656
404 129
990 876
964 992
80 918
842 54
829 576
606 835
128 806
492 756
12 10
252 820
736 882
706 416
448 592
214 51
237 896
122 510
721 662
80 46
958 576
672 686
272 470
20 144
556 448
822 406
1013 189
100 300
322 512
819 650
560 244
0 314
534 920
547 360
874 816
258 376
208 198
489 653
933 242
104 290
776 864
592 584
528 22
54 912
348 722
91 211
911 442
1020 536
311 764
608 252
373 172
666 152
999 936
673 120
442 14
448 0
60 643
788 272
700 568
784 768
124 682
298 844
906 268
996 535
843 236
873 150
157 1000
530 91
310 968
119 632
696 896
2 378
375 224
22 773
34 949
14 300
86 725
984 274
496 577
190 828
308 256
470 956
493 466
892 724
332 108
882 438
248 496
64 603
552 200
800 1009
604 276
557 312
87 511
148 455
165 80
332 650
968 782
464 188
824 626
142 208
102 696
872 1018
760 66
784 697
988 180
839 877
711 926
402 366
607 376
118 517
152 122
328 881
420 420
803 976
192 652
252 676
1023 307
544 608
190 919
272 729
457 642
512 340
688 249
818 600
960 160
578 32
312 964
6 64
510 848
847 274
676 322
956 572
776 430
66 94
224 680
45 736
688 352
744 427
162 492
112 565
160 30
512 30
324 488
563 107
285 532
727 570
433 236
437 714
944 976
754 741
42 914
336 0
561 1000
976 38
545 536
640 530
534 47
160 626
162 382
384 841
443 352
393 604
862 218
430 120
852 970
788 425
844 608
2 324
262 816
960 62
262 364
974 589
155 622
896 413
773 956
861 338
857 728
846 886
805 567
432 332
832 896
99 668
1018 816
574 296
368 816
724 929
836 404
17 796
480 204
939 328
278 328
912 320
587 329
654 759
631 352
534 7
158 1020
251 617
12 320
224 656
206 944
1016 638
860 561
800 970
747 356
520 36
300 195
440 358
148 884
668 484
622 192
536 959
696 729
578 792
726 392
336 424
720 992
456 336
952 808
893 262
586 166
780 475
384 844
825 840
440 26
1013 70
168 322
884 680
550 184
311 946
944 562
634 984
3 50
886 698
20 487
992 665
522 708
857 308
358 164
32 0
569 724
256 867
64 304
0 776
188 216
987 782
681 188
517 901
760 570
924 356
956 419
830 898
9 88
768 268
630 888
126 412
832 706
3 607
44 576
21 628
66 659
348 50
608 845
485 874
676 928
458 940
700 644
400 246
496 432
722 656
350 888
548 630
985 209
510 446
520 956
331 29
597 256
118 793
348 126
858 604
272 335
40 768
817 320
536 44
104 240
599 673
24 785
16 289
938 876
208 103
863 400
320 520
212 992
864 36
548 388
83 424
386 626
416 897
136 69
959 24
966 919
272 440
484 134
662 507
469 987
215 142
139 980
160 526
681 907
418 936
286 128
614 232
453 84
510 471
208 344
864 802
73 551
800 719
214 811
677 28
69 975
984 161
416 909
140 248
504 696
752 771
566 542
694 154
958 909
318 536
318 441
803 337
20 704
113 505
520 808
20 546
537 120
310 758
518 1014
900 420
880 382
991 656
666 35
815 210
270 488
420 208
153 56
112 1014
470 679
388 661
88 856
216 61
958 118
96 734
496 986
800 310
80 727
212 647
1017 142
630 416
636 135
932 815
701 200
174 768
572 876
519 164
300 144
477 494
651 420
88 594
1000 772
320 628
445 280
71 1008
130 285
743 576
190 504
498 48
366 242
570 440
557 328
20 150
314 232
124 404
790 0
1008 312
653 580
900 688
17 842
232 196
286 82
936 378
672 404
568 558
96 439
608 686
320 635
181 392
476 938
404 776
892 161
344 534
840 128
600 628
5 168
397 988
637 68
984 410
215 700
986 589
600 944
686 929
568 457
672 468
355 278
752 304
649 292
753 133
554 191
610 108
525 14
566 154
160 231
930 487
307 594
486 932
597 374
144 944
740 13
919 734
304 554
480 875
26 144
846 744
60 712
124 760
685 108
0 704
219 780
524 757
486 299
218 689
516 686
713 386
176 446
152 408
312 258
835 600
624 488
602 736
812 876
420 48
244 612
752 320
800 174
960 1000
936 512
182 682
377 44
103 253
945 501
122 490
80 798
280 923
961 699
658 404
203 504
476 506
478 639
996 912
993 458
16 605
316 51
308 199
640 562
824 144
25 957
136 920
252 244
550 704
348 482
1021 996
841 112
736 117
512 1000
1016 598
1008 905
268 4
166 736
256 180
377 488
895 742
182 824
0 748
640 612
512 575
596 476
251 772
800 0
1016 514
444 37
420 712
95 110
172 599
636 960
230 666
491 212
825 540
709 264
461 792
378 842
747 67
183 611
830 459
893 517
658 0
1014 828
99 540
436 705
132 872
12 22
844 884
646 303
630 935
237 187
650 480
998 271
788 766
32 1022
960 142
723 40
684 112
419 549
790 769
40 448
100 492
432 177
608 398
382 676
528 763
662 936
398 293
582 990
148 591
852 228
570 644
728 460
533 998
314 988
368 662
250 399
988 100
240 50
158 168
288 889
546 370
191 93
0 896
891 0
147 181
214 840
812 724
484 704
329 834
128 128
568 256
68 156
766 971
516 576
360 796
128 746
932 312
112 828
574 154
56 85
673 276
540 852
748 976
872 970
52 114
553 944
990 908
892 889
420 448
912 642
839 356
282 920
87 304
736 146
1008 142
340 976
306 954
733 156
674 228
76 878
972 730
791 736
344 134
565 333
936 573
934 510
60 816
699 285
694 193
238 968
504 463
146 52
848 659
743 710
349 964
176 832
676 927
289 482
28 609
938 602
48 879
301 752
882 646
822 499
931 918
112 864
14 822
372 162
801 664
888 606
576 156
305 654
224 320
752 248
149 191
256 845
586 958
20 972
687 584
332 426
990 64
436 9
168 174
408 102
464 592
232 246
42 832
700 500
887 711
410 936
20 77
562 871
255 267
526 272
396 256
924 86
164 960
996 770
86 608
268 229
520 896
211 304
191 256
551 36
600 731
453 112
589 250
676 881
600 858
614 128
361 476
136 528
831 798
306 966
372 932
180 2
32 632
944 263
608 434
372 764
570 936
0 174
997 156
591 473
63 462
18 834
660 958
120 961
982 892
651 102
580 965
427 142
544 120
795 763
982 534
918 478
928 336
701 651
792 50
980 0
48 222
235 160
70 458
468 80
521 804
735 983
242 580
1017 765
552 752
377 610
304 900
92 56
110 998
1008 308
517 608
28 1018
71 596
870 806
824 87
476 792
513 787
152 602
222 530
1000 760
159 946
216 0
1005 550
205 474
212 320
946 65
719 464
483 46
680 984
692 516
595 870
176 24
738 629
316 467
191 992
180 112
692 89
772 650
44 752
835 932
910 352
718 99
838 200
361 923
28 892
822 264
300 302
747 440
691 772
384 666
948 235
415 138
435 160
532 304
91 998
716 73
272 807
468 504
654 902
8 736
680 808
61 136
912 296
815 484
1015 452
734 420
196 196
226 204
163 704
884 566
88 18
136 688
799 80
96 772
580 106
206 858
794 348
824 544
320 885
714 854
808 458
134 232
143 66
382 1001
183 32
816 418
288 856
650 62
864 762
758 496
397 36
63 626
110 697
693 948
110 581
172 147
640 958
808 517
32 743
341 696
146 790
400 714
884 168
623 687
835 490
776 314
612 308
34 352
656 232
972 508
0 42
278 426
478 932
632 469
141 251
978 279
480 708
968 8
238 318
739 678
424 756
324 244
482 472
808 292
767 527
861 234
488 556
704 576
960 548
834 214
927 206
68 498
632 980
953 688
960 210
128 1008
684 124
822 721
524 774
282 184
456 448
427 752
815 883
400 860
100 374
192 408
666 162
975 304
282 256
928 164
265 104
498 65
442 433
556 779
14 673
112 548
598 688
1008 208
132 14
264 452
460 631
682 550
760 690
608 1004
950 140
194 916
789 501
376 742
18 919
712 779
452 270
870 159
533 766
694 969
163 772
36 388
658 859
264 910
176 438
932 170
588 32
791 48
36 308
391 282
841 960
653 651
296 747
370 991
956 221
926 472
682 220
244 130
1018 324
94 660
39 112
465 985
188 556
624 695
428 72
410 914
442 848
880 894
825 908
552 760
10 620
704 236
128 536
660 787
104 557
100 996
804 1016
484 580
236 76
390 764
130 884
496 1020
448 98
631 236
859 912
459 513
73 579
626 672
624 764
246 634
501 252
638 801
14 956
574 108
656 685
956 928
696 658
65 992
312 118
760 976
189 83
688 955
62 228
576 523
464 278
842 575
70 472
856 650
273 951
592 630
812 881
534 768
980 768
258 40
51 128
480 187
693 316
369 929
480 640
510 96
72 80
1008 119
382 900
560 36
576 972
131 815
256 726
216 120
816 842
301 908
502 271
222 378
124 542
735 120
701 532
693 294
608 80
834 736
1008 197
909 974
476 992
857 832
1018 832
570 414
132 139
328 208
224 521
358 172
432 273
675 436
565 816
73 466
127 287
377 731
797 298
851 1009
564 424
1007 312
304 696
688 548
305 492
712 267
607 408
172 429
10 284
916 4
387 960
873 408
30 820
551 328
232 557
278 228
712 95
763 340
140 364
776 697
855 872
0 412
908 564
992 64
469 448
264 863
337 408
240 523
771 228
90 464
612 754
871 984
394 678
786 448
284 110
542 373
369 752
584 512
861 694
520 1000
76 846
524 672
592 196
584 828
962 306
768 970
476 8
448 868
478 468
872 966
754 475
677 600
288 652
88 148
864 878
736 608
20 718
305 220
655 432
230 738
916 331
895 400
674 254
614 461
377 913
528 340
928 1004
155 1000
124 319
112 104
22 768
330 52
64 404
949 61
83 965
632 983
555 800
325 108
456 227
46 859
70 792
8 696
764 557
249 726
788 741
469 372
995 410
796 654
752 127
960 188
678 68
102 308
896 441
511 754
448 1016
260 872
199 255
380 148
978 352
117 716
821 580
800 904
784 343
635 714
546 536
32 658
777 564
866 1010
1012 545
336 4
244 907
874 944
576 880
256 862
348 796
190 155
486 956
521 296
765 635
450 328
239 990
488 856
984 662
724 553
836 143
980 910
236 1005
757 574
440 401
718 954
1014 140
1015 625
56 848
75 118
608 1020
956 1004
988 826
940 650
797 108
224 487
463 200
461 16
997 527
618 632
102 648
530 15
102 85
572 256
1012 952
924 335
1008 328
976 672
148 256
63 100
886 704
648 816
335 1020
50 610
890 1000
808 581
548 396
431 480
114 886
924 728
104 296
1008 842
268 416
868 281
632 565
506 864
240 597
628 162
56 104
116 563
704 712
830 762
492 712
224 512
19 211
150 837
511 305
684 634
304 380
392 832
104 438
152 886
120 887
444 892
476 641
224 836
906 922
50 520
460 318
108 993
306 48
22 778
338 786
344 1021
860 96
516 393
106 1017
320 855
652 848
339 280
593 590
308 470
286 786
407 75
922 171
364 936
264 848
815 106
196 48
656 380
808 1013
952 783
800 340
792 424
581 137
62 56
973 595
570 77
471 323
178 808
488 768
994 616
800 270
747 114
224 477
921 844
500 931
528 51
956 244
819 470
267 816
240 352
500 401
0 12
6 768
213 552
738 560
160 190
369 388
16 208
100 874
832 903
674 276
734 672
500 832
352 677
387 643
704 406
512 736
776 934
132 500
998 78
182 872
1021 864
359 991
876 743
788 564
141 407
703 304
111 496
234 516
752 245
984 846
185 561
568 102
505 686
476 486
252 188
360 154
662 480
976 984
415 58
496 591
52 47
962 310
584 102
524 552
768 560
310 117
704 212
288 942
544 601
876 98
464 290
971 788
886 956
232 234
896 208
160 848
722 816
840 685
466 816
64 528
564 954
468 348
470 758
188 209
703 462
432 311
1000 14
890 866
312 252
550 796
328 308
927 770
760 791
352 570
800 436
742 128
129 202
420 911
624 1
911 780
731 141
232 34
669 407
520 88
361 33
473 784
958 24
263 976
312 314
976 136
692 84
328 226
20 396
625 364
232 124
1019 100
498 898
70 997
432 904
378 732
792 142
468 644
132 24
1002 56
496 425
608 244
353 844
591 472
202 216
189 30
748 773
954 926
788 530
60 921
112 904
532 142
974 40
574 30
571 686
84 574
676 436
847 10
130 397
451 278
70 304
464 433
402 620
76 27
675 488
192 82
119 540
328 800
856 636
129 816
756 1022
560 661
759 14
604 376
167 192
116 609
624 434
1012 956
276 888
621 574
636 400
555 310
330 419
108 808
936 64
312 437
411 562
549 652
766 108
608 935
278 276
646 876
856 882
416 918
63 50
672 460
862 99
458 0
976 710
697 820
848 710
70 512
644 786
330 376
281 270
144 861
700 426
360 728
24 676
70 914
32 216
800 206
667 48
200 690
4 314
60 620
426 48
138 684
174 920
129 434
608 123
648 794
872 959
822 79
336 764
116 744
234 217
777 198
740 212
978 566
666 992
445 452
612 1008
480 730
92 230
224 544
352 1008
456 102
229 288
880 262
797 64
440 724
130 476
226 643
128 651
480 985
345 62
32 154
951 285
112 993
480 397
920 282
636 662
967 528
129 587
639 446
822 236
472 224
753 922
600 296
722 396
986 802
590 285
415 616
592 1006
1004 594
923 991
572 752
922 380
148 948
709 72
842 108
266 828
664 228
509 757
217 144
92 302
531 674
912 134
584 868
283 238
142 318
178 636
643 335
576 856
836 323
364 208
166 0
934 244
0 700
822 768
266 901
788 292
410 790
70 998
404 225
914 814
777 16
434 789
762 430
978 336
520 774
957 928
488 567
355 482
540 1004
58 932
180 746
187 575
256 322
506 799
417 10
408 560
509 624
843 639
735 980
664 423
704 128
368 76
216 675
84 832
788 297
856 68
1008 71
237 730
565 120
38 950
16 37
560 187
320 784
342 256
833 464
872 121
375 960
152 488
771 692
474 505
986 792
600 242
557 686
467 952
536 720
558 136
431 216
243 732
960 123
936 888
26 0
603 143
744 171
568 939
914 442
454 1018
824 132
736 694
632 43
514 874
576 712
679 594
864 966
284 760
450 10
960 64
746 270
170 918
220 994
147 386
184 376
405 290
197 537
488 746
728 960
746 852
652 446
970 637
886 376
743 464
352 200
896 427
598 207
400 326
600 776
748 138
852 349
498 473
572 218
396 800
340 947
494 808
653 959
137 1016
954 192
360 754
675 974
480 134
616 81
255 936
868 192
536 398
214 304
924 836
264 540
48 264
494 1016
428 581
713 848
48 476
402 272
648 228
326 276
776 661
302 916
396 138
158 444
364 82
154 274
4 201
70 448
260 402
776 800
272 201
1002 122
1012 675
838 93
270 318
636 238
227 120
408 840
332 730
264 434
590 459
888 352
387 176
373 7
546 440
840 604
99 470
995 930
684 272
778 820
897 487
864 464
408 762
203 350
590 105
738 828
817 988
84 768
569 280
344 992
299 224
70 0
152 873
84 960
172 312
108 832
424 658
0 142
682 828
471 840
794 60
382 40
896 76
208 899
564 948
250 172
872 88
308 800
866 580
319 163
908 520
272 758
31 744
534 96
204 828
668 117
236 756
512 768
552 912
78 591
56 933
724 487
705 1008
578 424
684 534
437 528
88 760
567 163
2 408
344 860
264 999
164 1004
896 911
704 652
953 952
743 12
725 220
544 736
135 693
766 948
908 438
324 269
881 896
594 642
64 212
15 276
136 993
60 785
954 976
639 18
544 404
424 368
8 178
466 595
712 92
156 368
616 732
384 658
604 809
822 626
276 358
827 832
244 619
292 519
464 8
664 61
220 368
238 655
168 685
564 525
544 154
640 720
536 142
448 795
684 623
780 240
3 798
115 955
570 880
750 563
792 852
432 12
674 689
164 993
921 500
475 547
763 672
584 502
160 512
169 872
896 917
420 542
186 186
832 966
548 128
664 357
16 1007
382 738
574 938
650 41
750 284
21 568
582 124
968 0
420 508
72 714
222 720
823 914
721 720
180 780
912 166
194 712
131 782
73 1018
633 116
527 376
353 730
62 151
488 513
584 577
517 312
640 801
765 20
42 464
936 295
768 116
536 480
514 125
535 862
465 787
738 743
466 517
412 878
282 712
704 276
611 690
14 352
894 855
176 836
660 265
63 192
272 272
832 14
879 920
56 322
513 646
747 816
401 656
881 116
961 69
427 384
568 977
316 679
740 146
288 901
912 293
802 24
855 708
800 493
296 368
469 232
159 441
424 98
104 392
720 611
488 896
60 689
896 514
170 188
244 978
422 652
136 512
480 564
405 596
520 397
760 880
379 76
102 912
454 681
466 899
440 334
448 434
25 274
800 241
612 142
756 700
299 662
732 973
576 758
397 194
738 760
480 494
164 11
465 120
0 608
922 5
736 3
193 997
736 912
355 500
1020 716
361 718
634 832
272 24
557 587
120 700
814 890
31 680
515 1012
229 578
592 138
416 662
436 78
319 876
282 720
536 852
160 6
808 28
448 988
514 487
342 790
176 121
851 543
421 416
385 890
243 529
72 696
761 845
744 572
862 168
108 515
132 308
160 140
190 605
4 456
869 720
610 880
69 538
924 624
456 702
34 776
518 501
64 200
604 560
966 644
492 792
848 926
30 162
1016 117
244 16
152 368
472 820
980 337
542 810
347 889
984 512
7 131
882 202
673 321
80 768
704 629
516 1020
415 512
448 56
460 200
288 426
813 432
82 872
614 634
684 898
170 932
691 627
736 71
991 184
436 755
164 499
420 720
659 98
460 431
760 766
678 226
456 704
765 187
80 606
201 416
251 435
320 894
806 214
388 293
1010 317
323 617
155 262
208 766
862 180
122 716
436 178
198 712
616 726
480 49
320 292
432 610
541 428
25 82
258 383
133 382
696 304
711 764
324 496
60 736
940 472
755 492
894 40
409 50
558 768
639 800
243 191
342 208
50 324
225 677
307 862
752 517
900 800
945 142
872 807
733 114
757 652
906 497
710 242
70 654
423 492
552 156
877 352
580 2
704 409
897 492
480 240
201 700
668 96
736 300
42 740
617 514
859 711
64 876
572 616
247 586
196 152
1020 608
512 236
892 796
916 432
414 576
987 584
698 500
866 856
976 852
516 758
29 516
640 960
817 636
420 280
34 714
496 356
693 633
556 679
1017 251
471 406
416 208
64 918
908 776
80 268
698 850
986 790
608 472
592 337
953 248
476 995
528 92
390 978
452 470
676 884
290 312
229 749
784 894
430 487
977 840
668 352
570 664
916 790
254 987
792 106
920 25
886 512
520 111
869 202
288 562
948 686
600 575
872 656
362 851
693 482
448 733
627 672
198 568
425 400
627 898
114 993
0 1000
150 532
589 840
422 16
224 626
923 0
640 837
234 584
848 500
876 390
622 964
384 848
20 802
640 792
844 180
270 278
101 421
858 960
488 321
736 524
659 435
325 574
189 14
676 674
482 888
292 797
684 596
144 746
570 785
497 76
360 548
468 362
446 0
192 125
80 733
8 868
908 962
849 100
258 70
848 46
34 969
466 98
298 876
97 894
520 207
917 309
619 956
338 562
661 480
574 736
704 390
4 708
236 1006
970 920
223 588
892 316
792 316
732 576
694 276
103 468
582 18
455 326
468 752
336 664
956 300
47 544
836 426
571 196
224 323
982 224
284 640
862 494
30 228
826 960
272 784
514 932
1022 680
300 269
282 35
1 863
148 877
734 465
997 262
784 782
796 793
259 448
878 58
808 977
228 964
170 536
549 912
723 772
156 920
987 864
952 518
262 864
141 434
881 440
840 109
393 236
682 300
580 726
616 712
208 575
210 959
151 417
233 268
648 904
704 443
