5000
559 416
736 955
278 341
436 482
572 712
772 348
330 206
998 320
163 368
608 288
957 692
821 880
652 624
108 300
486 380
186 596
883 269
688 918
707 576
902 554
282 97
68 823
658 287
610 722
908 402
800 300
282 997
840 956
447 858
1003 25
64 290
686 112
692 102
431 640
373 448
650 960
352 48
295 498
956 996
276 172
555 976
266 371
104 0
388 544
460 970
584 524
100 296
10 24
348 826
104 372
612 734
888 688
600 918
803 688
1001 459
840 905
518 528
968 97
876 250
989 468
628 235
16 172
346 796
326 628
266 322
200 486
636 800
664 640
622 677
722 632
184 696
384 992
938 314
352 640
1018 576
440 643
42 808
137 326
174 80
920 320
275 564
830 672
828 643
978 660
296 329
941 186
366 848
200 240
768 892
580 373
224 174
368 328
614 584
860 416
688 893
273 157
423 577
1002 820
670 1020
39 704
44 138
12 896
250 387
1012 828
616 862
618 459
750 215
472 809
995 780
212 50
246 971
922 538
630 736
128 696
57 535
93 1000
816 896
896 62
996 232
955 964
4 520
829 736
164 888
680 915
294 871
491 1016
1006 60
432 120
719 60
532 118
1011 486
720 156
1008 411
917 407
88 268
1023 496
968 626
496 900
56 210
553 677
24 936
602 956
331 0
1020 800
994 740
686 442
740 492
387 854
118 490
792 1023
118 902
692 488
679 278
896 550
772 426
280 568
811 657
752 700
357 934
176 38
500 962
292 952
650 90
632 996
529 289
214 544
454 142
906 744
718 871
42 13
778 278
1020 556
387 188
623 84
469 309
352 433
898 958
809 182
886 803
644 766
644 564
298 338
994 188
54 682
80 812
39 492
146 81
731 598
368 449
688 342
36 546
939 564
972 24
733 268
815 58
220 410
897 564
824 842
1004 671
659 208
247 647
864 601
820 738
569 348
228 170
566 145
0 394
762 833
689 700
948 720
484 298
188 800
752 607
242 92
661 43
192 72
628 786
300 878
964 729
547 746
562 321
946 185
82 656
572 680
462 491
787 364
587 462
844 896
32 680
370 533
613 85
703 935
18 68
560 337
910 757
72 244
452 148
986 962
992 830
1013 1020
386 562
159 588
302 334
404 158
196 848
594 970
156 335
478 863
876 747
530 175
276 419
724 1014
972 152
673 201
708 780
606 391
90 498
552 288
13 165
421 73
942 844
276 864
784 788
342 454
584 689
842 897
376 242
40 944
884 893
3 941
0 187
736 769
76 536
973 655
1000 0
224 682
123 282
96 134
554 45
136 194
896 549
299 524
422 408
1004 193
338 619
72 837
158 528
538 856
426 467
484 489
512 950
282 840
988 422
968 254
4 460
832 276
845 496
289 776
430 591
147 382
180 744
390 760
199 568
752 796
332 638
12 97
640 131
244 660
418 676
424 76
433 388
126 367
772 490
244 724
11 773
876 296
640 424
858 344
946 46
733 1002
662 664
704 214
601 64
504 226
673 235
996 210
880 382
310 832
560 753
789 598
388 260
444 113
172 672
984 930
548 224
416 228
575 332
696 608
649 956
880 790
71 789
704 873
474 740
98 603
403 984
776 1023
610 53
388 598
104 710
844 396
472 288
548 573
875 70
484 946
692 966
722 552
902 6
202 388
504 554
208 396
518 986
500 768
768 596
162 1008
562 2
162 670
960 631
60 146
192 764
255 404
918 459
709 770
433 584
512 602
540 182
768 908
64 21
236 576
200 752
588 588
1003 120
848 294
720 771
737 768
79 368
822 288
1000 64
384 920
507 755
448 464
445 893
629 976
742 0
80 496
900 599
64 960
276 898
996 883
892 964
460 478
518 288
434 656
46 631
574 581
876 710
796 426
561 452
28 730
119 608
804 384
400 70
712 103
276 259
622 296
837 355
796 728
892 148
51 338
584 95
15 64
444 383
88 128
661 826
359 320
156 658
485 992
786 606
568 104
944 370
480 738
212 128
128 276
561 240
24 620
326 200
944 296
391 640
614 446
518 608
800 697
844 858
176 462
767 260
576 260
892 952
182 580
214 898
896 293
118 296
451 206
572 132
326 34
198 737
922 142
719 752
288 76
400 687
745 122
500 96
318 778
956 628
610 896
940 958
638 536
178 584
696 458
956 464
106 778
374 880
825 490
129 825
722 24
146 896
502 766
366 788
899 74
134 112
33 50
464 628
312 484
56 576
281 214
118 810
498 628
341 224
180 540
532 700
912 808
684 232
864 596
480 262
5 674
390 636
44 373
208 273
496 264
884 766
438 1013
616 331
796 38
92 815
330 48
674 446
704 746
862 928
798 723
888 928
688 212
496 128
488 624
0 202
792 248
736 42
352 290
814 703
894 385
634 336
952 1008
560 344
782 137
682 38
68 208
30 41
278 128
362 576
774 768
852 472
960 491
448 224
224 763
824 538
915 80
454 824
201 923
126 760
15 430
541 951
94 452
858 384
96 376
916 242
625 345
709 984
32 323
592 984
694 928
672 640
840 386
653 862
478 459
448 952
688 263
277 15
32 996
280 408
144 76
360 1008
423 200
312 692
760 0
633 398
794 52
454 949
487 924
388 144
256 172
96 792
320 26
800 76
444 875
634 660
176 24
320 734
1008 538
796 572
896 632
288 439
161 944
684 73
392 605
442 954
298 898
365 221
329 562
128 721
121 399
505 218
233 579
410 636
94 946
422 384
0 224
312 294
256 323
941 992
598 82
270 768
640 218
834 632
110 976
282 532
84 728
866 274
372 520
170 863
377 844
58 312
859 858
232 882
857 960
248 839
804 304
402 235
820 963
512 592
834 528
2 832
1012 608
568 524
162 240
488 186
478 924
482 0
672 136
756 648
778 696
439 216
500 848
976 500
903 81
279 732
363 192
721 266
464 553
457 12
16 0
576 840
140 15
962 162
768 870
640 909
944 24
408 596
226 826
681 332
296 278
269 117
501 784
188 212
678 384
271 456
768 800
266 49
104 966
631 272
672 32
556 814
276 996
720 440
368 228
838 988
0 201
735 974
518 68
130 454
754 408
843 362
1015 72
542 313
884 574
372 443
773 330
636 884
68 909
822 340
90 984
722 992
840 902
323 864
380 58
646 528
16 41
888 832
496 846
553 742
568 227
735 779
84 305
352 164
630 192
324 602
960 784
968 110
1006 236
332 40
128 384
1004 707
376 166
222 591
939 393
848 131
192 393
198 290
477 454
630 428
380 820
298 320
997 300
661 1012
372 892
247 170
1016 876
68 51
667 912
732 688
92 456
922 480
1008 552
47 598
38 1004
965 726
360 888
266 160
923 228
106 93
56 476
165 586
911 520
960 296
212 667
128 349
756 656
119 995
663 176
408 494
418 634
412 233
628 564
888 770
28 622
909 78
142 634
802 480
0 780
976 803
566 873
712 50
57 326
960 868
634 159
640 844
952 57
324 532
620 310
337 560
512 444
576 307
97 744
205 324
894 47
390 758
496 152
207 706
29 3
315 768
128 987
998 952
598 610
792 372
688 904
995 436
965 576
96 832
193 484
150 913
316 779
92 528
498 524
384 870
56 630
558 465
309 528
17 1000
109 459
52 32
906 184
230 849
504 230
720 742
28 530
708 805
790 126
592 954
454 402
272 896
362 586
389 131
372 163
652 998
656 936
337 476
694 1014
1020 1008
153 1017
872 808
883 108
320 826
162 1014
838 102
7 921
464 918
1009 192
646 648
79 462
534 128
844 756
784 1016
667 644
921 256
984 784
180 84
964 588
1016 232
32 172
772 42
80 930
365 632
770 256
342 327
972 1009
721 89
796 592
178 30
384 563
571 116
333 990
476 387
820 665
628 988
108 134
272 12
444 36
150 928
636 280
1008 484
516 544
930 476
1000 992
329 1000
496 968
760 955
894 348
560 432
532 544
401 52
776 716
46 308
468 853
592 932
601 578
990 40
517 624
248 704
661 680
584 288
135 652
769 931
1004 166
525 402
442 980
268 1019
633 309
56 192
852 157
678 380
326 224
889 691
194 288
182 381
531 832
250 656
438 697
145 608
932 660
296 80
492 472
336 272
830 600
581 584
608 102
191 250
574 909
631 457
432 904
928 170
814 971
48 96
844 794
393 406
262 0
190 755
382 738
358 1017
242 809
336 907
640 602
228 455
632 905
452 456
811 584
233 1012
473 725
343 985
525 768
658 412
965 24
49 73
528 556
979 590
692 688
513 816
357 802
778 628
528 112
117 923
398 385
100 848
560 274
1008 763
231 424
872 586
166 682
554 504
228 1014
17 89
288 208
63 175
1018 146
1000 503
184 596
680 940
508 780
492 629
73 751
960 128
601 19
712 946
539 589
406 812
266 932
26 192
916 715
596 1008
834 142
138 588
48 838
490 687
588 68
32 175
720 649
853 129
656 253
608 736
736 417
44 168
92 888
429 481
970 788
383 215
16 180
390 328
386 863
224 256
256 940
411 484
1000 26
197 857
828 317
696 582
510 298
428 230
660 230
880 416
139 130
976 654
782 1
447 149
708 857
308 102
614 394
530 530
854 619
1004 539
232 640
888 352
367 82
77 160
1001 932
261 4
925 485
882 252
0 1002
289 336
872 248
1020 806
256 170
939 484
710 704
816 432
981 112
648 30
90 519
626 788
407 400
26 1011
578 806
712 746
460 928
284 961
750 1011
950 624
631 233
389 176
740 992
532 192
688 265
432 751
220 50
136 102
253 224
48 546
550 875
596 356
922 230
436 561
0 232
288 731
590 88
340 201
676 0
156 304
221 782
985 776
517 387
652 669
1009 160
903 343
520 425
737 440
628 321
944 408
219 530
698 660
540 642
824 556
284 773
400 715
129 656
405 994
984 352
996 571
512 554
196 558
104 512
960 706
202 154
549 912
640 939
408 136
40 311
933 882
444 37
246 675
781 290
42 916
1000 593
386 720
552 493
765 628
947 408
314 407
764 930
660 1000
28 639
260 803
528 1002
144 867
32 814
1004 44
985 896
440 608
998 920
902 0
488 319
1011 804
200 500
816 8
696 572
472 676
552 392
108 688
958 415
248 410
111 572
940 298
368 76
456 100
308 898
534 451
476 994
148 892
311 540
622 784
77 396
550 14
843 563
772 452
921 908
541 102
768 752
828 415
992 998
162 460
80 938
120 480
92 701
1014 619
762 334
13 846
806 706
480 762
170 650
662 282
275 640
570 580
16 1007
128 888
234 180
988 932
972 0
842 1022
972 336
72 256
564 191
246 92
736 448
365 904
875 286
384 790
271 452
943 644
253 358
987 1009
970 917
908 341
918 963
984 243
132 760
5 780
4 141
124 420
756 851
278 698
455 772
876 486
448 554
659 617
580 504
104 436
52 100
774 888
628 647
466 1020
804 146
366 108
284 733
746 104
622 702
696 512
832 608
700 685
740 304
126 473
472 404
914 928
60 280
404 282
996 28
447 851
576 864
211 237
625 464
506 705
432 866
291 466
120 5
444 752
924 372
318 366
476 929
384 152
983 64
748 816
178 518
546 813
256 563
874 728
803 288
721 444
576 422
566 280
496 58
640 156
544 272
342 140
937 128
768 816
568 52
584 748
717 588
815 718
354 1004
132 123
778 542
3 114
576 38
232 216
316 682
984 780
980 478
125 559
214 324
56 772
723 578
282 728
302 287
858 442
36 336
1000 338
545 122
480 682
621 208
10 898
950 488
724 544
296 536
168 136
491 587
98 894
271 900
727 32
131 276
206 853
652 493
100 911
200 962
184 484
162 998
316 724
314 771
757 206
334 486
496 824
496 906
588 686
728 708
503 432
64 728
250 624
564 429
675 472
25 208
262 638
834 462
352 216
928 6
84 1021
500 386
995 916
132 616
948 864
952 108
284 778
80 846
1012 974
899 216
817 504
856 640
897 800
998 904
22 600
809 943
402 900
736 817
644 915
1015 370
640 776
882 904
652 187
508 864
325 635
424 784
869 564
378 758
508 817
751 384
292 107
614 78
32 636
72 895
6 132
951 792
716 480
928 893
956 765
823 280
405 78
624 725
627 610
64 644
354 224
757 454
220 530
83 425
872 896
642 290
274 40
922 248
100 274
470 240
22 618
288 809
604 669
912 60
64 1004
212 500
431 512
576 862
996 940
72 0
807 672
125 224
974 7
106 209
1021 102
493 976
424 583
100 103
571 121
839 752
954 861
778 706
235 636
810 508
264 320
660 101
766 132
61 144
646 592
640 16
224 840
827 46
909 631
448 246
55 226
320 61
932 956
960 80
169 56
710 305
496 896
452 184
543 572
255 232
640 248
192 362
728 154
267 210
170 819
395 1004
575 224
768 856
0 32
880 436
288 1
420 512
414 102
35 0
672 800
960 274
48 562
368 250
168 746
164 841
550 618
892 82
436 390
40 660
980 712
270 432
981 952
526 308
302 488
192 620
96 740
740 998
29 952
344 385
537 585
576 98
250 340
412 416
632 960
593 654
812 772
948 582
926 276
448 442
781 48
704 840
898 6
913 1009
764 1016
0 476
124 455
744 936
865 718
698 928
451 448
1022 316
767 434
417 260
807 80
412 528
318 850
64 824
986 30
660 918
542 509
244 280
937 874
274 576
968 704
824 166
388 672
911 196
170 164
475 249
976 846
654 961
360 920
819 52
416 394
14 384
0 135
744 862
728 192
560 977
65 10
112 501
533 840
836 952
202 452
796 274
168 310
220 234
264 72
797 928
793 500
547 958
180 680
626 282
753 150
1004 888
716 571
726 84
1000 777
148 425
930 453
280 512
162 384
158 688
110 936
482 542
984 338
556 224
834 736
368 84
1020 400
825 82
260 4
0 374
696 794
238 156
516 755
92 738
598 156
53 465
774 92
866 140
894 189
502 278
452 813
593 486
360 672
1023 988
474 736
896 350
352 632
348 923
29 24
712 714
710 992
204 959
726 856
240 896
976 416
136 48
113 164
846 832
840 586
820 692
190 326
466 397
374 1008
926 956
399 670
576 428
1023 644
778 400
812 93
648 1
456 111
888 897
800 218
624 504
859 37
683 31
838 220
607 748
228 553
722 538
56 907
576 871
1018 442
609 552
438 306
829 704
133 488
143 791
658 28
384 624
165 304
106 708
216 271
16 556
742 408
959 815
393 535
692 313
423 992
928 432
526 86
392 1015
522 727
480 416
218 810
368 95
472 480
774 608
120 922
918 416
956 518
948 252
768 736
968 768
96 808
432 477
601 845
806 296
772 578
236 988
744 681
851 528
13 206
448 459
152 848
886 730
404 985
176 852
779 622
730 884
648 368
333 745
264 717
392 140
581 177
368 187
446 920
288 328
834 644
962 368
1017 386
960 616
496 512
608 382
918 37
104 800
180 282
706 356
884 964
882 832
40 961
255 200
348 331
318 318
362 256
552 278
140 106
348 517
8 672
494 388
316 800
824 126
932 682
338 466
848 524
470 388
88 649
372 808
480 316
760 800
144 155
791 896
482 834
677 523
200 977
802 81
8 13
126 275
934 964
704 546
184 198
809 222
938 608
876 850
538 64
156 471
512 1013
700 565
640 759
792 983
202 678
444 583
496 739
1000 748
809 982
599 62
359 220
84 410
167 258
6 679
597 760
672 853
993 426
726 58
836 0
976 28
589 728
1005 396
128 158
198 122
872 771
206 968
455 590
599 241
58 618
671 445
980 710
8 387
19 928
1004 136
44 807
259 256
354 930
707 145
261 148
634 492
348 882
384 818
956 814
458 536
832 254
563 552
1012 716
1020 860
995 324
289 498
960 744
506 676
810 23
544 962
172 252
895 282
994 841
594 927
751 73
232 373
774 592
706 623
858 760
304 74
6 800
626 552
876 799
734 672
21 12
588 296
84 32
436 138
410 984
336 276
814 540
740 517
952 76
860 660
269 500
112 900
476 454
123 440
796 956
408 223
706 83
888 479
710 551
198 784
779 520
436 420
456 848
576 661
496 680
634 386
408 110
352 596
512 392
617 976
520 479
1010 776
296 798
807 881
960 883
833 143
909 792
770 88
610 416
384 584
288 164
416 288
448 945
260 860
706 593
870 852
481 972
520 245
6 400
878 152
30 185
1018 528
553 798
522 10
858 908
908 1017
876 87
71 121
334 0
748 352
957 34
1000 336
360 550
942 225
716 224
83 239
424 548
336 266
128 420
992 864
416 378
75 720
348 144
692 332
583 425
892 580
442 748
478 888
684 386
492 592
654 270
948 719
253 114
584 281
537 543
747 665
9 124
448 562
664 58
9 280
448 701
656 938
102 940
450 738
88 264
112 577
686 66
768 66
596 680
418 569
200 304
606 896
604 276
42 976
192 354
0 936
1008 234
474 11
867 280
640 608
770 684
176 320
622 274
854 829
678 664
596 239
545 878
780 357
223 6
630 198
996 456
166 352
936 464
742 744
708 405
226 492
764 220
636 64
4 248
912 384
116 882
72 28
640 565
316 822
469 648
745 320
797 505
371 900
598 800
984 221
200 536
796 693
324 374
635 218
78 174
84 316
693 364
803 350
0 676
520 288
408 138
564 177
653 104
548 526
676 512
238 821
408 604
74 40
631 626
456 889
771 45
92 306
470 646
496 171
44 948
10 688
880 250
260 136
573 123
568 88
816 140
372 58
185 774
977 722
48 343
253 1008
661 552
880 813
960 1020
741 200
664 418
780 224
656 898
843 288
780 480
749 125
642 233
575 717
284 902
288 150
296 675
436 342
280 167
304 784
909 556
10 370
1001 427
1 160
320 304
822 904
640 400
160 88
133 344
192 597
280 0
616 104
29 374
1004 782
230 116
506 544
126 424
830 171
336 127
631 747
544 304
846 768
340 240
125 381
850 1008
121 388
759 744
168 990
230 480
576 544
680 248
692 264
18 796
794 688
160 343
281 242
698 714
424 752
384 716
732 998
959 457
96 955
168 784
184 888
226 684
726 1005
832 713
612 52
611 140
916 150
819 290
293 273
197 818
538 85
760 676
784 450
342 590
546 261
98 830
676 928
104 568
668 101
850 363
780 56
168 926
624 512
846 192
832 82
160 127
316 560
500 969
58 215
840 112
688 731
334 496
930 1008
684 103
935 62
287 848
380 688
538 38
450 192
960 968
382 856
323 572
1022 755
24 940
692 606
550 960
18 756
441 864
632 286
528 20
230 568
296 828
272 738
382 40
24 598
400 160
232 651
1000 368
188 238
950 666
788 816
242 64
640 144
28 608
963 368
551 840
893 991
280 148
886 24
600 964
456 1008
328 829
428 576
826 92
42 12
212 776
448 118
364 157
390 708
773 508
410 808
757 681
756 852
476 442
373 828
384 854
856 896
932 318
128 357
629 192
768 494
378 558
458 256
34 888
750 923
933 48
134 276
488 750
780 942
24 840
256 912
884 980
566 506
506 176
992 879
902 92
205 920
32 738
384 490
800 54
679 306
103 390
670 364
256 390
372 36
96 216
194 1015
882 162
1017 480
688 740
727 677
0 904
286 627
70 442
789 370
1010 775
904 784
355 923
762 96
269 874
352 565
56 744
752 630
898 36
296 286
4 218
422 428
883 669
510 158
800 956
827 665
576 278
178 888
294 236
942 560
734 409
232 206
502 662
398 438
137 668
787 956
336 808
805 744
86 18
996 384
570 524
309 804
844 597
571 598
960 361
32 137
574 252
281 864
486 432
347 308
435 128
96 596
148 232
299 665
720 101
752 195
384 1016
902 396
593 560
461 816
96 107
196 422
579 692
231 858
1001 448
1022 876
360 880
300 446
399 40
946 496
630 983
792 224
88 252
30 863
460 358
692 724
1008 784
147 222
925 672
556 584
60 905
756 522
510 473
131 160
0 980
220 868
424 673
480 224
337 482
630 290
120 465
674 200
40 0
300 409
864 416
520 691
508 485
174 45
489 637
688 322
274 856
116 362
244 338
160 181
130 484
996 765
352 480
188 292
962 800
246 170
271 974
185 799
624 996
126 268
809 92
728 504
941 808
966 616
334 304
63 91
896 761
292 403
408 730
700 49
249 768
669 132
529 352
160 60
328 464
382 100
276 973
497 626
688 528
941 914
836 724
124 486
389 344
644 704
613 833
780 909
584 396
39 989
920 943
830 335
97 560
230 184
742 33
228 48
642 636
290 804
44 884
1000 920
616 440
0 560
447 496
912 820
58 150
856 176
608 525
837 600
724 404
26 788
504 736
436 906
220 440
800 500
194 65
992 1017
168 244
400 960
960 188
518 460
318 70
136 720
276 8
774 551
651 384
691 469
966 378
337 685
712 960
448 458
824 496
31 542
391 148
986 560
324 346
138 20
844 501
140 917
365 352
120 236
689 512
244 584
988 732
960 393
736 288
858 397
804 201
600 912
559 544
830 428
311 614
663 301
94 989
316 252
35 1016
498 44
938 416
346 900
844 95
222 288
776 760
240 134
618 766
439 209
31 65
552 546
396 155
140 32
814 336
26 378
648 243
468 344
1000 256
48 366
220 266
436 999
207 432
14 925
804 892
462 142
530 725
530 796
912 905
880 822
294 990
832 478
685 688
10 228
0 548
530 250
916 124
70 12
517 416
941 988
898 960
200 440
874 639
300 671
332 808
687 636
768 920
817 656
521 732
328 888
628 962
192 185
864 377
714 668
44 294
437 761
720 724
332 617
602 114
804 601
32 395
14 829
92 286
796 546
318 739
0 20
500 448
176 957
62 84
346 325
546 114
560 608
655 499
914 757
551 952
908 948
334 702
608 122
896 651
989 228
484 896
246 461
902 541
751 782
17 824
812 571
800 751
418 301
135 696
345 0
72 437
179 934
356 579
582 419
544 836
70 122
474 632
144 80
333 1014
145 970
205 596
728 134
816 390
775 762
376 687
768 668
328 563
174 882
512 142
736 456
699 448
367 271
130 107
684 12
66 8
248 952
988 471
25 188
905 784
110 288
740 1023
153 693
692 136
946 738
220 6
329 652
756 1016
722 273
24 746
548 364
315 972
329 549
201 768
12 256
432 764
534 237
215 176
416 193
712 795
580 512
576 377
151 470
9 954
624 254
114 486
551 726
160 924
52 196
8 181
791 444
95 992
366 256
798 726
543 537
609 378
686 446
878 404
18 848
642 152
708 656
943 60
704 944
975 768
576 770
297 620
571 188
611 308
529 736
158 816
498 109
194 90
520 160
1018 110
486 922
638 690
322 983
332 56
587 181
118 780
996 116
465 193
512 16
279 496
1002 1011
309 702
854 331
455 672
174 816
290 650
34 521
436 196
222 510
473 82
762 318
432 460
710 520
172 938
286 428
736 368
932 214
145 106
572 576
96 768
220 872
704 608
376 968
804 644
740 772
506 604
349 800
558 928
552 618
990 87
77 882
897 675
562 256
820 284
152 635
784 551
956 526
592 356
59 44
200 600
600 580
768 356
436 272
415 255
544 704
656 112
636 360
352 582
545 2
1015 590
381 992
1016 414
214 728
989 400
531 32
861 246
460 983
577 1018
312 1014
192 464
821 420
948 520
1011 746
656 358
851 254
160 480
849 833
529 792
862 532
9 452
842 598
951 112
798 18
438 532
272 592
795 60
501 384
936 298
364 384
420 422
673 214
354 403
672 869
224 864
696 839
542 380
390 384
487 8
862 818
774 117
228 366
388 479
992 816
738 686
594 335
792 320
374 800
832 594
524 518
46 135
368 184
465 56
792 698
826 620
666 136
1000 39
844 784
423 377
404 558
828 300
56 474
408 714
345 838
219 522
292 111
93 564
55 196
147 530
211 114
874 668
676 66
181 312
496 352
335 18
182 338
800 984
728 214
586 492
491 506
390 740
144 108
396 322
70 8
708 623
842 64
192 268
816 210
22 127
832 894
464 392
102 233
698 407
579 304
427 696
856 308
496 446
832 768
816 882
324 292
84 894
941 646
466 492
796 860
801 426
710 460
225 136
627 722
708 645
553 368
459 344
128 644
723 432
630 68
101 48
968 788
566 334
90 322
970 970
534 976
982 885
556 580
158 575
497 114
108 112
750 468
425 659
296 598
254 126
406 781
604 1013
908 960
884 107
636 352
923 795
127 224
980 568
20 570
50 523
567 76
606 256
458 344
924 760
906 516
768 592
110 616
370 604
706 366
672 774
493 392
684 57
138 126
583 424
960 84
762 212
984 648
928 762
128 474
827 331
832 977
563 496
802 320
192 380
74 592
822 996
203 928
536 842
832 694
445 0
592 560
675 448
548 764
736 896
793 48
457 622
352 667
235 754
792 705
350 288
276 194
758 192
584 808
574 493
800 1004
836 456
558 265
643 152
940 400
716 514
124 512
629 867
360 430
384 210
334 68
248 480
316 66
603 579
360 541
691 764
564 57
452 46
528 574
971 110
914 608
241 222
489 576
886 102
252 283
443 644
865 796
308 104
372 368
962 74
120 504
873 156
313 16
488 328
96 96
25 512
484 62
413 472
910 804
452 688
93 768
677 120
116 648
504 136
625 486
266 139
507 162
551 340
426 492
550 412
708 211
119 430
536 999
820 392
100 583
623 582
952 688
948 988
311 976
492 663
311 266
488 768
500 702
24 380
430 557
760 870
265 434
571 695
306 856
809 48
810 160
628 936
812 1014
900 147
856 354
234 151
913 147
34 937
434 856
680 120
670 758
1008 142
999 206
64 750
951 208
435 643
156 806
97 396
592 834
1000 436
536 882
7 746
8 902
845 888
992 380
146 404
640 968
933 542
542 821
664 818
820 1008
8 316
100 768
1008 496
558 160
796 928
670 127
308 222
395 462
549 802
188 596
232 796
103 251
541 932
226 808
762 64
661 780
606 884
1019 790
250 954
816 827
853 172
308 476
496 433
256 370
216 334
385 720
282 140
372 395
591 435
501 224
424 820
431 180
8 766
895 586
888 239
194 888
76 643
993 429
635 48
212 393
332 530
103 717
311 1011
398 544
439 696
413 716
726 452
358 56
412 178
334 56
875 501
30 800
605 751
220 121
168 155
840 376
424 334
32 788
474 189
377 40
642 278
786 622
708 288
96 100
278 726
693 3
196 35
347 444
406 319
284 402
316 544
958 362
577 760
812 564
351 829
288 590
640 196
496 698
516 56
310 752
335 939
928 334
346 910
1002 96
630 52
897 472
802 263
496 72
656 231
663 815
56 217
8 970
427 978
324 488
555 731
436 451
759 536
86 584
195 781
708 248
551 526
760 571
712 910
552 464
578 554
314 506
436 695
228 117
469 372
880 680
406 840
738 412
432 175
192 558
84 552
424 212
619 282
1021 278
45 600
475 932
883 174
256 40
721 260
966 920
502 354
40 860
503 264
928 236
96 586
832 634
780 499
464 55
940 512
626 864
148 752
888 552
936 145
86 936
824 949
768 904
452 166
788 710
655 948
559 232
841 192
196 968
690 60
427 608
748 904
576 926
660 947
723 657
744 261
278 604
84 602
100 362
32 446
896 926
358 952
768 207
436 736
3 396
718 263
256 284
912 67
852 506
884 554
648 144
300 512
224 65
252 892
66 368
436 464
81 536
644 404
848 892
27 91
6 640
905 268
600 776
196 986
528 588
96 24
876 220
649 964
416 195
60 813
462 624
804 944
1019 912
66 243
938 156
579 930
470 128
795 997
390 915
952 326
339 69
544 742
742 48
856 754
326 972
213 286
847 719
198 312
348 336
411 326
376 96
444 592
244 282
66 376
112 403
137 619
544 908
452 1012
1000 42
156 1019
992 568
879 776
502 64
303 688
332 748
368 731
552 242
98 534
944 556
805 828
360 350
807 344
165 74
604 673
662 958
84 504
727 30
1006 880
322 939
994 913
840 138
688 1011
455 328
832 966
978 863
350 192
968 562
248 883
724 319
476 586
148 912
550 440
379 232
512 486
912 684
803 178
480 400
420 960
928 554
192 767
734 178
54 660
184 418
198 20
440 40
485 959
652 954
199 234
861 899
506 826
975 896
936 321
416 962
665 34
495 732
122 994
24 880
551 546
263 462
1004 392
488 911
892 792
176 880
273 378
432 587
670 404
188 772
704 490
490 635
7 481
594 962
521 899
528 149
617 561
0 292
256 185
889 876
856 720
736 142
338 1000
152 913
819 796
953 24
848 424
967 584
62 125
680 976
726 0
445 768
644 421
872 300
488 886
444 254
604 514
128 402
994 800
980 912
720 726
992 16
229 838
124 587
190 35
600 65
0 501
200 924
62 700
119 722
286 573
604 0
536 403
318 210
890 945
896 358
331 104
948 232
750 668
1016 610
539 51
132 725
400 165
832 813
1004 179
90 236
209 320
246 280
523 992
177 437
428 428
12 35
428 968
866 520
704 236
586 576
640 140
998 552
928 52
1017 346
20 350
412 296
553 399
0 729
288 18
330 482
264 391
901 120
176 780
870 1016
697 586
19 392
660 92
55 200
476 361
116 400
268 222
416 659
725 156
512 236
531 512
368 352
808 202
456 850
699 778
691 522
564 16
406 863
346 119
530 140
940 908
183 848
942 522
64 506
224 910
288 636
831 400
403 732
586 840
230 970
18 598
404 715
930 898
328 422
1002 168
912 992
490 643
597 736
574 384
339 831
270 840
975 700
886 340
22 544
192 87
159 797
966 337
190 24
24 256
368 202
329 666
824 872
552 261
60 260
781 951
778 523
448 40
321 268
28 312
912 488
221 576
256 248
985 580
64 656
448 616
30 814
247 704
886 113
537 537
717 854
496 114
768 455
928 220
216 213
547 899
662 576
479 416
549 766
155 752
928 240
376 886
454 730
360 914
606 712
400 994
313 786
496 478
120 948
180 872
762 773
968 315
222 592
74 943
672 768
196 556
916 848
40 84
363 212
504 302
380 834
60 720
448 508
44 730
60 992
276 150
398 488
256 176
345 546
211 446
299 409
26 798
636 582
265 27
682 788
610 914
958 387
296 659
154 560
76 584
276 770
361 474
820 1012
347 915
800 112
780 619
812 251
417 837
683 752
257 668
176 176
152 979
928 348
618 856
664 504
519 44
384 247
781 253
248 5
740 512
1007 89
24 5
804 124
992 464
864 544
26 124
760 44
660 452
578 886
94 866
28 803
378 960
224 48
726 756
325 914
640 721
871 129
376 4
720 284
154 728
808 692
779 870
584 136
852 60
472 960
982 660
0 254
31 611
260 880
977 960
912 922
186 92
428 746
340 252
976 23
704 920
176 584
457 688
1010 804
631 867
624 647
433 465
984 114
208 831
864 944
375 892
553 156
821 31
837 120
128 525
524 154
148 786
158 851
384 149
83 328
436 858
514 16
880 696
496 850
235 435
1002 464
244 701
4 672
516 930
485 597
311 688
241 92
560 537
126 32
702 386
324 108
146 289
16 248
224 592
972 150
314 113
452 341
610 72
254 19
320 136
0 320
470 774
554 703
416 1008
411 963
403 640
727 796
667 448
920 768
59 614
896 793
56 222
242 252
222 116
574 464
645 288
252 694
646 359
379 128
254 48
432 906
221 992
1 996
601 646
400 772
30 136
980 428
22 762
879 351
939 86
460 394
246 68
243 462
49 1008
690 976
491 666
998 671
248 730
545 525
436 764
270 779
123 170
532 962
393 832
99 960
754 768
904 448
856 492
18 657
78 637
620 922
275 832
224 591
348 362
47 444
831 591
312 314
435 144
716 822
166 13
752 172
570 872
658 0
516 702
672 260
928 691
664 363
188 783
772 440
912 970
669 571
191 647
892 56
292 250
314 698
546 928
328 352
832 342
576 746
830 233
576 596
624 772
109 221
196 472
400 288
605 930
310 432
752 256
246 407
788 554
764 66
432 459
144 639
503 650
31 632
130 672
628 540
496 2
980 651
160 192
904 1009
811 634
184 370
810 68
612 924
650 762
481 266
180 88
970 528
655 828
649 868
336 450
760 503
511 722
487 681
576 335
879 350
62 1008
478 760
517 271
512 792
266 294
603 152
804 701
34 886
928 198
96 426
488 476
364 444
496 481
595 323
540 92
680 508
956 1012
249 812
1004 102
528 312
340 108
978 990
196 576
1016 416
788 616
389 0
514 94
639 866
397 918
967 420
92 921
768 206
897 776
864 880
601 584
968 346
301 0
8 537
760 944
126 22
566 802
465 40
836 312
920 817
1023 937
105 1012
104 466
872 629
36 768
986 379
863 928
492 948
34 115
932 856
562 668
978 901
161 864
881 8
872 64
746 612
182 274
833 255
262 272
258 640
448 819
124 303
609 878
420 140
726 245
514 944
706 871
527 224
371 280
720 734
294 574
564 690
232 742
934 716
19 958
792 60
975 94
896 608
1002 641
299 277
612 828
9 192
138 584
975 988
49 590
482 602
384 256
184 524
996 730
778 814
778 998
172 378
664 428
547 768
735 368
836 359
664 732
334 472
948 364
528 508
698 700
962 526
250 396
826 716
1002 188
880 218
581 880
248 356
794 283
233 308
950 512
376 9
734 158
153 642
980 496
722 496
264 253
368 880
648 763
496 541
697 556
112 788
422 20
332 16
872 628
482 192
212 668
552 502
788 512
545 170
50 13
345 149
410 988
948 998
580 848
571 212
960 787
669 704
185 294
788 600
328 368
466 956
731 883
560 792
480 766
855 964
456 176
86 571
1006 808
516 376
80 736
504 456
766 210
992 688
358 971
736 684
836 196
228 136
810 658
352 108
238 666
704 349
92 632
776 892
549 836
344 810
303 521
16 352
40 404
672 473
198 296
328 880
340 884
977 854
384 754
510 630
14 479
917 884
889 945
743 410
876 576
181 618
322 539
320 152
293 445
752 286
831 84
684 492
872 461
212 932
449 289
256 927
120 954
576 621
920 549
464 962
686 321
908 877
766 680
152 950
504 266
954 940
484 924
349 592
52 384
776 546
960 293
799 792
783 808
270 67
933 945
329 587
722 190
716 927
952 152
405 228
550 562
890 465
894 222
256 328
441 660
482 798
752 336
361 710
619 650
759 833
406 724
842 560
565 740
495 926
537 944
512 820
804 760
692 402
664 628
180 536
376 869
886 483
392 315
22 58
63 0
68 392
930 800
553 806
463 40
779 264
617 458
953 724
704 518
468 572
536 928
753 596
327 742
562 837
419 696
142 476
59 832
90 70
936 213
70 170
195 356
154 797
512 502
695 240
853 120
317 621
360 484
714 143
190 624
325 746
304 504
816 135
298 815
772 731
147 998
592 660
348 828
120 877
150 828
833 40
346 998
238 868
558 832
628 712
875 936
198 142
550 250
745 748
242 523
145 384
451 662
342 920
250 239
290 144
211 768
707 135
886 419
568 332
624 32
856 224
370 336
932 916
144 103
56 200
596 304
72 984
742 1008
328 151
671 468
82 877
286 768
488 589
580 756
584 788
876 456
840 866
695 2
307 860
920 162
324 163
887 692
246 564
926 368
552 602
776 337
829 999
548 241
865 964
496 202
326 350
492 902
992 416
78 703
68 834
936 160
183 227
74 938
688 560
134 589
722 88
197 411
581 60
441 460
736 888
1010 92
468 848
456 402
853 340
842 925
296 64
994 944
756 261
994 884
1014 528
82 288
590 398
231 74
668 544
38 892
4 78
997 819
32 981
968 309
549 328
846 512
237 562
725 942
1005 665
1008 782
696 832
102 947
823 582
886 391
832 52
964 318
226 412
854 512
456 132
100 308
82 392
512 271
128 104
784 56
52 236
97 144
435 552
628 48
558 256
486 895
229 1011
744 682
0 198
886 392
322 224
224 556
228 573
722 880
928 706
504 472
396 427
144 940
456 110
958 492
690 275
64 512
688 170
976 918
176 640
534 725
168 712
768 222
142 496
836 96
198 434
924 920
586 226
160 304
38 616
424 880
128 700
113 137
812 384
787 814
632 418
986 216
376 698
648 172
345 982
828 991
303 706
990 315
205 422
784 658
778 782
48 620
983 752
768 267
792 652
43 83
408 410
849 946
530 345
437 868
100 301
1012 584
292 268
978 868
477 458
740 208
495 749
667 976
630 172
319 1018
64 472
612 396
768 26
770 650
999 512
188 612
973 340
420 450
592 944
253 177
213 565
102 726
208 951
625 848
640 699
326 194
170 42
80 164
174 740
915 485
804 188
402 123
994 98
871 180
257 512
615 52
755 836
262 584
257 788
28 476
61 634
904 350
330 448
927 578
492 41
64 314
888 932
653 84
580 464
515 752
425 504
826 944
699 244
912 716
669 76
380 452
729 527
172 371
320 766
688 253
273 976
128 684
457 256
638 24
487 102
516 449
907 752
813 164
58 716
575 524
282 56
844 420
762 849
92 427
1014 583
1004 682
876 544
521 512
344 41
641 1008
936 806
150 190
243 920
986 845
109 592
152 772
521 132
916 692
524 202
102 466
44 738
679 978
192 559
912 801
728 448
944 934
144 100
778 430
630 792
112 428
712 921
670 604
688 86
129 119
136 384
512 679
480 95
570 145
929 320
352 702
427 628
468 196
274 989
248 760
384 964
630 544
648 360
398 717
682 239
776 628
228 4
416 904
324 946
412 372
369 500
366 173
156 918
868 516
764 584
654 540
844 710
316 522
591 452
130 916
448 130
142 400
747 434
985 64
1006 568
567 0
136 544
40 60
126 357
232 347
426 584
272 704
120 996
999 156
266 530
737 620
596 471
110 900
138 861
471 831
364 352
408 9
399 378
392 301
466 452
248 763
960 8
402 710
494 746
756 350
196 204
422 790
980 930
102 268
720 982
392 210
627 244
456 312
992 704
907 1000
178 770
776 771
110 1019
764 366
600 18
976 528
816 504
128 782
566 909
966 816
753 188
266 866
56 512
624 349
39 156
424 253
178 934
208 67
344 96
399 259
541 176
864 31
430 296
79 587
268 970
999 265
863 390
464 724
872 424
237 47
968 722
192 181
529 1012
724 237
197 732
514 901
612 159
832 112
65 645
584 454
853 1017
262 77
352 575
448 919
480 984
604 438
538 688
152 1
133 182
940 222
304 646
258 403
769 804
923 368
1014 240
24 252
744 814
8 913
648 517
700 328
422 624
678 730
725 444
500 424
412 915
484 350
712 228
676 576
272 20
186 651
165 936
792 412
642 866
55 114
150 140
224 634
600 824
438 436
226 330
302 348
329 512
440 984
464 468
880 872
0 688
900 879
26 941
743 192
340 368
772 673
762 976
995 740
749 432
117 294
486 138
635 30
49 388
507 60
20 484
804 921
338 890
640 381
790 812
657 348
1000 896
476 632
336 568
905 189
652 484
522 869
64 185
212 134
724 892
890 216
500 788
469 52
166 792
245 183
684 720
104 872
777 168
208 576
950 626
199 916
504 61
112 422
602 421
512 875
263 0
152 978
660 761
447 717
284 744
786 1008
336 697
616 500
58 854
940 997
260 15
498 904
944 316
736 278
384 115
256 894
922 94
251 941
646 640
640 260
944 652
643 292
624 12
588 120
96 762
56 904
454 720
134 225
184 897
936 752
793 782
53 18
872 180
816 132
64 498
100 742
591 524
584 286
909 414
176 758
416 87
790 88
511 229
128 1012
814 258
412 556
93 786
824 600
732 935
28 136
925 379
783 716
940 226
636 806
610 270
326 404
904 686
879 288
912 126
564 725
16 210
408 14
166 704
24 52
716 704
461 674
1016 848
620 596
264 982
290 218
474 79
146 868
818 497
964 543
642 98
608 621
704 539
36 305
668 510
438 412
568 398
936 436
986 618
90 730
872 665
468 688
354 411
121 32
1022 266
801 364
990 824
296 712
375 184
688 188
804 332
6 1004
276 160
224 416
72 630
212 328
1016 192
948 185
967 532
584 936
44 384
732 103
647 110
742 740
902 192
713 794
672 480
456 1015
195 772
4 674
60 922
136 362
732 265
836 387
832 174
874 954
504 747
592 828
536 46
208 147
220 531
979 997
474 486
882 648
294 696
42 902
817 204
486 84
916 928
39 933
256 576
449 736
136 488
620 241
539 577
104 838
657 468
640 266
416 797
471 581
716 770
288 320
247 715
554 344
656 508
378 32
878 824
617 506
1020 920
246 880
67 758
611 141
262 540
443 488
576 484
742 992
468 768
64 252
932 386
609 448
588 502
976 868
284 367
994 753
64 871
384 1000
184 447
637 626
80 504
24 928
721 198
847 732
661 377
913 1023
904 486
606 60
258 108
92 272
605 320
550 803
820 643
1016 596
826 715
727 76
429 680
974 192
394 46
288 742
56 368
994 978
846 240
918 767
227 188
574 416
824 376
208 611
1018 105
96 424
382 354
408 245
409 518
254 810
600 976
383 23
872 323
180 784
319 376
178 204
798 636
640 988
213 22
800 632
427 688
732 548
122 760
512 96
962 146
358 880
688 254
640 399
199 805
997 458
561 456
772 332
368 546
896 912
212 346
862 821
672 904
26 704
939 624
220 384
318 965
648 758
99 840
366 926
53 952
619 667
436 457
79 244
888 857
420 176
480 772
60 1006
280 514
164 64
416 536
142 500
38 514
1011 928
775 355
684 132
328 708
256 192
230 416
715 72
744 896
506 269
192 1008
139 384
260 128
39 805
839 634
988 146
423 182
256 371
164 770
833 688
614 648
423 22
112 308
225 1018
896 604
338 593
776 667
362 715
344 743
927 592
136 300
27 832
837 218
674 434
912 268
366 719
770 418
412 824
786 792
148 72
977 304
127 637
968 970
656 136
268 154
845 704
440 318
980 1018
780 638
286 36
448 528
324 864
258 212
919 864
425 985
968 2
64 361
696 12
854 740
992 765
986 656
896 348
132 756
1006 812
414 467
70 168
619 418
674 142
372 951
304 680
144 200
463 920
197 235
248 451
830 340
964 440
700 63
668 858
396 640
636 72
392 823
698 436
910 1001
740 282
98 128
784 222
520 975
664 705
326 256
60 664
630 83
409 521
432 334
571 553
131 498
565 136
991 928
452 930
720 776
583 170
82 808
552 106
952 398
648 233
799 481
172 348
8 88
638 250
989 2
511 64
279 572
813 1016
52 426
818 280
838 54
804 442
864 367
335 896
549 568
286 432
910 985
918 133
650 40
834 253
512 150
366 465
924 561
576 814
83 496
409 318
791 208
14 38
345 878
690 910
294 292
114 736
358 718
328 117
311 770
192 70
129 764
480 787
1008 830
192 301
672 962
617 204
797 84
296 67
1022 940
448 633
338 846
780 828
816 948
1016 784
106 714
434 658
173 887
553 816
590 364
560 864
2 408
640 280
640 557
475 824
160 543
588 491
604 634
696 50
560 939
720 966
832 991
811 373
292 308
912 556
714 17
324 686
220 980
468 680
987 111
260 336
953 408
564 48
934 741
368 86
805 613
524 528
368 429
954 491
293 628
616 575
526 518
588 600
910 116
177 771
708 448
67 809
506 56
942 778
257 663
287 506
150 32
795 312
199 876
232 890
280 504
448 944
4 869
164 464
582 86
146 710
448 640
790 274
976 520
912 557
640 224
400 924
1004 252
902 268
936 622
902 281
694 90
488 312
438 227
786 697
140 326
492 672
360 336
324 22
22 384
346 56
680 688
745 640
1004 599
494 52
976 856
40 699
441 182
482 875
488 872
448 750
466 936
48 24
807 798
724 864
320 982
735 842
104 529
780 152
465 88
107 678
524 39
226 547
858 436
474 853
234 282
432 616
632 408
378 798
214 464
815 748
880 786
36 548
276 162
584 348
816 968
814 511
245 420
455 128
137 704
157 382
326 419
188 665
856 255
320 812
261 488
84 454
998 832
20 1019
864 382
984 447
640 320
612 568
700 40
97 32
671 408
918 62
604 272
520 791
508 249
256 404
753 304
240 144
400 667
276 972
926 376
991 536
529 248
460 466
752 326
348 231
569 327
588 720
634 860
341 80
704 6
848 954
370 836
858 968
312 128
492 352
896 376
596 520
948 617
417 342
372 515
706 50
68 579
320 892
536 413
884 38
202 272
641 213
252 36
844 30
579 687
472 975
288 592
588 434
608 612
388 506
112 436
287 80
96 903
872 580
434 96
251 907
442 132
778 1000
804 770
630 398
191 762
700 188
440 864
144 408
182 635
774 882
40 116
516 148
380 457
51 938
924 323
719 192
154 565
984 186
944 154
692 142
837 930
168 912
972 894
854 953
566 786
764 700
478 880
80 648
875 191
496 104
368 435
580 343
20 220
544 832
824 504
544 75
129 900
531 940
970 697
728 510
1016 6
354 1022
516 712
544 32
432 600
809 644
960 77
74 748
761 632
473 388
133 254
93 126
852 480
627 190
1011 478
46 246
734 236
640 900
878 920
998 712
878 176
772 623
568 382
700 746
676 320
348 628
218 441
83 694
372 1012
255 810
476 692
704 966
888 283
432 198
144 474
268 431
303 627
285 542
381 233
226 886
238 211
622 28
32 426
310 484
814 359
360 692
109 56
290 960
597 797
300 100
87 112
624 640
1009 718
62 858
1002 150
1017 348
662 52
854 624
70 320
780 340
233 902
51 22
683 232
936 23
612 719
752 531
651 410
42 436
935 456
140 644
509 390
4 480
140 128
20 559
899 792
743 146
198 936
426 462
407 217
144 618
86 416
220 1
64 651
582 640
305 898
612 760
198 830
527 773
768 885
160 832
208 635
622 884
794 954
14 320
696 168
133 651
849 480
279 736
361 209
600 656
963 158
400 508
794 0
550 679
235 0
164 280
480 864
664 528
895 857
672 990
452 712
768 777
930 764
434 307
664 930
434 288
1000 122
279 692
744 696
842 960
338 364
796 137
381 1008
122 160
410 264
792 521
653 320
277 952
836 294
788 364
300 800
579 176
764 63
