10000
1491 1724
1300 1582
1944 1849
1328 809
1158 60
846 1678
824 264
1310 904
1230 556
952 1660
1424 834
2024 1857
1303 499
88 560
1700 368
390 959
280 1639
1910 1460
422 22
424 1224
1369 1712
1553 1425
1714 688
692 1714
576 108
1280 340
1998 2036
1904 970
1888 1125
978 1681
1376 1610
205 885
513 1688
299 596
529 690
1964 1894
1602 1165
1982 1602
237 304
2 1526
824 1177
416 861
1486 1803
1424 606
1517 17
131 1180
944 132
1708 1051
1556 1248
1576 1417
440 1840
1888 436
1585 811
1588 1866
1296 580
1728 1945
868 1762
1324 2016
1147 256
1998 1689
686 852
1660 365
1977 339
424 264
1772 1444
1996 1746
1610 1353
1952 330
902 1296
798 950
1199 1344
1244 1004
1930 895
1751 394
444 648
1872 404
592 715
1002 530
175 1306
952 1500
400 624
568 1432
640 784
1176 724
297 405
546 456
1305 11
912 1524
1820 82
2036 741
130 768
1968 150
1636 1636
277 0
704 464
0 669
320 1172
1733 1823
1585 1387
2032 2040
1716 650
132 1476
1692 1768
370 72
1296 1877
920 1768
1964 1944
816 952
1890 1984
931 2029
638 1532
1533 939
1376 1496
410 1378
253 1546
1978 1766
503 1932
999 1289
1972 1045
1696 132
168 268
769 1448
1296 704
1660 928
1142 94
352 304
905 94
260 1888
216 928
1214 1018
1909 1918
125 1095
84 708
568 890
1648 1472
280 704
1956 455
426 1986
137 1882
606 976
2026 350
1123 558
30 1349
161 1744
588 1384
272 1514
336 376
1224 1028
102 1641
1530 960
1583 264
662 144
297 1727
368 348
787 836
103 594
1889 203
1938 1072
44 1872
47 808
344 1928
658 840
471 2024
776 310
1751 1421
1040 867
1206 510
550 1644
791 1640
528 675
806 352
1114 812
620 506
865 682
0 176
720 768
852 594
12 1360
1705 972
1089 990
128 1135
52 2006
445 1533
747 1616
450 1974
1383 1349
1892 1142
995 1963
822 2040
633 264
1616 251
560 807
575 230
1940 1410
474 1689
1290 1232
1678 1472
802 1744
1616 896
1278 1432
785 650
1747 500
2011 1856
704 752
128 767
1690 552
1800 1373
294 502
656 1506
904 1797
760 1480
1532 22
578 502
1014 228
779 542
1866 32
642 771
1910 1512
1698 282
1036 1216
480 1305
475 1052
90 300
38 1308
377 1552
1482 1280
218 1526
168 964
904 1294
778 600
287 153
814 1368
184 516
885 288
1784 626
1260 8
808 1950
1288 524
747 1472
554 74
528 229
1600 346
724 2016
915 930
1434 238
1414 276
642 798
694 670
1748 166
1586 284
422 1062
768 26
1305 611
923 508
1345 862
741 443
604 1024
1720 943
554 1646
1680 1552
1481 20
768 1714
277 660
30 63
632 300
742 355
470 353
1446 896
961 1064
520 1720
1033 512
1571 1263
427 1891
960 1568
1234 600
1560 1041
168 504
1376 1900
440 1832
514 897
1720 892
1386 743
304 284
832 48
1244 744
518 1794
1730 909
798 1252
32 336
464 2019
650 939
897 621
1547 512
714 262
1024 701
714 257
1486 760
1428 1841
1136 623
1168 1111
1003 184
548 15
610 1584
800 1168
928 1766
1624 1524
494 1215
1356 838
1935 872
509 928
1832 456
1712 1758
472 176
1453 32
1516 1942
1329 826
148 1067
1823 300
478 760
1454 1488
1213 1632
1152 1216
1024 528
12 1378
1324 1312
570 1596
1248 1118
630 827
953 1630
8 1858
2019 1636
236 1038
1716 1842
896 1856
920 864
796 1128
70 1146
1472 880
1254 512
1618 1884
555 1916
936 436
4 750
1249 1898
1065 1378
1602 1146
1826 1740
1640 1033
109 1387
1105 778
1838 405
1616 63
212 274
1950 1348
354 1676
480 445
1456 344
705 766
814 1408
421 352
260 1886
857 1232
1747 304
1214 992
2046 548
1684 221
300 1056
519 1427
1408 1564
1718 720
152 1609
1135 54
1886 41
1598 62
1093 1312
289 532
832 1096
1188 1964
1053 1708
2016 2034
633 990
128 137
1177 1904
1792 1534
1248 1810
721 1642
210 1382
1325 196
488 47
910 772
702 1467
756 1148
424 933
1188 1504
765 820
720 512
108 683
516 1746
1840 627
1996 556
714 1706
1160 1356
317 1283
1447 1621
1869 1993
1407 62
1929 1858
1204 768
1700 1505
1560 888
2004 132
859 1884
1312 1635
1668 1165
1051 696
859 272
52 707
1163 892
956 928
273 2044
74 1920
1486 1214
1276 1215
501 1634
1936 1471
1798 257
123 436
1632 1752
1030 1984
50 1298
1936 1584
1484 1136
560 274
1540 1036
760 1392
1544 1108
747 648
446 1717
104 1636
1176 320
1896 1255
1811 1232
140 568
267 1255
1104 383
225 984
1914 1145
384 1634
848 1353
76 682
1056 1982
414 485
388 700
1637 2042
528 1737
1638 144
36 1932
528 628
794 1282
726 1635
760 76
1472 1936
1888 1594
824 20
932 621
113 1858
1164 1870
1121 1077
994 580
1776 1092
1110 1238
239 599
200 1396
640 1864
686 150
128 1872
1558 1816
1044 895
301 288
1232 2016
974 537
1296 1336
827 1728
1866 368
1712 2013
480 615
553 1017
1065 1008
422 222
1440 967
1848 1700
864 1734
1685 1008
479 1797
444 172
1436 1724
72 1784
629 2030
606 184
756 1146
1954 14
738 1222
1240 1888
1892 320
1844 88
1526 1177
2039 1883
1802 1574
1288 876
192 1096
1636 88
84 1267
1812 1659
1866 1924
256 115
1932 286
1516 252
623 210
353 1266
1114 2034
1210 1684
28 640
890 928
200 1118
205 2017
60 899
578 1368
1884 1936
1940 503
1246 248
943 820
1519 337
1782 1226
1641 913
880 245
1448 160
1380 1332
1924 1180
623 466
1038 52
1678 674
554 2045
342 1706
411 152
772 580
855 816
832 117
165 240
107 1896
1197 1034
1598 833
1792 248
1132 1742
1993 82
1569 1312
1853 1780
1876 274
366 208
1776 1040
1861 1666
2024 172
1829 1471
276 1768
370 1034
1283 566
78 812
624 622
1780 1472
1252 1664
1840 299
212 1462
256 660
652 540
445 2009
1121 1504
140 1444
1956 232
1889 1429
624 734
1682 648
714 1876
1989 1264
100 608
257 688
1770 1228
1657 1598
1064 344
1153 1532
1243 1344
1726 1840
1792 338
562 231
69 8
1510 278
1830 1680
1744 1960
1424 1608
1404 1125
392 1980
1006 928
1072 506
1868 1678
1600 282
64 1488
386 1514
1832 1708
318 1032
1543 721
823 1140
1865 1883
1258 456
1389 1476
727 1381
908 1516
401 1382
392 251
914 310
1385 1152
713 1624
1562 1697
352 572
698 83
1420 224
1677 463
915 756
860 736
1410 16
224 1600
383 1931
804 244
788 286
674 570
1246 1802
580 1140
1950 1116
658 1668
852 1457
1250 1160
1790 1344
622 1700
1040 1762
1471 624
1958 1116
763 1343
1428 1172
1152 1880
1739 584
1706 1970
1927 1274
1632 1316
1195 948
1552 276
1790 66
1872 1595
1367 1241
908 628
1076 1422
1488 696
167 139
1809 376
719 1689
222 1920
1628 1004
592 1472
1952 1792
656 1687
957 1564
160 921
1950 1022
666 310
1130 1360
904 784
2012 486
1728 1055
1558 1099
28 428
1518 648
148 1480
574 232
1842 580
1112 252
1313 67
1086 534
1587 1862
747 1904
144 302
1822 1152
1080 36
671 1222
1723 276
1200 1904
1625 894
164 1554
359 122
253 910
270 163
1071 1316
296 2024
576 1744
803 2010
1883 1856
1638 576
1144 538
564 436
1668 141
651 944
1602 504
1356 206
1021 1568
804 123
1455 109
942 592
178 201
2008 611
826 832
1720 828
273 1520
80 1535
832 74
344 1498
1512 722
952 1715
481 343
502 291
1595 1129
166 1816
1390 1348
1305 1584
423 456
627 869
126 336
847 1856
630 1188
152 286
601 1962
810 1760
1452 1016
1492 1843
127 1580
1376 936
766 1572
878 15
1618 1665
843 1472
1396 2046
2032 1750
962 1979
862 156
1774 2040
880 336
362 1209
518 1168
1842 18
561 265
1800 1888
1867 659
1120 1016
1568 1748
867 644
2022 812
1200 94
602 715
1080 1168
1303 1768
564 325
1492 879
1746 794
1576 1620
928 1960
1424 1046
104 1482
1368 1337
1828 948
158 560
2040 328
959 1760
952 888
1465 1347
185 1258
264 1692
462 1768
635 1841
91 954
207 2026
696 578
607 1296
1702 32
1001 631
160 584
1103 1248
1899 1808
1744 1907
1702 455
300 8
1792 875
1824 401
1528 1353
1982 261
561 578
1678 985
204 2006
1944 1784
58 854
1387 1293
1184 504
1067 2044
1564 1112
1280 508
1672 1520
333 987
1370 713
2024 1008
1872 1356
1254 920
512 800
672 967
1916 1883
1782 171
1610 624
1776 1546
1544 117
696 1784
1040 1024
1496 993
1518 888
1159 1993
976 874
128 1193
1654 544
564 1164
1879 1440
966 1818
1117 900
263 276
800 1912
752 734
32 337
0 1366
1250 706
739 958
1180 1985
1684 1056
1448 944
849 970
688 533
800 623
1633 1944
730 1124
272 796
168 1715
1522 1656
1158 512
720 1429
1796 1824
171 1380
864 584
936 1788
1636 1118
1956 302
1264 114
1538 704
1058 1440
1352 1326
285 1811
863 313
284 576
1534 994
398 30
1143 66
900 1700
417 1916
932 1182
1237 752
260 800
1894 784
960 815
1511 1004
328 1735
1099 615
290 1585
721 627
2012 1072
1706 420
1647 1982
830 1221
1632 1158
426 1354
210 1732
133 1798
1318 89
244 452
122 1452
1691 302
1640 632
1773 1769
934 1780
416 1300
1486 134
1110 924
1664 1967
862 1808
448 1264
308 586
820 437
506 1504
1668 1975
895 1888
1476 1584
268 1730
1622 2046
903 1826
1543 720
337 578
413 1828
1519 1479
1584 1519
1732 990
247 1430
422 491
281 1892
1496 1472
340 698
78 560
851 767
272 755
640 1409
1563 1424
1680 1459
1819 163
1014 1376
1792 2015
1958 1233
128 422
928 968
150 1548
1935 1684
412 715
164 1656
1027 614
448 1476
696 64
624 1646
1754 268
505 1135
1155 1478
934 1662
500 1672
1166 1213
1315 128
410 374
1424 1770
1145 312
456 233
848 1650
259 896
349 861
1526 794
685 1269
202 602
852 1062
1369 128
1714 666
872 1736
704 517
1292 1543
1100 468
49 1799
574 1068
426 891
142 108
417 1446
251 1268
1671 399
1814 1316
319 1998
1512 1558
30 1904
248 160
502 828
1405 608
1028 780
1618 354
1748 488
1297 336
537 838
576 350
526 752
1719 184
1240 276
296 909
1939 932
1932 1772
262 700
310 1865
1335 1240
1264 728
1888 2027
1564 336
693 296
352 1557
724 752
880 283
683 1854
1474 1358
979 1760
193 1988
1168 836
2000 914
1944 446
1125 1992
1376 849
902 736
1265 52
1856 1472
1832 0
1964 1184
1949 718
1834 1074
1488 160
376 211
1293 1770
1866 174
1231 793
1981 1357
128 1121
1884 1434
1212 1636
728 1273
1496 1758
1008 1120
494 1932
730 179
1968 830
144 1006
1413 744
1580 1678
368 1246
1499 1912
1357 864
957 369
336 164
48 1102
1161 720
808 1962
671 2034
1772 1158
1678 1729
493 860
1847 1253
265 427
1510 1435
36 446
616 369
824 1558
80 956
1521 1384
1248 150
70 1034
664 1390
420 818
456 1576
512 475
1988 1975
2046 39
1476 165
58 305
789 1865
1232 1231
106 1163
212 1932
1674 1516
1013 1005
1584 1856
1936 1878
624 1872
1728 515
1054 608
1676 763
267 368
1036 1724
1664 844
436 1612
1184 572
1722 1472
554 1364
256 1931
19 1602
416 814
174 1714
1910 617
404 156
1868 971
1956 1246
1232 2011
202 584
482 1337
520 1116
1528 1799
1274 1191
40 1436
302 378
1416 684
590 292
1971 1872
1168 1683
972 824
622 816
1948 476
10 1545
963 1256
36 1472
528 528
1264 102
775 14
1760 478
366 300
1224 1060
758 1695
1000 3
942 1959
427 1044
1408 1108
393 1543
300 1940
864 248
708 1945
316 1084
295 189
1028 661
953 1560
608 36
1756 1944
256 256
445 149
532 1563
1074 448
597 1976
1184 1478
512 33
625 1882
1926 1235
1088 594
1481 164
1554 1698
1006 841
1014 1656
1638 1030
974 793
2016 322
1576 1422
1539 349
1416 1856
700 922
752 1914
618 1152
768 964
1352 1994
1546 1742
164 1416
1418 1816
611 1094
710 525
861 1944
1442 128
694 229
112 2004
438 1800
544 1364
280 16
710 1094
564 1584
1272 2032
1119 1223
1099 1459
1515 231
1278 858
863 1342
422 1085
127 1853
992 1499
1938 1610
736 1492
1390 1714
1288 1775
488 1558
184 1546
812 14
1293 844
1572 144
824 648
1738 1013
783 714
1403 531
924 1600
193 1010
608 714
1329 752
1820 1056
1604 2002
724 1582
1109 603
510 809
892 1682
1151 86
888 1838
1974 1184
1378 1537
1972 832
1202 1888
1666 1002
1638 1973
295 894
967 1368
1120 1666
492 560
504 540
686 312
1448 1530
560 512
332 324
849 518
65 1920
962 828
604 1392
506 1554
1094 1356
1286 1864
630 1313
1443 1016
1576 152
734 544
1648 1885
1574 1180
682 1656
1356 1464
2005 1004
1740 214
1492 40
874 1744
621 587
1168 427
222 186
442 1824
1837 958
758 1629
1211 927
1224 272
1581 1704
1552 671
1788 1622
1828 1835
1417 1241
1834 18
1640 1614
1520 575
658 1140
648 1176
308 413
760 1324
1068 434
1160 368
531 302
906 1712
1980 356
1476 1983
1904 242
924 120
864 1350
1322 1300
1231 292
1742 1000
1534 1251
1132 250
56 32
51 1881
1335 1844
1496 1744
255 1215
1114 1584
765 2045
716 1878
700 526
2043 1135
1032 1964
256 1092
1415 2032
72 1036
735 409
1629 1552
1752 795
1056 1632
528 1904
32 655
256 1780
1898 804
1695 1324
1456 1432
94 44
1964 646
842 1910
1797 736
363 1436
1160 1376
934 470
1384 1384
578 344
720 1932
756 1049
1631 1552
956 278
980 210
1232 315
583 464
351 858
334 1984
1876 668
1836 898
1890 1248
1950 1002
528 176
793 220
1078 319
1798 1200
816 219
1699 1408
206 1445
570 496
1606 1580
986 1604
1936 320
1694 1958
231 384
712 576
1393 198
1280 300
1520 1648
1700 780
1640 834
1512 1340
520 136
158 1840
700 32
1668 2036
1678 2000
1200 360
1240 968
512 744
1179 1745
1191 505
2044 1875
2028 1745
484 320
1054 1389
762 1170
1608 1041
96 0
1107 1184
669 1874
1840 182
1944 38
768 1232
1868 1872
1290 1187
1747 503
1776 0
1025 1904
1929 146
1893 962
400 913
1564 695
802 1306
1303 2004
1869 80
1260 1312
843 1974
608 1024
215 1002
1620 1503
1062 998
1744 1913
364 1820
132 768
1959 561
785 1542
1921 304
1465 828
1596 949
582 1098
888 1675
342 344
722 752
1407 688
1390 2000
448 296
1401 194
864 928
256 856
248 1816
309 576
1993 616
838 1734
221 1158
1291 1769
2034 820
236 148
1780 935
664 1964
160 848
510 898
1584 1354
912 756
1676 1172
383 1557
1288 1726
1671 846
1863 84
871 633
112 568
731 1548
1092 484
492 1004
908 944
1503 534
1696 1440
900 1258
848 394
1078 712
600 972
434 1096
1616 484
1950 1288
1072 604
1706 236
1715 1961
1513 379
1638 1656
1664 180
1929 528
1344 1444
1008 858
1979 373
2044 826
1819 1392
1956 56
1495 1880
946 1376
693 1958
1905 1733
1496 80
1724 1811
710 881
616 499
1408 294
908 1303
644 1614
1534 452
1045 918
166 578
1776 189
245 56
44 1802
1296 1896
1759 595
420 128
1478 1424
891 1116
1920 1133
797 1958
15 369
304 1040
1528 209
1409 1485
1506 2019
1680 303
1344 782
76 1455
594 1518
796 1694
309 578
712 192
804 1873
965 66
1028 984
948 472
1680 693
1627 1575
288 1730
1912 1112
35 860
766 808
1268 1704
304 1600
1814 1962
1328 1276
384 592
1216 1163
608 1968
526 192
832 1088
1760 1820
1732 608
1398 135
1132 152
1088 1698
667 18
376 1144
1339 921
835 272
12 220
2007 984
1908 1696
968 1610
1155 1898
1640 104
412 1282
546 1254
340 356
1876 0
1312 262
32 435
348 452
760 1572
1920 1520
2041 1984
2026 2042
1836 1448
1844 1092
1288 556
764 832
1386 226
1313 1664
64 1032
1787 264
314 1855
1592 367
1347 176
192 836
1228 2018
610 1324
976 1287
1995 1640
176 1950
466 621
1344 1536
728 1730
1448 916
580 913
1217 1442
338 570
473 36
514 1250
1213 655
1061 130
442 714
636 78
438 1682
896 287
1320 508
109 558
1223 200
1236 314
1616 144
926 752
1776 1712
375 1686
2041 1496
30 144
652 1720
1081 1360
1885 1181
1330 1668
352 762
1748 25
1888 1398
1543 1866
1618 1184
594 1024
1585 1570
1604 2033
1125 996
1260 243
909 1320
256 600
1024 782
165 372
1368 1308
943 893
808 1081
2024 1342
1940 1732
1876 394
1804 1146
2024 0
896 756
297 238
744 734
720 897
168 892
704 885
1171 1448
1316 46
1988 1464
112 1052
268 139
1458 1776
1044 573
520 900
768 888
1745 841
185 1123
1600 1482
624 873
1348 1344
428 190
1193 1195
992 1162
950 1722
1362 1428
208 1168
768 324
1860 1492
1978 448
121 1484
804 448
1046 1916
615 251
1854 537
1266 1580
1789 1324
46 131
369 286
225 1503
1234 1538
1836 2022
260 1208
1889 1408
1420 1112
740 157
1032 2020
315 202
1976 1824
428 1358
1503 1632
1926 28
1688 1776
28 1423
954 1467
45 1704
1472 1162
168 1457
1770 162
160 894
1343 443
1828 880
1024 1232
1354 679
2008 672
1288 1574
1416 352
11 600
1442 362
1292 1724
1024 695
148 230
872 763
818 1408
800 176
447 1768
666 1260
380 34
81 1632
15 1124
1090 1889
808 1398
1176 1480
556 880
1460 1360
2021 1563
152 1380
1220 1120
682 1002
1651 1016
572 318
180 840
1472 1785
246 800
756 805
1999 816
57 1144
100 1488
240 290
1690 1534
330 144
1570 336
932 705
1698 1600
1912 1192
1862 334
312 1780
966 1772
1376 612
1092 166
89 1396
560 1646
1008 1198
1564 341
798 184
1716 1844
400 562
688 1264
468 1220
232 721
2021 2025
755 741
596 996
1696 1296
1936 32
691 569
1528 1863
544 2046
1449 1632
28 212
448 1512
1824 480
1748 1944
1367 1485
1090 1476
518 1992
150 1956
1599 670
1938 1035
663 1514
1119 1107
2028 1408
345 1552
273 1146
474 1000
1084 678
1327 944
880 1571
0 144
1762 250
1742 1307
1856 798
147 1176
0 622
190 886
1819 48
1989 116
206 1892
1246 1700
605 388
1618 240
1248 728
1534 543
1376 1198
1936 168
82 256
1184 1643
468 1034
846 640
1616 780
1086 592
350 1474
1280 1198
1596 644
414 1246
1125 1443
2032 936
180 1945
557 241
1216 1232
1450 158
590 797
680 1408
500 1786
1630 1064
891 966
1924 894
1070 1492
48 1730
328 1549
776 1362
960 2000
270 1652
1984 281
1141 210
232 56
1176 1712
1776 1672
701 93
160 1324
582 2005
568 250
656 438
1712 386
876 816
1048 1216
868 1304
1488 1701
16 898
125 1760
1633 1057
1184 351
796 1044
1427 1232
2038 1760
1244 1648
1200 242
1070 320
1532 240
1103 1490
1024 1960
1704 1254
1882 1978
230 42
1360 1248
580 1259
1096 153
658 1708
1027 852
1128 979
746 1038
20 1648
897 1024
1239 1881
50 385
656 100
1552 288
288 1767
1989 1772
1846 8
456 1848
1920 1300
1776 81
1880 706
1305 512
146 1152
591 378
30 338
32 928
1024 504
128 1141
368 1783
996 616
2031 656
1504 944
1135 1184
661 616
1772 856
1955 1931
488 1583
693 1972
286 122
1731 1008
1968 772
1712 1084
1487 1760
362 1839
1904 1792
1972 1760
1817 1483
82 1118
1496 576
778 304
720 1824
1312 1758
384 790
376 522
582 1094
1405 121
1456 1994
1878 1596
1898 1412
419 1414
1964 160
1965 1790
1531 460
200 878
32 1678
387 439
1600 259
998 658
427 492
1740 217
604 1555
1286 0
541 50
272 1963
1336 368
1874 1418
1836 792
130 104
1185 1498
148 616
1442 573
696 876
970 1258
1624 56
1890 1288
608 1792
954 832
1574 1998
1736 1739
755 1074
284 249
1207 114
841 1217
1045 897
1757 815
944 268
256 961
899 1232
219 1652
336 1053
1048 254
1244 1865
504 828
389 220
1169 284
1078 1348
308 784
1988 542
1346 1200
379 311
706 181
806 47
565 307
502 1200
1068 0
1158 430
2018 1089
1740 382
1110 1060
1070 1764
1877 44
1741 873
1273 816
1082 1660
1083 1972
758 504
669 1164
1479 432
185 472
1800 1141
1078 1728
624 1917
59 174
882 1973
1552 940
1609 786
268 764
736 689
1384 228
196 809
1310 908
1249 17
379 1244
560 1358
24 984
1954 782
1009 397
1803 696
1798 1652
592 2011
1308 968
1024 311
360 922
1320 1043
1760 430
1610 1768
292 544
1770 576
228 220
1398 2034
605 848
1010 990
1587 813
1104 928
106 1156
1308 770
1870 316
1264 1984
320 237
1666 790
248 1437
871 2038
528 200
412 168
233 341
117 1994
1860 1512
1321 206
12 1662
230 712
48 1576
687 358
1030 10
1776 1729
544 1407
117 14
444 1104
666 704
825 662
1076 698
1316 1156
1302 1161
1804 176
62 406
578 851
392 1155
352 1582
1429 79
188 352
644 360
244 1262
396 45
996 1252
288 1071
1360 112
1071 596
1287 968
63 280
1600 754
1836 1486
1363 1318
1705 709
392 183
1235 861
1960 1173
1838 700
589 401
960 200
78 748
1745 920
811 179
1702 728
132 1587
1536 1502
266 885
690 1022
165 928
1504 1416
932 1124
937 1198
768 512
576 1214
1554 524
188 904
1568 406
1914 758
1456 522
1399 1121
903 1354
1414 1988
608 1504
802 1872
32 1762
88 20
572 232
1481 1216
121 1284
348 1463
1508 622
1728 122
1232 640
1216 778
1262 926
1723 1840
179 452
1690 1178
1368 469
1776 608
1714 1066
84 232
826 1556
493 1376
399 476
668 384
460 640
238 832
1852 1638
1610 1449
1738 288
212 1340
1523 372
989 714
1124 174
1021 548
340 1507
240 922
1572 864
1600 396
1139 1381
928 1000
695 944
1136 1596
1684 1962
1889 1899
1834 45
1544 77
1338 792
610 1540
632 1671
1552 1828
595 512
76 1114
867 374
755 689
1132 1934
947 1552
816 96
1852 1358
9 20
676 723
40 1612
818 1452
201 422
179 294
1856 1245
1920 1618
1992 1456
482 656
1352 1078
160 337
1942 522
925 999
1933 1048
1181 914
1454 1113
1893 939
896 781
128 40
2040 1296
1280 990
263 1796
1012 752
534 1711
680 1632
1216 1588
1664 1021
724 676
213 816
1521 1556
1393 1296
220 450
778 1363
1086 404
1056 636
376 296
1577 342
1280 82
222 997
1495 216
267 538
304 612
762 331
463 1204
1968 1840
1336 494
48 622
1368 1084
2038 746
892 56
769 1256
98 4
121 824
751 23
1470 1280
1880 567
62 152
794 1496
333 192
96 1899
1128 1967
278 2034
1775 818
657 404
1762 160
924 1534
541 1466
1810 1655
1320 384
1101 1760
1378 671
741 888
1552 1480
555 832
1030 38
1939 412
911 1001
584 378
1164 371
444 476
781 576
959 646
73 1224
296 432
1547 1400
1712 42
678 1297
928 1220
1889 556
352 930
1830 382
1028 753
1927 2036
1049 1430
524 1682
1496 1236
1463 1508
246 1947
483 1187
1990 40
1284 1944
938 148
1658 1477
1295 471
889 1849
912 62
418 1536
1848 926
1060 1518
2005 320
29 1796
1983 636
1482 1479
1297 1767
1063 864
132 1408
1704 1636
324 784
1805 328
392 1408
1882 29
1404 324
243 1142
328 104
288 1140
812 1232
1678 1192
1240 826
1486 321
1391 583
90 904
1578 830
1278 1710
868 1074
1802 1200
842 2024
1812 490
256 934
1116 785
1342 24
98 1320
1538 415
1304 239
162 1698
1933 467
488 1514
1848 282
944 394
186 836
1644 761
1336 1039
538 453
436 1616
448 326
1128 1210
1208 1482
1320 962
669 1621
1152 1767
522 203
396 1144
1842 1704
530 1892
816 832
400 1509
2044 1320
1616 1698
1938 1362
1744 308
1180 1716
192 1920
1784 1039
142 1480
1699 1211
947 1823
460 2030
1928 2014
1460 416
119 1480
852 257
1181 1176
12 264
104 560
1620 233
1716 1304
220 1728
1894 296
185 1638
1353 548
111 1974
1956 916
1400 1692
1608 169
1056 1368
948 1065
192 146
1132 1876
15 2022
191 1962
921 148
775 1716
1056 1728
646 75
1130 1328
1296 1245
2028 1768
1528 1255
1927 890
525 822
265 1062
1196 1024
120 1298
1080 1224
892 827
1928 1060
1544 1500
684 2043
728 1064
1248 293
1493 1028
1323 1738
784 1838
1880 1168
440 236
420 392
195 169
1492 1286
1220 1669
1928 1278
133 40
97 1512
260 350
1321 1958
1466 131
392 928
1797 1747
1482 1328
1972 336
950 1255
1272 774
1526 112
1784 1835
917 997
656 888
465 1024
290 1520
1542 333
1176 404
2004 408
883 282
1728 268
1128 484
927 856
1954 1556
451 1024
693 879
1712 1034
1425 1703
1490 1496
195 1600
1600 764
612 393
454 361
1566 112
824 688
448 1484
632 404
1419 1580
1120 1304
460 255
944 1778
1201 993
571 1684
1234 630
966 1472
1466 714
866 932
1166 126
600 1528
809 428
80 892
2 750
808 158
1388 708
1240 1799
1955 438
1182 191
638 802
1408 1165
128 766
2020 1856
338 1545
1804 898
756 1836
429 1341
408 544
1797 1302
1686 485
1643 1428
1031 187
1162 407
1328 634
1938 27
1160 19
1759 884
151 880
1122 762
1170 1396
791 753
482 2035
1136 630
717 1832
1990 76
940 37
552 54
558 909
1472 667
648 320
1302 340
1497 976
796 1368
645 1168
487 48
374 1292
1824 188
720 664
439 1968
994 1696
404 0
1970 1284
1534 1944
894 1350
1417 1153
408 1576
1876 907
753 1227
118 1423
16 1228
1100 1106
1463 416
1240 1814
1673 2004
687 974
628 1217
1758 140
88 768
728 1857
1198 1266
501 224
1392 1435
2040 1689
1775 802
1560 1125
173 2
1698 779
192 1136
432 1082
250 766
66 1388
1164 1711
428 828
531 1088
968 524
806 1113
1056 426
662 992
800 1668
1033 1886
1566 378
1573 838
260 1512
828 1241
896 886
70 1348
776 1086
1252 448
1442 880
1548 1328
717 1191
1774 576
485 836
576 984
1082 613
958 1616
1637 368
1008 1830
1607 576
1218 511
1020 1134
224 316
732 960
1072 993
1487 1705
1032 1360
1654 1
1388 1032
1347 829
964 656
968 1060
410 1216
777 1145
287 1329
2020 514
1350 1266
1928 2038
851 1374
233 1450
1862 373
701 1666
794 1888
256 632
1607 1410
336 877
1832 155
733 1854
1797 116
568 2031
339 1013
1834 1502
536 1637
1936 80
1612 630
1596 1397
1406 926
1505 168
1857 1258
1588 1696
540 1449
1848 796
1706 282
1205 71
830 284
1136 316
1452 956
2034 234
1888 1920
1260 718
898 1696
165 1269
1800 1984
1454 688
1936 1291
1368 1966
1764 478
1499 224
1332 476
626 1415
556 784
1141 1608
1110 751
715 773
1536 242
1018 1886
690 534
1910 1012
280 1950
1635 44
1396 1439
1142 960
1050 2012
400 1856
1751 660
164 618
1702 35
1172 1053
2024 325
2022 112
732 1420
2026 672
66 1400
22 569
804 398
112 1812
1598 1920
1476 1615
544 98
832 1020
1796 1388
740 1783
714 1408
1904 1724
852 865
1704 1214
1645 1812
1224 1197
336 60
320 136
1983 308
498 12
1122 928
1096 578
1610 1050
1701 459
752 623
1183 794
1670 1022
1497 352
1896 1284
405 1548
1940 1336
1839 1936
1889 2040
1864 896
1220 330
149 408
640 1408
1484 1280
272 2009
1228 1792
1958 1130
1539 1110
1167 1250
628 896
1568 1815
947 739
282 891
28 1264
1186 2028
961 584
348 1664
1339 670
772 362
1132 956
597 1610
806 740
1320 2009
431 617
1742 3
896 664
1899 1104
1736 1440
138 886
1984 1764
1984 1819
1668 634
1996 1356
10 18
612 1920
316 967
556 1853
1216 1772
346 165
325 687
776 1632
764 931
1009 1360
1761 1552
1571 1533
32 1848
88 1584
1911 1152
434 384
1676 1974
54 411
405 1111
1378 660
1188 1844
1302 1620
1194 1380
152 1133
1408 1232
973 1298
440 1807
164 560
336 1320
1139 536
1510 185
393 1166
746 569
996 585
1294 1632
1119 797
1653 1098
1462 1552
1536 35
841 1319
1784 512
1025 2024
528 280
1551 1904
820 725
1924 844
1760 64
1165 1028
1177 1698
1681 1658
610 1487
1901 1127
1938 581
1936 314
1422 1224
999 928
63 1320
698 1630
2008 1660
1568 429
262 1301
171 1040
534 1248
306 1418
2032 1221
1348 1883
90 805
2030 456
177 1696
1024 138
1641 623
896 1984
1179 940
976 955
162 904
640 1506
1508 904
1200 872
1093 751
2005 1548
155 129
920 136
1564 563
1192 1240
1019 453
215 2012
1844 1156
1226 332
456 218
1678 384
1808 419
500 1648
25 772
336 704
1844 976
493 27
996 412
1891 312
761 1651
1352 1282
1516 1800
1866 1947
963 60
951 1018
1322 244
1022 212
1564 1120
1069 1753
984 368
1038 511
1428 1373
292 200
2040 364
811 1193
41 380
1952 554
326 362
1328 368
478 1180
1696 1967
1679 1470
692 121
1012 1108
1742 1278
1792 1762
680 304
1392 1338
1479 416
1832 1442
353 216
1002 1832
1418 244
410 52
210 1367
2019 228
1916 1598
648 720
117 2030
307 38
1912 1815
1144 1406
1144 1105
19 1690
1950 1742
1832 256
435 216
960 1072
1136 1014
356 256
652 1342
1424 972
1100 968
424 1534
17 1606
1629 646
1445 1378
314 411
315 543
535 24
1688 264
250 405
830 8
1626 1024
1552 945
1960 645
1072 356
1512 1628
144 1030
1261 1858
1674 1256
1784 800
62 1696
343 159
840 288
704 2016
563 1248
770 1954
1922 1949
1189 420
960 128
489 1332
414 1056
152 1282
1052 520
1900 532
1439 832
1464 419
1892 507
658 686
1464 1104
785 504
384 496
1750 1128
654 120
536 12
2045 1670
616 1274
1385 740
703 1306
462 1064
394 256
1312 458
1872 1008
387 1794
83 1312
794 732
1675 813
1832 2029
1780 208
554 370
298 940
1796 1466
360 1125
658 789
724 14
1668 2025
508 1216
773 700
1356 1293
945 306
582 1504
1922 1238
2017 1316
1527 664
1892 1088
1059 1348
893 1710
158 985
860 1554
1226 933
120 1556
384 1199
256 408
1532 1504
215 426
1024 288
512 498
1376 976
714 1170
1818 302
1293 58
1097 1184
1854 10
946 880
146 326
1055 882
1052 906
1142 1943
464 202
1731 588
1524 266
1332 384
1889 372
1744 569
1924 1352
1251 1160
796 1882
471 440
1988 1516
1270 772
1924 1388
1312 420
200 1772
939 536
629 1626
1178 426
1626 1496
1494 1400
1508 1037
1804 1272
2015 436
424 1628
832 304
1492 1029
821 68
64 1566
932 1136
1884 1132
671 1878
394 1236
338 244
1326 1514
706 1883
256 24
948 1304
1774 1600
305 1166
1756 1856
1489 600
1946 948
1880 792
1812 824
784 2021
1876 1850
981 649
696 500
287 270
515 12
1806 632
1275 1137
720 1404
1500 1227
832 322
1524 760
746 1846
1651 880
997 1696
1755 704
1656 1024
1706 1848
554 284
784 1856
184 1754
1158 1864
471 1024
460 304
1016 18
219 1816
106 1613
936 1234
112 262
695 1638
162 786
983 1684
1064 2002
629 1108
317 1708
2022 1274
530 960
181 880
563 1996
416 960
719 300
1270 583
32 1296
1248 928
356 1520
1841 1288
1739 1366
729 204
1884 1848
1770 1019
990 251
803 1060
1000 704
1660 776
1962 716
943 885
56 1263
692 1291
1388 2036
1152 57
744 1642
574 800
728 138
1321 56
1663 44
772 901
88 344
463 1854
1632 1213
138 694
1201 880
1927 1824
742 1840
623 1333
1091 1772
96 1616
900 117
472 2009
1051 1120
988 313
198 1529
724 1650
177 1800
1824 233
98 474
760 656
1750 30
851 1664
78 1987
1610 1442
1882 1620
116 1008
1672 1966
1408 1816
1876 749
2027 147
1193 744
878 1059
1512 595
89 255
1016 96
752 1376
122 1162
372 2038
1946 980
1570 1426
980 1072
192 396
1386 804
1108 456
24 1962
331 1788
1195 1778
1582 170
1793 1218
1684 1016
1188 528
1728 24
1276 1024
963 156
587 255
1568 1726
1056 695
1212 1289
1165 1503
644 267
1031 522
1484 1960
1340 1988
612 1794
460 1796
396 208
876 775
1904 80
980 616
1976 304
958 1352
1816 1707
1880 388
868 482
81 320
1036 648
1024 656
1900 308
1275 1289
1584 1908
140 810
207 2016
1168 1701
1804 1120
1328 2010
760 956
1268 568
284 1444
2040 894
1605 27
1998 860
1320 433
1481 290
1804 768
330 176
98 1035
1264 414
780 1736
248 979
514 1536
2044 344
824 1736
480 974
1982 572
1476 1975
1197 1326
1053 948
320 770
1078 1178
2026 566
976 52
728 1860
1020 1949
696 1575
1584 20
848 459
1840 904
1860 1086
1296 1136
410 1325
1045 262
934 280
824 156
1132 352
296 1904
1588 940
896 624
166 275
586 320
870 1416
756 1834
384 1680
1368 1144
1834 326
1843 2007
908 88
1296 578
1282 320
658 38
751 1511
400 191
1226 1883
1308 229
1013 1401
24 1432
144 1140
946 659
1756 560
462 396
684 956
480 1580
434 1354
388 1470
128 1816
825 64
1537 1752
710 1054
1832 896
676 840
382 444
1502 960
1472 1224
1875 1550
788 1812
822 406
1480 718
1836 1664
1714 1475
2026 2004
1428 55
656 288
712 1581
98 1422
417 966
1607 1176
946 1768
1067 1834
450 1728
624 1294
984 848
1763 1572
1216 1481
1885 1485
595 398
454 92
1984 506
926 1200
1232 250
1970 882
1210 640
1218 227
560 735
1730 163
738 604
876 192
1045 708
1804 59
860 1642
1392 1503
500 322
680 740
868 1671
1206 1683
698 1722
1117 1008
816 176
0 457
916 1654
1248 1292
100 1709
888 1552
1020 721
2002 364
674 1816
640 1330
1768 74
1980 1880
376 1466
1753 42
1344 423
920 1084
520 1617
1000 2036
112 1608
856 1232
1484 802
328 376
280 516
2028 256
949 1476
683 1532
1728 112
984 1032
1756 460
1317 496
255 1624
424 1520
1860 18
1437 1714
608 128
1775 1668
724 228
972 1716
836 1560
1376 476
160 1388
656 671
1669 1914
197 525
1324 1790
694 211
160 1393
476 878
1648 37
382 1200
746 1402
278 1200
300 1876
552 954
800 585
628 778
724 832
1744 1702
1315 1476
523 1779
2000 439
970 1148
478 40
1742 844
456 468
744 1794
1906 2013
1376 504
128 510
1691 1169
297 988
614 248
1038 343
1797 265
1856 1637
284 1486
64 1552
602 187
696 574
248 1747
1314 1411
1424 1222
1060 488
795 532
896 1285
1744 1504
760 1652
1626 1840
256 2041
795 1170
2030 1768
1372 1120
1376 544
1008 266
544 1210
1547 1248
620 33
479 944
676 1520
2032 1610
1114 1035
1081 914
978 704
978 1776
800 385
576 321
470 395
1328 96
1034 1033
176 853
971 1507
1682 665
342 1636
1369 587
1267 258
1750 1011
1898 697
1494 1634
712 1220
1750 550
456 356
1962 1044
484 748
1879 1316
123 532
1354 896
924 1136
1419 40
1945 49
532 412
159 1842
860 1388
21 759
619 734
278 644
2 120
2004 320
694 1888
924 168
1740 1392
1148 356
56 1526
1304 906
564 1977
1588 1310
890 1298
1648 1433
1168 1180
1332 1712
910 1448
1713 404
286 50
1320 1068
1090 2032
17 1863
1401 1383
1260 2002
500 902
853 340
1776 883
15 784
504 640
1915 1896
1934 880
1647 428
367 975
942 561
1664 448
912 1616
1472 125
1358 1952
244 296
1241 1452
728 1912
130 1626
382 1132
1883 1704
1 1568
1390 208
1990 630
918 2006
508 1600
1478 1302
1743 2024
1420 1111
1940 132
997 1258
83 1947
1658 1824
1488 1388
1470 1076
1840 456
476 84
1896 1248
699 1735
1121 32
2016 458
856 1373
246 1222
765 1362
214 425
158 708
774 480
1525 593
1126 1692
344 428
1424 10
931 1654
993 1040
1699 872
414 1408
1963 199
593 1210
1512 778
96 675
1050 1274
253 1912
668 1836
528 1282
1210 1932
1284 1022
1508 1680
534 1140
614 1376
1347 1988
1456 404
684 436
1513 469
1279 1516
1424 672
412 2036
764 1847
239 1952
1106 1848
1084 642
1335 1628
508 865
1920 440
494 1705
370 1512
717 1764
1768 1641
408 1370
1888 1010
1226 386
456 1635
1809 978
1317 1485
596 877
760 704
330 227
1583 204
472 59
260 292
446 1186
1526 174
568 384
1952 1392
9 628
1226 814
624 651
1484 1572
460 225
1952 688
328 552
1960 552
1320 948
1260 776
1222 1367
1472 1010
240 1996
272 1940
1752 1306
280 1120
790 96
0 1064
392 593
1596 610
488 1821
1196 711
1676 1056
720 0
1034 2
428 1024
974 41
1760 1408
1139 362
990 312
1207 103
975 1579
1768 1088
96 735
1408 200
215 2016
392 526
1962 864
1732 1380
1257 512
1113 232
643 15
1384 268
369 1097
80 103
1820 1603
1554 1532
664 1598
26 1733
1728 1512
1524 303
420 2012
1178 510
1672 1788
1460 1420
1548 1448
555 281
2041 325
344 392
740 1344
256 1666
612 1542
422 734
1956 671
796 849
1640 730
1500 1832
772 1528
696 1372
174 1756
1372 1814
1379 576
1411 1400
328 1152
18 1100
592 1024
244 876
66 317
1898 917
598 1238
1024 177
1706 1144
1322 863
1608 1742
1272 370
933 1750
886 1432
575 872
1377 60
52 778
116 1784
848 1196
608 1713
1619 160
19 448
832 17
224 1764
328 228
1108 2020
1620 1949
1056 428
1146 78
664 1293
214 1350
516 1940
801 56
1906 332
1799 1036
1241 650
1280 938
2026 484
212 1544
1457 1650
1674 1332
1070 434
1920 256
1648 1390
1888 754
2007 496
1592 1470
747 1671
824 1547
1186 390
867 158
624 368
1160 1631
231 1323
360 36
1144 356
1066 1293
416 1894
196 1660
680 1236
1372 1956
20 1000
1688 960
1881 1232
1092 2046
1728 720
984 2022
1912 1937
219 1416
196 1928
960 502
1303 1120
979 1609
1195 26
492 329
1288 356
744 400
512 934
788 515
1864 1626
1464 519
882 561
1576 148
462 867
608 1440
1344 1746
906 188
1408 426
1638 1679
208 600
1084 612
884 1804
1728 600
966 1285
1482 94
1938 1240
1584 1256
1799 40
598 1504
92 1238
668 665
1548 640
1978 1023
1701 1301
1196 1723
1546 288
1784 992
186 1398
584 1600
1944 1584
752 1508
1412 176
360 1580
1772 662
896 740
1851 1536
1159 1212
860 423
1266 368
1562 1895
1152 812
659 1712
2026 496
384 861
1940 1726
292 695
2034 608
169 581
1320 2039
958 1122
396 904
1951 469
176 182
33 1001
327 1234
1088 576
939 943
1604 588
1126 443
1332 600
674 1693
10 972
1842 552
468 1386
1536 223
476 1400
1006 1268
1277 1704
1283 896
634 1942
842 1160
381 1584
1103 1472
324 547
703 436
1192 1875
1751 538
59 1088
1024 470
766 1452
1352 884
1758 1745
1729 1501
1889 1378
1280 1696
168 408
1532 2011
39 1870
980 2011
1684 468
1315 1928
872 452
1224 1236
2013 546
460 1766
1978 659
618 66
1160 1364
1283 1180
1182 924
722 1248
1894 16
1977 126
588 148
74 1731
460 320
146 28
1748 2017
590 1104
1168 812
1108 37
802 144
1024 1579
319 1581
1056 1432
144 1838
44 1938
1644 1156
340 512
1136 1328
1480 1709
878 284
563 286
1596 1278
1708 996
1944 1226
2028 1360
120 1272
2018 736
1020 1736
1402 1567
1548 1728
2040 312
384 136
769 390
1924 1433
2032 5
1056 1556
1558 1960
1524 1096
1042 1688
789 340
1648 1808
633 1967
296 488
1314 998
544 404
360 977
1483 1448
1360 442
1845 340
754 266
324 192
1313 1568
858 876
1850 940
1524 836
200 1595
224 707
609 1661
338 80
194 56
1480 342
1501 1060
1801 1396
1932 511
500 1922
1487 182
593 190
1953 731
50 1232
614 1222
1550 423
1088 1816
2042 1516
596 673
1038 1516
363 1602
999 1700
463 768
1695 1033
696 937
1108 1354
374 326
256 715
1223 488
1208 1050
1314 630
530 8
1096 32
848 1484
374 1855
1028 352
684 124
1030 380
1312 1122
686 578
896 1045
1696 994
672 954
1648 1740
1318 185
574 836
1367 1644
276 1416
731 1945
752 522
750 497
917 1331
1408 146
246 1792
2000 1584
1651 1396
1616 1722
928 1680
648 1708
773 1997
1656 328
91 1480
157 347
33 952
108 476
500 697
1959 1768
1238 346
1515 1204
1303 960
1274 416
340 1428
1994 311
2022 1032
566 1979
170 569
1076 192
1264 1696
840 634
1643 1605
998 508
514 1935
1284 568
682 1052
1356 1582
1606 136
1580 90
1607 1698
82 638
632 1544
553 237
1608 1124
554 472
72 1792
1392 1845
2004 1704
1072 1696
896 690
1714 200
1008 1208
282 1592
646 48
1960 1420
136 1862
743 694
280 857
672 31
1888 1944
878 1656
156 1724
955 1090
1837 856
1400 1664
1744 1576
1648 1456
580 1384
508 1929
194 1392
1582 2040
1331 1058
1677 1408
148 210
1144 153
580 1984
826 843
1332 304
893 623
1966 888
1908 1744
1536 970
30 123
1788 659
1632 1640
760 1200
1852 1325
1776 955
1390 515
880 1006
148 126
88 596
174 250
312 360
832 1442
824 1432
332 1589
432 98
833 1175
6 1461
487 1988
594 352
1892 1512
1324 1280
1600 418
1664 384
904 908
864 832
1925 1486
1339 113
1550 660
1568 960
952 1328
1356 1244
1532 704
524 939
770 185
78 386
344 104
1562 852
932 1122
890 589
1091 627
1096 246
1840 512
1436 1685
1124 800
1986 1346
320 448
587 372
996 587
1992 168
633 672
1157 1285
445 1792
50 1145
1698 775
384 817
832 273
947 858
508 948
68 831
1957 1505
1764 1656
1533 866
610 1644
1657 96
1710 1708
1088 1024
918 1014
66 1421
652 1074
392 1848
1008 19
1929 549
644 1608
2016 1408
1426 727
1260 290
304 104
640 1812
1982 759
560 1792
1042 816
160 376
451 764
1982 414
64 784
974 1054
450 1706
1673 1760
1016 250
352 520
836 560
362 218
792 1016
1759 88
704 1623
654 1100
410 1799
1008 1958
892 1142
8 1897
1520 336
712 816
777 812
1741 220
1061 1451
1276 913
1113 439
30 300
1384 286
1398 621
1152 688
1648 1322
328 1570
237 1690
580 875
320 1770
1304 214
1040 1156
876 426
1152 1952
369 428
1203 1801
12 1369
1824 373
540 1796
550 865
1621 1150
476 2030
1020 1600
617 368
1505 382
37 653
734 1528
1804 1517
2024 882
480 1064
1432 456
1548 1336
1544 1192
223 304
1188 452
604 279
1690 824
1468 143
1624 47
1536 1999
672 1192
714 1357
576 1159
1724 1948
1260 1631
1492 1660
332 362
686 1030
1685 490
980 260
1204 1280
506 1420
708 1182
62 1548
1680 1570
830 1984
1974 1548
1752 1260
608 792
1056 1504
520 30
248 1984
1038 694
790 173
1064 911
1995 580
474 508
104 848
96 1535
1944 352
1392 1664
1648 1440
266 1894
1956 208
1460 1898
836 1443
745 1600
1964 459
1156 764
1696 223
1004 1954
888 912
544 1334
1654 704
440 448
1968 1667
67 441
358 352
560 384
1724 736
514 256
1525 386
1538 1096
1915 800
16 952
598 1770
1968 400
120 1097
82 542
12 456
1840 1651
640 32
834 1768
800 1907
592 1947
1652 1764
1671 1272
400 728
566 1919
1808 1327
124 865
166 1696
592 192
1592 1134
1662 568
110 513
1282 336
152 778
440 212
814 1076
1758 1144
1146 1856
1068 616
124 536
1100 352
1899 570
432 1969
691 1195
1696 1896
470 888
242 1968
1698 1249
337 544
938 1709
150 916
680 1852
540 1616
1288 802
454 1754
346 964
1696 1192
1234 564
1792 1180
913 651
1358 1440
1572 510
1568 777
184 824
1424 1284
1130 1804
1316 642
1504 1680
996 1496
1388 1036
1624 782
100 528
592 1680
980 611
222 1584
396 1332
646 1847
1280 424
1578 2000
583 1180
1748 1808
1268 1020
730 1732
992 466
608 1036
1932 1264
1713 1456
1752 1632
1042 1276
160 752
1980 1746
872 880
698 727
771 1056
1852 1300
1997 1380
206 792
399 264
424 984
1155 790
446 1858
950 1048
160 1205
1979 1404
758 1516
1840 1708
224 756
1447 1074
418 48
1872 672
312 751
372 1149
526 405
1810 1488
928 1556
544 624
1271 1250
490 1378
984 960
506 512
720 469
16 1602
680 1608
1034 1178
872 625
1355 816
64 608
1140 202
312 1544
992 1422
584 1223
1129 1422
394 214
1820 856
1506 379
836 1420
1498 1277
48 2012
1795 1468
1184 548
392 1608
1213 918
1934 1342
1552 285
688 1105
992 114
32 1280
2016 1362
364 1187
1428 1981
459 1189
656 216
1576 718
144 124
768 1059
1272 65
1840 1720
52 1300
1925 1546
1384 1760
1818 1667
640 706
1286 1588
105 598
1836 1470
72 61
1620 945
1761 1360
653 1712
766 696
1982 406
1838 1024
369 1510
40 697
604 1350
940 136
288 526
278 1825
1268 1107
964 1081
816 1689
376 1648
2033 980
428 1386
908 66
1172 1791
1954 1620
1384 1590
896 1814
2028 864
386 1148
1868 1280
707 948
48 469
386 417
190 1550
1664 1164
1020 378
1325 269
1933 1391
1205 1220
100 140
1415 512
776 294
808 1770
1645 1844
1120 512
1996 1268
1387 1777
1835 704
1067 64
1976 1924
1560 388
940 1536
288 1446
1964 336
1372 169
630 912
836 578
1020 662
971 776
1081 1034
1692 1378
2005 328
874 421
1621 234
382 262
1000 429
700 1998
1468 1164
378 1364
958 1240
1951 460
1483 507
1628 794
1569 1782
1357 2047
1419 855
544 604
1258 216
1798 1316
1756 1696
768 1758
1040 360
1401 1024
2038 904
1850 1344
1647 1590
32 590
799 46
193 1619
1822 554
636 1866
1386 448
611 1344
1996 534
568 6
503 1060
152 1237
483 1868
1968 186
1969 1556
1376 120
384 1920
1480 1699
480 1792
1688 1582
1698 1327
1108 1689
1075 152
1704 0
436 1312
503 1495
1096 185
64 1439
530 554
1320 2014
1272 211
1872 166
952 666
814 610
1789 1138
1248 55
336 1024
1382 142
1093 1588
1951 1990
267 808
960 1758
1758 2034
513 117
903 1376
599 1552
1332 1796
1042 1224
1488 848
1759 97
1550 1982
1000 1873
1313 1178
0 1158
782 1703
490 290
313 232
42 1669
1264 88
344 875
1999 706
831 1675
344 1020
578 648
1284 180
610 2044
154 240
1428 1400
350 544
384 37
54 800
1140 232
1532 790
1420 383
348 808
892 1896
276 1183
76 960
992 518
865 1446
741 898
974 2004
366 1660
1092 592
4 818
746 774
736 2008
1548 1470
56 1916
284 497
232 1266
178 1318
527 344
2031 1397
1970 1368
1482 98
658 10
1216 541
1316 796
1672 1214
1050 75
1752 540
130 1521
163 376
1207 276
164 178
1750 2005
1280 438
403 1457
114 1068
1941 1236
192 1382
1642 344
636 534
1484 184
114 1754
416 41
338 1542
984 1528
1830 910
1336 823
421 996
492 1520
1304 1059
938 369
971 941
1232 241
1578 274
112 651
219 1297
1833 760
2002 2044
965 1370
1782 1081
818 1044
929 1152
1650 736
425 678
582 508
229 196
871 1976
1914 1272
2023 1548
1756 402
1456 1188
1207 1585
1116 558
560 1738
1295 644
1460 888
1938 660
1507 1820
1798 890
1757 1679
1897 57
1143 1880
398 894
1466 604
818 124
832 2000
868 559
290 12
1660 216
424 256
1552 1976
614 1148
192 232
2004 1562
1598 504
1069 250
362 2006
1454 20
1252 1732
368 1032
1216 1216
72 840
1443 128
1085 216
1419 32
738 1733
1490 1645
438 136
173 1089
1778 1012
796 1192
1679 1848
1034 1611
860 10
1062 314
400 204
29 1232
912 1181
856 869
1022 820
512 1855
1401 118
1872 1536
164 706
248 1200
934 500
1722 59
1984 1148
1495 186
320 314
698 632
1433 201
818 1504
935 1916
1528 831
547 1903
1372 1538
1742 961
458 252
716 424
388 1128
114 608
72 1740
330 1219
1564 1857
1116 1906
808 276
810 1127
1394 207
1416 510
1634 518
27 1656
106 1624
532 912
242 1524
1712 894
1546 376
1964 796
111 1552
128 170
1800 544
80 1426
694 1326
824 120
308 1834
1994 1304
581 1226
1688 1936
1735 752
1273 521
1949 750
1196 1912
1711 908
140 1475
528 924
752 1256
984 920
1846 129
8 698
184 468
1024 434
1280 770
726 1676
1158 1688
377 468
1700 24
598 705
594 788
1885 1760
937 1098
1532 2025
210 2018
350 413
1488 154
378 1117
248 1127
2008 1097
1316 1228
205 1188
692 248
2004 1462
1612 1984
1122 1565
1049 2026
256 899
1760 1479
1470 98
1474 917
1771 336
736 440
994 505
1636 515
2010 1960
1027 1752
1030 996
1975 131
672 1162
1832 342
416 1190
236 1430
368 1902
1644 1488
167 496
256 1478
942 880
1588 784
268 1223
1583 900
240 773
262 901
1822 468
393 1208
1684 15
594 1401
1794 1076
798 1377
1036 1808
1414 292
0 188
78 2039
1540 1511
452 1716
1336 732
1398 820
256 278
173 1163
155 640
1314 1050
1244 148
255 642
1742 142
1326 126
310 1640
256 1781
672 956
1656 345
325 556
1794 1170
1180 912
756 1588
1462 950
1828 1136
1472 200
1330 203
864 1639
1304 59
1368 1757
425 1728
1697 1212
1940 328
358 368
898 570
272 1146
290 27
427 1118
1528 1340
560 1340
1756 774
202 328
1458 1393
1760 697
1525 1368
480 1324
1034 994
620 1880
1952 818
1856 2002
1146 45
1762 1402
470 168
830 1050
1376 88
276 579
1002 1671
112 884
210 67
1844 1048
1246 746
432 146
1279 684
1890 181
1969 1722
380 364
1016 1306
1477 1376
1490 886
1154 1160
944 1504
1248 726
89 1556
1350 1500
1796 820
593 839
58 533
1216 320
1032 984
1032 279
961 1425
1358 465
1401 1984
432 1682
1756 1863
17 28
1460 509
915 544
1166 1157
96 573
556 783
734 69
1978 1760
172 1112
944 1371
913 1832
335 1664
1624 602
104 1011
500 1512
1360 336
223 736
1842 1288
1988 970
384 52
40 90
1637 1362
659 1323
1028 1761
1776 1526
1064 1458
1267 1084
1190 399
727 680
1924 1908
202 1196
992 868
514 1236
976 414
174 1716
1048 950
253 641
1144 412
193 824
307 1014
1888 428
672 988
48 1956
1320 1080
329 1455
318 544
240 884
404 1696
312 368
1972 544
1635 1177
632 1409
757 1904
825 136
1983 134
921 1504
1716 1136
1497 660
220 920
1480 918
1832 759
1676 479
1557 1480
1396 1796
7 641
4 1008
1514 1464
622 1044
667 1765
1292 1238
1008 1256
1614 144
1439 1061
1982 1908
1264 1838
804 1870
1920 171
864 882
394 269
325 940
1874 256
1152 1392
1832 72
1223 276
726 992
1134 314
560 1992
1064 1152
500 1952
652 491
778 1472
82 707
344 514
1486 498
588 1355
1296 360
182 384
1802 782
1856 1364
494 394
512 1862
1124 2000
1112 126
2016 938
396 1122
1581 1095
2006 1880
704 1792
624 1436
1872 1254
680 198
1884 802
848 132
1488 0
248 456
604 382
87 1324
951 1285
170 1458
138 712
1350 1371
1032 987
1592 1200
1732 2029
540 1328
500 328
1627 378
1480 724
10 1088
148 1249
110 960
1721 82
900 1256
1424 616
514 1444
1776 1088
1504 1408
1328 1847
1719 1854
1704 1824
832 1992
1530 130
1621 1408
790 1232
1096 143
512 1016
687 480
1277 102
918 2023
744 1604
1902 1552
856 1050
764 671
588 86
806 720
298 1000
881 584
1648 746
1513 636
1072 1799
48 1320
1908 1203
1318 1234
992 1126
1046 254
1434 1554
1048 1892
1429 1312
2014 48
346 1461
1536 1574
2042 767
686 1872
588 1144
1080 979
1984 1194
121 1488
664 212
1797 500
591 992
804 1617
1988 34
818 576
702 0
356 1772
1051 886
1006 32
1399 1264
662 1114
704 1180
557 1783
156 954
1232 208
64 369
1706 830
1088 924
692 459
1012 1636
776 261
1312 1212
356 608
673 593
603 653
1008 954
1592 656
252 882
1272 588
1056 1664
1084 176
1547 1254
1652 542
790 1704
1768 1504
1361 990
68 670
908 1832
266 126
1153 1357
1869 788
144 727
388 443
1694 313
543 1166
392 1182
773 1936
292 124
836 176
1661 820
32 2026
800 201
963 1364
1487 1104
1082 1755
925 1810
435 120
1736 1820
1532 712
292 532
946 1946
454 983
465 1160
416 497
547 448
768 714
784 1469
48 719
1660 240
210 1509
254 662
1393 1946
932 635
587 1562
766 10
1923 992
1632 1186
424 732
1120 1459
1188 864
1960 1465
1888 1121
1903 716
586 965
1968 665
408 300
738 2030
321 1860
360 1332
312 263
793 384
1052 1733
224 800
803 532
1880 121
1672 834
320 1340
312 69
1056 168
1097 1859
850 1501
2040 858
1194 880
1946 784
1271 4
192 480
1361 1824
2000 1550
1804 398
848 1558
608 116
896 1530
1116 684
57 84
1692 970
1391 11
970 178
767 1156
290 164
121 799
1114 880
169 12
1683 1872
624 1849
1944 224
678 338
1344 305
1822 688
188 26
1408 746
1737 58
1062 7
1145 1240
1663 1755
1734 471
556 371
1320 1611
188 454
1328 948
1750 1092
1314 1492
1577 708
940 940
1654 1631
712 1392
1789 1582
1092 894
848 339
2031 684
973 1984
932 962
1213 1048
663 960
864 1972
542 279
188 1550
1808 1018
2038 1785
1428 460
869 540
612 328
651 770
1810 1890
398 1792
1110 948
1860 1323
314 44
56 1874
645 78
1488 200
1005 1072
1364 1919
1857 588
168 976
655 1964
1580 1699
612 627
537 1844
432 1940
1079 1005
1654 1746
1504 1142
1165 1209
1400 630
686 892
1568 359
138 892
1506 64
1508 1184
1402 383
1194 31
1682 1536
908 1456
611 118
1304 735
1618 1764
1688 1250
1408 1736
1146 1384
256 1560
304 1195
250 98
1620 672
1916 431
1010 1986
674 1508
16 1628
1526 1936
1653 171
477 1688
1511 1586
1494 1305
2034 713
256 440
1568 1013
1624 683
2038 1408
1 1733
548 1939
32 1558
1290 226
1960 1823
682 1108
738 696
1856 1008
1177 1375
1288 1144
1184 563
1818 1925
1198 652
1944 216
246 1144
1936 1088
610 759
1920 815
1224 1222
395 1520
1964 975
1042 38
1514 1662
1714 1022
1265 640
1742 830
152 847
1900 338
417 381
96 1280
730 1080
72 352
464 640
1843 937
736 960
1692 1436
960 203
1512 194
468 518
1702 1161
834 410
960 382
72 1396
1543 1508
1472 836
485 1186
1297 1056
496 153
674 1503
1120 1082
871 708
657 1573
1857 220
828 872
1296 1756
1340 790
1200 1600
1904 898
180 1922
968 188
1989 796
976 1248
1983 1535
702 331
1638 986
1047 1686
288 628
760 1576
10 1400
941 1672
606 1285
1686 232
418 659
682 363
479 1418
14 112
332 914
672 179
2025 536
928 84
1323 246
624 1455
1256 1138
921 1458
1824 1576
1664 1373
437 1475
190 377
272 66
924 821
669 1754
914 464
1140 386
172 420
392 1156
1168 752
1704 1058
1568 1202
1351 1165
1678 1890
96 1424
100 366
256 2032
1552 596
191 1679
67 1128
1696 484
1164 1307
332 470
1164 234
680 1280
1058 1416
1306 1600
560 688
512 1554
698 362
1804 366
734 379
1456 1040
1200 239
700 874
1262 286
1662 32
1489 1939
1728 1957
980 1994
1224 1488
1015 496
1337 1974
1348 1280
256 749
708 926
1092 1144
1177 1208
1720 288
104 1552
11 164
929 774
21 424
157 940
259 1096
2018 1793
1680 728
888 2000
1214 924
1792 607
1736 1684
1375 2034
2028 312
995 408
439 1484
1413 974
728 1166
1968 604
926 552
2045 1880
1064 1321
1670 1648
1132 1877
275 1418
1464 683
899 1960
530 1696
262 589
488 1041
2012 1224
759 625
368 1490
152 1401
491 1302
75 612
1659 950
1983 526
1136 1378
342 82
1287 176
341 396
1072 216
1812 906
132 1848
1259 1493
1218 1520
1559 1002
1168 1042
692 1680
2022 844
1269 1624
562 1716
851 761
782 1360
1829 524
1530 1502
591 1235
1984 205
1248 2037
1854 912
642 1839
1795 236
880 2002
314 1769
1024 1312
1760 678
1378 1660
972 1904
1648 1537
763 1525
19 529
1504 943
1264 1817
1699 1107
467 1000
633 549
298 1696
1077 808
458 1716
662 544
1524 1052
668 1488
60 1410
170 10
1884 304
1200 1028
1536 832
2044 86
1220 1424
343 1120
1924 1694
375 260
2022 278
640 1146
776 690
842 1904
820 358
535 1046
1680 749
789 960
1728 672
652 536
956 1748
1934 386
416 1348
1494 1113
1944 992
1376 378
196 1440
126 1947
351 1640
1048 12
1088 866
616 1248
1072 1466
2032 655
892 1285
1958 1024
986 540
1947 2030
1728 916
1034 1118
1594 1232
851 1178
1032 1806
1856 756
1344 1894
1262 1304
728 771
628 604
1494 1308
1303 1369
1140 1817
1409 1257
1520 1785
904 459
928 1160
252 331
1424 157
1430 706
1200 503
1032 980
6 665
448 1168
1374 1617
500 496
41 1096
52 548
1619 1620
1384 759
1148 1080
713 1352
733 1632
1992 1232
1024 1673
449 1037
1595 1974
344 1488
1568 1972
2024 1793
798 1528
1725 820
1926 255
1170 464
394 1690
1527 918
490 871
352 1084
905 1344
656 1620
1023 184
1280 1308
1345 0
274 888
1267 712
415 2036
1888 1748
1856 309
105 218
1696 1031
1428 366
288 1800
1206 1452
1952 2032
364 1252
1308 224
1475 1478
264 926
905 1728
1904 444
1272 737
222 1890
1582 1644
1354 770
587 1592
377 514
1114 728
928 578
350 768
640 1066
944 1292
42 426
556 174
1475 1708
1152 1589
601 1926
1848 644
1692 1764
1819 826
1976 1668
908 1927
899 1293
244 88
1766 1612
1364 400
1624 145
503 1456
1738 484
1080 2019
1632 313
1271 560
116 584
1128 140
1732 1094
1100 1966
1742 1676
1681 1795
828 1424
1378 1945
256 1344
622 2019
1756 668
521 428
259 720
1765 1421
629 1464
1408 768
650 1704
1856 698
1241 718
1572 47
1373 1814
996 1433
705 975
941 1232
1961 760
1630 1014
1804 352
1526 322
870 544
459 1139
1827 2000
848 1092
1730 824
227 256
799 246
1984 2010
824 1795
482 98
2036 1536
1339 302
806 112
1708 1556
587 1669
1108 696
528 76
1709 1035
2016 770
1730 1447
1784 1762
1708 882
660 885
176 560
937 1560
452 81
1963 274
996 555
591 443
386 1133
1612 508
290 520
1816 1517
136 448
280 1915
1042 210
552 1361
1536 848
316 1604
1980 762
384 1808
386 1457
240 86
364 1068
1498 1314
753 232
168 1177
949 1744
562 242
1592 1199
858 392
768 164
592 161
1572 754
1600 1781
1273 1382
557 403
1577 1828
496 1072
255 1193
1496 1632
183 1699
1958 756
1074 244
1355 1452
456 818
1157 1916
1048 1882
44 1600
1653 836
520 243
638 256
1033 1346
512 184
640 58
1280 416
106 32
724 1238
1520 177
394 1745
1256 1792
1254 250
706 1108
1170 712
1253 176
240 1752
1076 1644
402 623
640 588
1528 28
256 1214
165 664
383 1808
980 914
937 604
87 969
957 217
783 1149
996 1455
788 1632
168 987
1929 1288
1712 1050
1924 329
1236 1512
270 488
1579 1899
1157 582
948 95
1414 520
1512 454
1600 1348
873 794
492 1982
6 1002
2046 1080
1976 1042
1193 464
1832 1116
1504 1976
1907 1228
467 1746
940 1632
1980 1647
493 338
166 1518
1254 765
1858 744
1168 634
443 1020
1232 14
439 403
972 687
1870 1157
1458 1544
416 1920
464 1586
270 702
1963 528
486 667
1585 708
384 226
536 1460
908 132
116 490
184 1448
570 1186
1758 1482
1496 896
320 2038
1796 592
135 428
1766 862
581 1480
204 1072
1471 1810
198 606
1660 830
1952 1061
299 450
190 1104
1024 1070
1360 1349
1970 1305
448 658
1216 920
204 728
1806 1280
1776 80
388 1580
812 1487
1856 1912
1492 1622
644 630
1367 1658
812 704
1140 896
8 88
1067 143
948 1462
1532 462
221 1366
532 374
474 1025
1684 1351
1026 789
1433 672
1800 10
864 340
1107 1738
1596 1002
96 604
1343 1251
1211 1104
1240 1454
1824 1116
896 117
340 1451
60 679
1620 553
1669 0
728 144
520 1578
8 1192
794 710
1653 864
1804 1641
892 1024
668 1536
288 1984
2016 1968
1231 1000
1474 2000
974 896
478 552
1573 1384
629 1098
604 134
1512 939
438 1874
112 432
1004 656
782 832
1279 1693
1120 1346
784 112
1724 739
1904 1619
568 1622
283 1356
637 1713
400 1040
728 1168
1654 384
259 1167
1320 1848
320 70
628 960
1635 305
683 698
98 74
211 412
1298 320
896 0
840 1101
981 612
1650 144
862 1080
1760 1414
1264 744
668 1924
1533 253
759 880
390 1153
778 157
1462 1547
1785 1931
1355 268
398 798
1888 1992
1928 64
1997 512
1758 1409
800 1840
101 88
1034 436
1727 1877
242 999
910 1766
1222 1434
1892 1329
1694 200
1820 192
1532 371
1920 265
96 330
1608 1088
250 1696
793 1144
484 1628
1138 1440
944 1712
1760 704
1177 1599
1382 1343
1389 1008
624 246
1779 808
1623 690
1168 0
1992 1684
882 502
800 1882
928 1864
723 1438
1674 2032
1604 1445
1431 367
1466 1934
232 400
1096 124
24 688
488 1752
1294 368
1751 1732
1462 640
752 1152
76 1560
234 352
1910 1988
1774 388
248 264
213 1684
1816 640
1984 1202
1012 1714
1178 1903
1569 1024
1128 104
274 640
948 1258
37 480
1688 2007
1401 765
472 1268
760 1790
1984 1318
321 1314
1324 1484
1173 768
1310 1937
582 1244
1540 568
376 2016
1108 1368
373 1198
1963 0
1296 256
1770 770
944 1360
425 1734
202 184
1190 386
238 1705
408 1231
452 274
1054 1260
663 1392
1276 546
1344 1842
265 465
848 1837
48 1968
216 1071
1669 644
1152 244
536 1701
1104 420
421 1256
1268 1452
1695 382
1000 1284
953 301
113 1653
1619 636
1085 880
1472 188
268 1040
1039 783
932 766
1980 1492
1630 1859
1640 1220
241 2047
1398 794
582 1928
908 374
456 2000
816 726
600 282
2000 424
1259 690
1024 1172
220 443
640 980
1076 1426
1590 1648
1628 756
640 576
1017 1417
622 1664
734 132
35 1092
724 80
1332 1753
1381 1856
767 762
112 1539
1547 1546
158 767
576 839
1560 1596
32 141
1917 182
1456 272
785 80
824 1948
385 1520
689 1790
618 816
1161 1708
992 1211
1891 1160
453 269
1804 78
760 837
1622 847
792 1921
728 1248
1479 1734
914 770
1524 552
1984 2009
118 928
1856 728
652 1248
148 1076
206 406
1480 588
920 48
1681 480
1614 880
84 656
346 2008
351 1828
1774 202
472 1948
507 64
1516 1006
294 1994
48 51
515 1198
1036 403
247 2014
48 723
1319 1874
755 68
1296 566
1588 889
484 1782
636 642
1012 1682
880 1386
1660 1780
1140 1884
583 29
678 625
1672 1096
330 600
1887 1707
676 1249
1343 1648
1752 1344
545 160
350 104
176 606
1979 962
348 1891
166 1130
600 1638
382 592
1260 1164
291 506
1055 32
560 1084
1032 1818
2001 645
1560 622
131 1210
1429 1590
1536 1614
441 184
223 428
1164 180
190 792
1924 764
40 2016
200 1776
2026 2002
677 1956
1286 1190
316 1229
602 1642
307 1456
34 1266
1242 592
1893 34
124 604
333 815
1594 1454
1216 1387
620 192
1523 1598
1600 1874
626 1884
1392 898
426 4
1888 1770
1843 684
756 872
1085 380
1979 1880
808 1220
1168 228
1136 5
624 1882
1522 1728
2005 1480
1824 972
1188 1476
181 97
207 912
1139 1196
1820 1751
1314 1984
2045 1402
1996 1536
348 2025
1312 1348
866 424
1753 839
544 13
72 860
1128 16
1272 1084
969 789
53 1599
1531 1776
1566 1200
1327 44
144 544
308 318
1856 754
2034 1082
310 456
1956 1788
175 294
528 790
1956 1112
894 135
1694 1088
1412 966
1904 1956
419 1048
512 548
968 238
170 1222
320 1786
1783 295
1072 476
945 2012
224 1784
28 792
594 812
768 368
1416 626
154 1022
644 1384
91 2046
633 1726
1342 628
376 307
1732 617
1949 594
113 1293
1959 478
492 1536
1688 466
577 1728
1880 1089
324 1034
1510 1550
1406 708
254 1640
1536 1275
856 318
1047 1324
1240 944
524 968
724 703
1454 1000
1792 1472
1986 100
1156 516
290 172
520 325
518 996
703 1852
1186 1783
1146 1904
580 1136
551 1418
368 563
1670 1436
128 640
1936 539
964 1456
1368 704
1449 1049
248 1288
1037 228
1848 895
558 792
2033 1558
1826 1776
1025 488
944 188
1610 1168
883 746
474 1104
750 1438
4 1173
104 1981
694 2024
367 1338
153 1884
60 256
1615 1811
14 1740
508 1158
1228 1163
1865 1744
353 802
386 1632
1232 93
1366 538
1958 1122
844 1685
1488 2012
920 780
54 875
126 598
1538 1392
1904 1656
109 897
1550 346
1932 1188
996 890
1072 1494
1184 1891
1163 780
164 1674
839 1628
1397 1411
200 896
111 1042
1232 480
615 362
606 80
572 1800
1557 560
1240 296
128 316
33 88
1491 1024
432 588
709 736
1135 1496
884 1531
1185 169
360 55
736 252
1485 1484
46 580
717 900
568 1072
1118 850
901 738
730 762
416 1822
2024 552
716 640
208 2022
455 1413
300 1089
1819 1264
1033 1568
1912 1062
1604 715
555 520
456 1410
119 962
1296 1587
1069 1968
1440 1904
1822 1908
168 1666
343 2027
1118 288
837 1282
959 1994
712 728
1741 2028
143 704
1670 740
608 386
1742 1054
1816 1205
226 1763
1421 920
768 1933
568 1550
841 822
843 313
652 412
601 948
2030 1326
1262 1164
452 1999
1692 1440
765 816
920 1268
1456 1002
1209 1570
1412 1394
1016 1438
1664 1940
896 1851
1592 1136
488 1480
1978 1554
272 1714
1736 1364
110 1384
1671 1325
768 1492
1010 184
1846 600
944 589
1868 1041
1722 208
880 538
1850 1664
1620 466
1588 1720
618 454
1470 1664
540 752
698 896
86 399
442 1932
78 376
1456 2040
1601 1758
1340 317
1486 1018
2017 274
1969 1536
34 590
109 1704
1184 1024
656 106
770 465
256 1674
1028 1433
746 652
397 1900
1504 1354
752 972
1006 1790
391 1906
539 907
164 268
552 1526
708 2008
1564 209
664 975
1099 1352
1024 0
413 757
1472 144
1802 1075
4 1077
820 1542
1412 1218
1039 792
1932 252
1476 1544
744 372
1071 522
1720 692
568 1547
52 1842
0 1596
800 684
396 308
432 1965
1368 1425
274 1849
1118 0
1666 1706
544 1729
994 1052
914 391
308 592
1504 106
1107 1224
1368 552
1436 1842
198 1511
732 1143
670 86
398 276
1908 620
1353 940
1176 1564
1379 22
168 66
748 952
40 154
990 1085
668 1704
164 925
1375 1743
770 725
1284 1936
1136 1678
682 1870
63 78
1656 2018
912 232
1421 1186
608 1868
896 868
1052 1888
832 1212
968 1732
1630 1829
1472 1969
648 148
1820 194
1766 1248
515 1760
922 959
397 114
940 841
269 1812
114 1664
844 2016
1820 872
1000 1517
2044 1936
209 632
1892 304
890 704
1776 194
355 1442
1324 860
1871 382
594 625
1797 759
181 618
1977 2021
1425 1348
1216 1166
698 1884
944 1349
1440 460
1512 496
1490 960
381 1537
536 322
432 406
892 1076
516 1676
1790 1655
1800 244
1604 489
1826 1028
1032 866
982 1032
376 982
72 902
574 780
1632 384
479 662
1314 112
34 1688
1860 1924
742 122
668 1117
1979 260
1244 989
1907 1746
764 1440
409 1791
1062 2000
1708 904
24 1194
1486 1496
775 954
744 1888
40 1084
556 464
209 136
610 1309
1064 134
1122 1892
1153 188
1812 336
553 346
1187 796
220 1765
506 202
440 959
1588 1487
1558 838
1695 410
464 1446
526 380
504 310
488 1962
828 142
1796 0
46 1694
744 928
1104 564
1504 396
248 1920
1501 705
1644 1309
1354 164
1428 589
919 1185
710 1206
818 1095
934 1885
1404 1418
1281 430
1218 1360
1296 1636
1073 512
321 768
1477 1428
1988 920
814 712
1016 1398
1778 914
952 362
444 1077
1351 1362
288 1756
560 1078
880 841
1932 110
1270 892
1416 1920
1744 1503
1406 342
1696 1792
1392 312
1161 1367
438 1209
1380 686
312 582
706 226
1639 599
1122 1525
637 8
1513 1056
1867 469
1818 1084
1974 856
1254 2028
669 1408
1572 1872
139 1688
208 1640
2047 1576
998 668
332 889
1094 1558
1614 526
957 1480
2017 2009
519 848
601 1032
702 768
416 1810
392 1428
428 1244
480 1634
867 652
1210 48
793 99
552 600
33 552
189 1040
72 384
210 86
468 659
89 1410
1884 561
1116 1061
1368 932
36 941
463 902
1052 2024
206 346
1005 1612
305 2024
1104 340
1316 1347
1344 1821
896 957
1769 1984
989 0
1920 680
504 1584
1408 1532
1140 1047
1528 276
1423 1418
304 395
1703 477
770 1598
1759 1678
1221 66
472 77
1201 1552
1554 812
53 524
1184 454
212 952
1468 1762
1674 1546
804 991
1747 1823
1682 454
1688 1150
220 418
669 1086
1712 927
1155 855
1013 436
1364 292
576 954
936 1290
1732 1984
573 1592
1003 1929
536 816
783 1003
1232 1651
36 938
1856 1400
280 1870
516 1678
1632 576
247 81
1164 344
940 367
354 728
1200 476
385 1000
316 796
1457 1668
16 788
1152 1876
1272 742
103 1192
392 238
192 812
1072 1719
458 432
1861 845
40 1213
218 1838
1878 1254
818 2017
1500 858
814 1556
1444 1692
1952 1630
516 1254
944 1139
1896 483
419 437
210 560
752 258
2001 1178
1596 990
748 928
1314 1645
1782 930
1664 994
1010 1118
920 752
1152 1498
484 1126
1375 1728
1563 1266
402 1284
1020 1367
1804 1008
432 747
939 1136
132 790
1830 1834
991 182
1723 1686
1618 271
340 1420
714 1924
1312 1440
1890 1536
1764 1573
1472 1806
331 1113
1058 1088
2019 220
577 1272
503 472
1732 94
906 151
1914 264
176 1333
1771 1860
660 418
1952 404
634 1785
1992 819
284 1160
508 783
994 16
240 1144
1680 2008
608 2032
62 1817
1488 526
648 1280
708 247
1980 1132
1712 460
1811 245
1033 473
30 646
198 778
816 162
2044 607
1804 95
754 1908
1544 1384
620 1978
960 1520
948 283
84 1349
1546 1984
32 861
264 1355
1751 1638
1088 62
192 1814
224 1654
65 1740
1129 936
1177 323
1082 788
556 1000
1596 725
598 214
1328 1280
1550 209
71 1918
1844 851
850 1180
512 1663
1706 1104
1026 1154
2 768
1304 560
10 1018
1124 314
436 1664
1324 360
1909 672
1732 512
1536 1601
1337 1896
1728 713
504 1856
820 1664
1242 806
340 576
278 1886
472 1253
1712 1744
454 1622
1684 636
1297 384
1818 1752
162 784
2016 352
957 1178
837 958
1360 248
585 1198
506 882
836 1237
1542 1834
1544 876
720 610
1743 80
222 1965
4 604
528 1299
2022 504
112 777
315 8
114 746
377 403
1744 424
1501 1206
872 1952
377 198
148 43
328 664
880 1864
278 639
1864 1409
681 1488
1546 181
1968 861
1344 1512
1520 1044
1764 369
2028 1588
2046 558
820 112
1621 495
1836 1560
577 1408
1101 183
1054 1280
372 1376
1044 1473
782 1737
324 1568
617 1367
1152 705
328 1722
1180 1332
464 1581
1424 1696
1507 720
807 35
1772 1836
177 1799
435 1888
559 607
333 816
236 1077
876 841
592 788
216 177
1176 76
716 679
96 1103
479 1803
540 44
1703 662
508 759
1600 879
1897 333
648 1948
1719 1660
1834 545
771 1568
1296 859
996 1408
638 1190
1969 121
213 746
711 918
1262 966
1042 1012
52 1936
266 1540
2021 660
1619 704
1308 1108
2030 1568
927 1790
144 530
415 570
1358 1391
1956 1816
1296 1656
1773 43
1986 231
1592 1651
108 486
452 852
557 1216
1500 1400
512 512
377 318
432 1985
888 1292
1345 1737
1578 12
1616 1914
1668 496
548 516
437 1216
1949 402
156 357
1348 282
420 512
972 80
522 1987
865 1914
86 1552
1643 1642
404 450
864 160
612 584
1872 1673
1793 1296
1248 1477
1975 1416
1997 125
784 1964
984 1163
1954 16
61 170
1006 685
1114 876
1360 583
1488 1652
1692 1757
272 329
1873 1708
1242 609
1636 1524
758 1687
1372 1236
271 1395
1972 1344
874 1928
810 756
1524 400
420 478
0 1619
262 32
11 2005
971 1760
931 1669
228 1840
992 80
230 930
1672 1412
1782 346
1212 1758
539 728
992 660
1276 28
1264 1422
1339 658
1686 608
544 912
1386 1176
1563 436
1293 1132
1413 284
132 1268
1884 992
2046 1920
1456 1022
1303 2040
1538 452
200 367
113 886
796 1717
1602 424
1232 310
2028 1782
1888 736
94 962
1137 392
1928 492
1856 57
1810 1328
1662 971
980 25
364 1373
1761 860
770 745
1500 1739
1022 1160
200 1666
1163 590
1983 1840
60 2014
800 220
614 273
258 1095
351 28
226 848
1708 1040
360 138
871 1080
546 673
480 696
283 936
744 2042
690 1747
544 1938
1440 192
926 320
1240 1988
1120 1228
225 1610
260 1003
989 734
1985 69
1159 1082
1946 1414
496 1828
1782 362
1624 1332
628 1892
1936 529
1040 475
1666 592
128 1468
92 1690
772 1583
616 1720
1448 1765
1688 640
1033 216
1320 684
1842 114
884 72
81 1850
1984 18
1857 1324
1888 849
1837 1232
256 1470
1217 935
1195 334
1820 952
202 285
400 1316
128 1348
952 1133
1390 1205
1376 1838
1960 1856
1956 767
320 1134
800 1086
1860 789
1982 162
344 92
1948 144
1526 96
1458 1708
1893 36
1680 1583
1632 2
1680 1566
752 312
525 144
16 896
736 264
976 748
200 854
872 370
499 617
360 800
1377 1524
878 1118
1396 698
1920 796
877 424
564 847
1898 1076
34 408
568 218
1344 96
616 608
796 232
293 618
1823 32
281 1756
384 1172
1486 1922
1536 957
147 1266
1308 372
40 1812
1685 2024
1587 225
198 490
1852 788
130 1112
1765 1996
1584 1864
1400 286
1090 1280
1121 1012
722 837
116 430
339 388
1692 439
105 390
299 96
65 2016
1594 591
418 1728
40 434
1228 292
1821 452
1490 283
240 1098
1392 720
700 1140
1104 1584
1556 877
590 206
1036 1718
1197 1120
104 1124
290 1792
1768 1325
291 1579
1576 2
1666 382
800 1174
1328 506
506 1816
1040 2028
1749 1190
1700 259
4 1512
1344 808
682 610
1386 608
1568 128
496 322
480 1962
827 1677
151 1263
376 62
1380 312
128 444
1640 425
802 240
1010 1376
1138 1782
1903 1260
1004 0
392 306
1270 807
1376 1090
963 371
860 1452
538 1074
1644 1984
512 1644
1729 1794
1056 597
1536 960
658 1596
188 1648
644 1221
553 1555
1416 929
410 1152
604 278
544 1982
1248 1260
1938 700
548 1714
1126 644
1005 1464
460 224
1044 603
1856 610
886 1888
44 1934
306 227
1955 752
54 0
1232 857
1500 1658
283 882
998 1192
782 40
356 1547
1154 1248
110 1799
474 1248
220 963
680 1340
820 256
1172 888
1456 849
241 1636
832 993
1982 2032
1582 964
214 1096
1296 1472
584 1155
960 180
1638 1220
132 1076
1941 1431
876 1911
543 1816
1428 1333
1074 1728
1806 279
1360 230
1472 1934
1690 677
560 602
1392 1956
1035 60
476 719
168 1536
1537 726
1304 1208
1400 1432
1496 1470
563 1230
1634 1366
1996 168
1048 836
1390 616
746 524
1776 1316
1040 2016
34 1592
32 1956
727 1632
636 1580
1940 625
1543 1431
206 1248
8 652
724 1880
1894 1942
1556 1720
616 811
894 240
351 1624
530 67
318 759
1568 360
1146 332
1422 608
1800 1577
1713 320
1436 1296
4 262
154 1829
2027 552
1390 506
812 1016
1588 764
1856 525
1688 1154
506 0
632 2022
1339 140
594 283
815 568
648 1001
888 1888
535 992
928 21
1616 476
320 252
298 1138
526 640
942 794
1120 1508
1572 377
24 1554
1200 212
848 370
915 1186
1617 1378
602 698
1623 53
1826 534
273 448
821 1970
1153 552
1264 1282
1828 1134
1543 263
448 452
870 830
369 1152
1538 2002
1152 604
1812 1696
0 1722
380 1040
480 1500
2025 1830
1622 981
1488 877
275 1416
1940 1674
1224 490
550 1218
1360 225
1324 1640
52 464
37 1296
1596 416
208 24
1621 1445
856 1578
1982 1205
1812 1841
195 1816
25 1472
2034 1156
1560 1376
1573 1974
336 216
116 1202
804 1516
700 917
778 1797
1162 987
1186 51
504 859
736 1586
1564 1668
14 1344
28 1691
0 1506
880 630
208 621
1172 1920
1597 398
1242 1812
1911 1208
1176 912
1128 1024
167 1164
323 1575
1704 129
940 1552
660 992
480 1376
1256 1296
1510 1744
808 1680
1147 1062
1960 360
1214 426
1748 1348
200 1224
1446 1320
1280 633
1112 1906
1620 1004
1826 240
3 178
2015 1128
1438 1414
817 1062
964 1926
196 1612
744 184
286 1701
1468 389
378 624
16 1868
1675 492
1019 268
1264 296
1664 1040
1095 1897
764 747
936 888
1616 924
576 1580
232 422
669 326
1444 1818
1126 466
800 1594
404 766
258 191
1076 1115
1060 364
1971 1264
45 302
1280 1896
824 1238
758 1474
512 1960
1926 736
458 1824
1720 284
1564 132
918 622
659 1030
716 192
1206 881
1678 1083
818 1402
1723 354
1686 144
1179 939
256 2034
1554 603
688 1964
160 950
1316 728
1758 1722
2008 1418
36 306
156 1760
6 996
1154 1570
540 260
380 652
234 1175
1536 554
392 320
394 2007
1691 1031
432 128
772 1318
332 30
1936 940
1840 60
1991 1515
1736 869
1848 1166
996 1947
1268 796
784 15
44 182
968 493
569 1642
599 636
230 1688
1999 364
853 1320
863 1783
944 2047
1480 1884
432 388
1808 1720
1431 620
164 448
1920 189
2024 210
1623 56
1320 1502
1634 384
976 70
1433 1354
144 1636
1603 362
1062 1989
1145 148
1745 1416
1760 398
464 1580
1270 760
1888 1311
486 1433
978 1288
1356 1024
848 150
1656 1918
1868 1079
653 1229
1494 1368
1834 768
888 1832
706 1866
1125 2027
432 198
1708 1932
1816 1521
2024 446
908 1142
1660 1024
1728 1118
139 979
1969 848
1384 1226
1688 958
577 1727
1269 860
2025 217
1315 950
424 1660
1372 484
936 1874
614 945
608 1075
1549 1992
64 209
304 1048
1104 1852
506 442
1792 1904
2047 1887
756 1648
408 0
516 1404
520 381
1184 1318
139 978
112 1459
1010 565
1169 184
1920 154
64 1102
1994 1056
49 24
992 736
119 1366
1296 1112
1136 1295
1391 320
714 424
1448 998
338 1698
16 1154
416 1780
1507 672
1722 1892
660 298
672 641
150 2000
884 1886
1330 1244
1503 1323
904 1489
1174 286
272 1338
382 1725
1198 1444
1216 896
646 550
1230 1760
1344 534
1236 44
1228 482
608 1848
1448 2026
1984 1840
1592 73
478 180
1896 472
1313 1256
992 684
1033 705
1640 1593
756 1983
1895 1772
428 765
1282 1084
416 1412
1520 461
672 464
976 500
1248 952
1234 1484
919 893
704 1852
1780 544
1788 1692
2012 576
412 784
1032 1656
752 1011
1042 1704
54 184
388 72
1418 1984
1376 1120
1356 208
1858 502
2040 1650
1284 340
999 424
1882 1370
1988 1840
736 1252
556 760
106 940
512 128
1968 159
393 1065
1976 793
798 940
1677 1352
488 1579
945 1672
1142 28
1471 620
588 1241
1942 1528
1280 1480
838 1962
766 236
1882 1404
521 352
890 1586
512 1138
76 1734
836 405
1088 1284
1317 1718
1237 1526
490 1758
1537 757
1490 1512
1782 708
2003 571
1592 472
1095 788
1172 1320
1333 1156
1222 492
1883 989
1287 12
1472 1476
1392 363
1088 1504
654 1779
1672 1238
1268 1994
1970 852
637 935
647 2020
1940 843
1216 398
1824 46
544 196
956 1480
488 1062
399 206
0 164
384 608
1766 932
392 529
744 776
1826 420
292 1240
190 628
1625 759
819 1187
44 16
1134 1164
865 1781
1192 441
2041 880
1476 45
1230 1352
1489 1910
1600 1718
566 469
1232 928
1165 1696
1658 1728
1481 1456
1872 1713
426 1514
968 572
941 93
993 232
1120 1288
1860 485
93 1628
683 170
132 1112
1803 200
220 1008
1660 546
1980 708
629 376
1712 1385
1572 989
1328 1450
1458 1982
1870 656
1732 1066
38 1167
1213 1308
834 796
175 667
1472 1262
1544 1365
1408 448
1104 893
1936 1642
1478 378
1488 1885
272 150
1444 1648
1024 1844
1056 1968
703 1155
1360 1296
1676 284
1311 1938
769 1896
735 534
1090 299
755 1080
812 256
593 616
1490 1764
1891 372
528 824
1320 1666
1108 2045
576 644
390 1082
2022 297
333 1968
1292 1714
962 1102
682 1614
1904 1112
1297 832
976 1778
516 969
661 534
1110 261
632 465
616 534
1732 1042
933 654
1927 699
88 483
1428 287
1472 636
872 21
154 554
1913 1953
1619 280
1238 1385
1600 1014
1602 1813
982 1159
1221 884
1094 80
86 501
1040 875
683 76
477 704
357 936
548 1604
1100 1032
64 1210
1456 1180
1877 287
964 1632
109 1040
2016 1985
1384 1196
1775 949
734 1379
770 20
1778 1537
1504 1727
1192 1670
1790 232
688 938
1948 1434
742 407
512 695
1858 136
1770 1275
168 802
909 1172
1758 948
454 800
832 84
1656 325
1633 1990
1202 1433
1392 784
271 1152
1315 350
1420 816
1204 732
1632 1803
1762 920
1984 816
1550 1400
361 1482
784 1124
752 7
958 1171
1450 1904
864 1024
628 80
328 1134
1162 766
734 1490
1937 52
491 1546
647 498
1110 142
1226 1885
1329 467
752 501
951 1114
448 1202
32 1396
1822 899
928 1491
1024 671
128 1968
1540 1652
1487 1456
744 268
60 1793
328 160
73 1690
1616 2032
955 1384
1384 2026
74 1114
1200 1008
1958 960
1096 684
192 320
1463 64
456 38
498 1652
1681 997
612 1797
1370 474
708 992
1353 104
1808 1246
360 536
172 238
1387 211
1600 1144
1336 269
1344 1563
1738 1428
1792 580
122 1504
1620 836
1312 1344
128 248
1068 1493
838 1132
339 422
187 2010
1416 316
1344 160
272 872
304 1142
716 1884
1356 1011
1735 577
136 143
146 1078
1026 1198
238 504
681 156
1567 1866
1764 1201
1868 912
550 1572
784 940
1840 1218
1562 792
512 1763
1780 17
1548 132
1024 370
1570 1612
58 574
1608 2032
137 711
972 1352
1874 291
1873 164
870 1000
121 1129
448 446
1444 253
698 476
1127 1027
1736 1502
756 862
1375 432
1814 166
1073 865
1552 663
750 1007
1180 369
2018 825
1104 526
1984 1650
1199 684
98 780
1168 290
524 1201
872 1296
98 1748
490 262
420 896
862 1424
1376 1792
1460 440
964 1464
1396 98
854 1373
1319 99
1443 651
160 706
1430 1156
1398 1760
690 1112
1812 584
872 1402
304 338
1677 40
220 1740
1194 1056
640 1814
1460 599
532 1874
1810 20
1122 208
656 1524
1299 1166
1718 1774
1405 954
778 683
1536 55
698 1472
56 1632
521 216
1922 952
460 1406
948 1370
1076 718
1865 548
1862 180
762 144
1788 80
1810 1920
438 981
536 893
266 1996
60 1785
1992 1140
700 1595
1442 770
1280 1788
479 470
123 1664
992 696
1434 705
1792 544
324 1306
563 897
93 1954
1300 640
668 336
1910 1622
986 1902
946 2040
876 280
388 2024
564 60
1352 1917
1120 611
1888 1667
280 1668
800 1566
1728 1800
1488 1750
1030 1852
537 865
435 1133
1916 1070
1000 518
1707 1133
959 1992
780 898
758 806
947 2008
1106 2021
601 1896
307 1664
384 760
1159 1756
92 1216
1600 14
1758 1975
1022 640
356 1546
1267 765
303 1740
597 951
8 472
888 1500
546 1870
1736 291
1700 482
1116 1024
1162 1432
1680 1669
1772 1920
1400 947
1677 108
664 1275
430 20
1292 1901
1134 1634
1491 1137
1171 873
664 1794
1239 224
1637 377
969 1296
298 476
1724 808
1624 1857
903 1498
883 1070
1936 787
1626 1132
1344 1426
881 515
950 48
1827 1291
990 310
816 1576
1344 280
1233 1641
1163 1136
1654 1864
854 1232
1162 1452
1516 2014
1548 519
284 420
512 1040
1324 1456
196 384
1964 1568
349 1692
1328 1957
1398 1556
431 216
192 88
1488 3
626 1342
1760 32
1420 840
1237 1984
503 131
664 994
689 1590
25 464
1870 839
496 1158
115 1297
1030 1396
638 544
416 1340
1118 1966
441 1598
1304 229
269 1474
794 338
1360 1682
1532 1892
848 1703
308 511
1178 2046
1199 1028
1550 1504
1990 1742
916 1816
224 1956
1162 1823
1340 1071
742 86
210 247
56 952
1056 189
1824 2016
1894 365
136 1878
983 1052
1090 1267
1286 1771
695 802
1700 248
96 1058
502 2000
1732 1812
601 255
360 426
892 274
629 965
1806 218
1536 1531
685 1400
903 1972
1440 1464
253 1692
643 756
240 569
1330 252
1956 1738
1848 151
1892 72
900 1248
1407 1084
1856 356
593 1078
1156 284
90 1988
1920 525
1876 550
1058 1688
1009 600
670 1240
1582 30
2046 1792
204 1744
136 1992
1719 891
547 211
852 288
16 1232
410 1490
848 248
1951 1000
1172 750
1070 757
1903 1356
913 206
342 1328
567 1282
1820 1502
518 832
1782 1860
798 1847
2033 1146
1846 1674
1220 18
117 352
966 396
1392 983
1358 2012
1480 1848
492 203
379 1594
1363 640
562 1429
1909 528
1886 1586
864 2019
160 1634
751 32
796 757
383 957
1722 1312
486 736
1117 1350
883 267
1532 1846
1184 1966
468 1477
1824 1880
1236 824
408 1808
1410 576
1600 708
912 1408
416 1390
967 666
1762 1872
1514 1544
1627 1146
1511 491
1356 818
1860 1530
1732 308
1113 220
604 1427
1408 1039
102 1058
873 1968
1320 1765
1070 139
1180 96
1092 887
1916 1612
652 1520
1120 54
1570 1248
322 880
52 1948
1548 428
992 776
1328 740
1684 1787
1722 1551
1350 806
242 1462
1339 784
1230 690
1760 504
1206 877
1200 664
337 1504
532 201
376 401
1436 1576
1344 1284
826 12
937 821
1943 190
1637 1139
1999 288
1152 52
1835 1452
1336 817
1591 584
764 1488
1594 668
1384 678
1674 1788
512 736
820 1494
1032 1377
72 952
1406 1536
1067 544
1116 390
1608 340
1535 1200
902 236
1063 145
1584 618
448 398
1303 287
95 865
572 1241
744 1144
1061 280
1834 917
742 1089
1096 1616
801 1132
80 977
1316 1482
1272 66
1816 742
224 961
1553 1978
1004 1878
83 2044
1547 1756
93 1515
1123 101
1872 210
535 1928
392 845
735 1158
242 1196
714 1257
837 660
1704 240
1782 439
452 2024
1018 1796
1620 503
1017 897
288 1536
586 148
140 1600
453 1769
432 1094
1928 1500
1912 1853
1952 1600
1132 928
1948 1520
1564 1652
1352 1218
1211 2040
1699 634
1899 1200
788 1352
496 1561
1364 487
1926 1064
817 1814
670 1038
13 10
1744 76
268 1869
630 1272
403 150
1052 1207
1934 786
1309 1214
154 1672
174 1111
1168 1808
1034 898
1084 1040
1304 700
1956 531
2006 524
1696 1768
1309 1384
800 926
675 661
1650 1440
1074 1888
1694 1105
101 1152
1828 1041
221 1580
1326 528
1121 275
1138 1707
1268 1878
199 544
1224 1728
1858 900
1100 1272
2044 1088
1584 986
1264 1551
1912 1131
278 268
1344 1775
282 992
1552 840
1512 828
1168 1036
1228 1484
1308 280
1280 1115
2016 980
464 995
410 864
369 1624
2012 330
92 48
623 606
433 1088
1060 812
328 1713
1505 725
1600 1725
1205 1156
53 1012
1637 2014
154 264
1920 1408
570 1822
1332 2
844 224
1975 713
1916 797
98 599
1216 150
154 984
1320 1324
405 128
367 683
536 384
259 1364
1136 51
416 555
296 1102
972 748
958 222
1202 1360
1324 482
1648 214
1776 3
1224 1823
1127 2012
525 1138
732 1306
1742 1736
432 702
1662 1076
552 1988
743 550
1878 644
1242 1294
968 184
56 1594
1380 1792
1536 684
344 1364
1850 1886
176 206
216 600
1584 1386
1412 222
1079 508
310 1060
1013 782
1594 1678
1920 1824
1440 478
1888 816
1421 1952
660 1870
628 1232
1579 1570
1239 937
1351 1796
736 523
296 113
741 232
880 2038
256 43
676 1024
1075 1880
84 217
1814 1772
1172 1334
434 1034
1464 1218
1304 363
753 1066
646 1952
1656 265
1381 756
630 824
32 1467
1200 552
1172 306
363 540
271 484
288 2043
128 841
1922 1225
720 530
1459 582
1521 856
1258 252
1634 1692
1628 201
1256 1840
720 980
224 1992
1903 1334
1036 928
499 1620
202 595
1164 1112
1071 1168
1010 66
1714 315
1602 1184
1366 162
106 93
952 1336
625 1312
1120 1078
472 1408
440 848
1700 2009
452 321
1263 2026
534 82
329 959
56 128
1914 666
1429 768
1581 1798
1839 7
1032 902
384 620
987 1017
12 736
1226 1972
1526 1294
824 1024
1774 1178
1231 784
820 1896
719 808
248 598
1230 23
987 880
122 16
358 1613
1616 1520
551 938
1494 1018
0 247
596 126
1970 1898
170 186
1990 113
1799 765
216 581
284 1000
1991 1188
10 272
1024 390
24 53
1160 2016
374 1652
160 200
1214 786
1502 876
548 1145
1543 1950
1069 760
219 166
1325 73
158 748
234 1704
1216 957
1884 42
1520 708
708 2006
1264 1670
1123 5
293 1288
1437 738
196 1224
1036 1891
790 1910
800 1778
879 664
1677 336
1600 545
395 1205
642 1190
245 1543
13 54
566 466
1556 360
923 1192
178 984
1718 1248
192 640
328 424
1983 261
127 996
1298 788
1678 488
1992 44
432 1040
896 1904
1432 924
1198 876
756 1770
512 257
1074 881
1239 1544
560 196
1698 62
1355 1400
507 184
470 157
538 1722
1002 1680
992 1088
1445 296
1505 241
436 405
816 1677
1610 204
728 1540
1186 327
606 648
232 870
2023 1975
128 216
0 699
609 1060
158 1370
1280 150
1669 1974
486 577
1080 356
1025 984
1651 1600
1308 1673
1504 1340
1104 1515
738 124
1472 406
495 752
1996 1926
118 1284
272 403
1356 1017
1600 636
151 1122
1218 517
1056 1730
252 768
1052 988
129 1334
1878 432
1728 913
1640 604
1454 1187
1734 1743
456 171
101 804
1460 1429
1720 1264
1261 855
113 40
1837 1562
476 544
90 1768
681 710
2047 1841
1361 1340
568 399
218 2003
814 376
88 520
1696 1086
2044 736
1676 328
234 1216
1796 1109
167 1276
1226 280
1130 864
1700 1720
1741 2014
1173 344
1592 1368
2040 501
1659 4
1912 242
475 112
1828 644
670 1932
960 513
656 152
592 931
1297 1687
1126 1984
88 997
841 1505
1000 144
1294 313
1096 1120
732 22
192 1217
1145 996
320 1774
774 774
200 1292
1790 517
921 377
1448 826
1877 880
1764 400
876 1352
1017 1384
922 480
1248 1817
402 1648
168 224
961 1368
1998 200
1164 792
797 1095
1740 164
1634 871
1304 931
920 1356
588 0
686 92
794 804
504 1300
816 236
1488 577
1414 1948
1727 487
1140 719
194 724
688 836
843 271
200 187
1756 983
684 1883
1233 96
305 727
715 958
887 980
1914 68
665 936
1648 536
320 1686
738 532
1974 706
1290 1514
1044 1931
815 212
224 480
1100 1716
1364 176
782 1273
1856 1970
70 1411
1538 1782
913 1220
572 2046
1608 1328
1076 480
1048 1803
1376 1387
848 0
2038 840
656 999
1253 811
1894 1845
1846 1952
1834 1142
728 1065
104 1182
1979 388
2016 833
1921 760
1124 678
1953 610
1022 42
659 738
1791 1501
1284 305
772 742
1547 1972
1170 256
1904 1141
543 416
530 1910
972 1487
1516 736
791 1970
560 704
1532 1616
1168 1991
1927 1670
1882 1578
1582 1941
346 1404
1251 464
1603 109
1060 2004
152 73
295 1536
713 1744
527 1232
888 1232
1593 577
1068 1106
2027 1551
897 640
608 22
1366 1360
1266 663
1976 983
889 1588
1148 84
178 440
412 622
1524 1140
4 1614
512 254
1584 1680
144 1919
1065 1020
166 1574
1161 1608
1664 388
1476 364
71 72
1498 668
1850 1031
1502 204
528 806
512 1776
744 1412
1045 786
168 1364
1080 1408
671 1092
1512 1792
566 1933
1588 1950
824 1947
226 1642
796 2040
2012 0
1432 292
1524 952
529 58
1514 312
1475 764
1845 350
1912 1893
730 1475
956 1752
512 1615
104 1970
1508 1152
1150 1148
682 990
188 1536
963 1280
1884 1220
320 1284
420 1154
1942 1945
1616 481
522 1262
314 1966
1101 974
141 1501
1708 288
1888 1488
1545 518
505 1528
972 1415
1920 1737
768 1552
459 1226
192 95
1584 1865
35 1260
1816 624
1108 1384
352 42
1296 1816
392 832
48 670
1780 1508
896 554
523 1323
396 1752
1904 1592
1956 918
1680 548
662 1953
40 1160
323 1168
588 1830
1204 376
676 140
1207 722
1163 248
411 591
1984 1572
1654 1656
1060 150
1396 1570
1501 1007
42 302
945 1352
337 1625
832 1130
1396 1474
1968 391
2042 1940
1664 1311
1912 16
1682 20
256 1084
902 608
939 1448
845 1877
1140 1816
1466 1268
448 576
1408 1708
1664 1042
532 847
1896 1424
571 783
500 1812
1322 1423
1305 808
1712 1928
1904 63
200 188
1320 512
1504 193
1176 1462
1419 232
1378 960
147 640
1572 1582
928 1080
400 566
1211 174
1938 1932
372 1519
1925 1944
327 580
151 485
1755 1197
624 1988
487 248
613 1846
628 167
692 620
1536 1236
1298 154
968 552
752 430
621 1600
800 1508
1632 756
1862 32
1370 1016
1984 1713
1930 1960
536 1489
1082 896
1092 1216
20 490
320 1410
1766 1122
1825 453
1002 274
372 670
782 933
1920 849
1084 1327
117 1538
536 1716
976 1143
822 706
1460 456
1571 1720
1897 230
1788 1369
1651 1198
1116 997
1614 1880
424 412
675 630
1275 944
1248 1536
183 640
1276 846
1045 1774
1620 4
134 208
1219 224
2040 923
1695 1904
827 693
1272 1066
1528 125
926 1838
1662 862
1925 426
1754 850
1020 18
1835 1832
1066 13
1478 1764
738 292
746 1818
464 1455
1416 534
1232 1334
1734 204
133 1408
1712 84
768 1527
80 1220
294 4
2029 1026
1700 504
1312 1779
1435 1834
56 2034
1315 800
1494 1967
371 339
144 1626
1297 642
189 630
912 1384
43 256
304 1760
388 1548
976 0
696 1983
546 1257
980 956
758 1592
1085 906
163 1205
1000 1443
390 1248
1345 108
944 1274
1615 240
333 168
1735 792
400 1636
792 350
1696 404
1792 1776
1502 1104
1287 1256
1572 1348
22 1806
1284 179
1623 1233
1954 973
240 853
1500 1508
48 1069
2029 320
1826 1035
1791 256
1598 296
48 641
964 1172
302 522
1062 1224
1792 1104
890 1268
1618 1292
636 1537
1170 1352
1568 1025
1827 1656
1914 1120
103 744
1670 966
136 138
1960 250
919 821
892 846
341 781
1920 1548
128 303
596 139
352 1359
1033 1322
1824 456
1294 1506
1408 732
1304 992
880 492
71 1412
758 1850
1688 95
1534 967
1868 1504
1621 1732
495 480
400 2026
177 1963
1504 1250
784 928
1017 1770
0 1936
1479 2043
96 1808
1806 1842
732 880
1724 1840
1598 1344
2000 248
136 736
584 693
1342 307
1344 236
1808 544
1425 1472
1490 1731
1691 702
240 1467
720 1434
464 2006
152 1740
1950 228
1892 1634
1742 1688
1354 200
92 1319
1160 1048
1134 1254
1496 1016
108 1315
1699 214
2011 988
699 152
1320 300
364 808
372 575
1698 1880
1728 429
1628 487
602 1724
1050 398
1166 991
1917 895
1752 752
1510 692
1144 56
686 516
1498 747
960 1812
938 1179
952 448
1268 480
928 1240
698 1513
1581 1592
122 306
2000 1498
832 1896
1536 996
1310 961
726 235
868 1457
1834 1191
1896 1968
1756 258
320 1242
1995 992
1551 1984
619 514
2015 522
1807 1398
1626 1472
824 1579
300 1458
888 1804
257 1114
1664 1008
960 536
1691 1968
1308 374
292 1337
1738 64
1678 368
1744 1712
1751 1272
37 947
1332 646
1537 704
1495 1477
768 2022
508 742
1615 1099
304 1948
259 1293
1612 1798
1863 1177
1104 9
39 1104
880 1896
1802 142
705 1568
1920 2002
15 1256
712 1424
682 270
1865 1381
940 1593
280 1322
1759 1211
1871 270
861 828
182 42
3 376
576 529
1024 712
910 376
1948 1773
268 2040
256 134
731 1920
72 912
1708 480
632 688
62 1144
1060 1470
592 1592
1746 296
1568 1088
28 624
1198 1354
376 254
1943 1150
1144 368
1790 980
1008 1264
1815 1736
192 1304
420 1134
1896 1068
332 1340
336 1041
1408 1504
1283 644
1593 660
1848 448
572 324
1416 1504
784 268
2025 1641
1129 593
1362 440
1240 58
564 208
832 1056
1018 1798
125 472
1304 1700
154 1605
1514 825
752 342
837 250
633 1567
160 672
2028 928
858 316
1609 1702
568 1192
489 312
340 730
403 524
1516 1718
240 1993
844 620
608 788
32 425
1376 768
564 1170
1160 0
690 235
1904 372
80 22
288 448
1450 366
1528 1880
1225 1642
364 1263
112 680
1016 342
952 1212
1239 69
816 1164
1400 1017
977 876
920 970
1872 1077
786 658
374 1116
1584 808
1068 1178
656 969
269 1063
1255 500
573 787
953 1099
1502 1052
908 1361
256 118
1208 358
347 73
354 2019
108 819
354 1544
36 828
813 1951
34 1290
1088 1268
1318 638
360 477
520 229
1774 1152
1180 86
1068 1874
1424 712
1320 1048
640 392
1672 332
1116 730
1826 312
1823 1698
1986 1025
1760 1860
1491 467
1969 1393
1668 1992
464 121
1178 979
494 1521
1427 1369
1381 1180
845 1182
1158 80
1724 1927
876 50
1890 558
306 983
1812 1935
697 636
176 1760
600 1464
358 1692
1314 1691
1443 1745
32 544
1089 1084
980 1720
64 887
1184 1247
1936 1903
452 1198
1201 870
1090 1958
1176 616
1130 1008
1450 1450
1974 916
1161 767
465 1480
1586 304
792 1361
1390 12
1728 1736
102 899
1142 468
1734 1287
1036 534
430 2023
1787 2020
1060 1192
1376 1931
1556 1101
1064 1834
1796 1165
275 352
877 970
1360 188
1748 2000
1604 1483
816 512
1756 1828
448 1058
1858 1120
1888 974
1320 1208
638 1092
1732 409
1934 1759
388 459
1465 1905
742 1348
1352 47
932 1470
236 1333
192 268
1682 284
841 1440
1920 1446
1696 1562
1840 740
1576 297
1485 1408
1276 731
1129 1732
1506 836
790 1532
1252 582
731 1710
1596 484
553 896
1152 1704
164 1712
914 1844
1992 1254
103 928
1964 626
1490 192
644 640
1752 551
1273 914
1032 290
34 1664
1577 1480
1028 24
1652 1704
714 96
1898 1466
1239 40
115 1770
506 1930
216 528
124 1928
1763 760
618 1424
1524 968
1644 453
1710 828
1884 89
143 124
1904 429
1585 1589
1767 1526
1432 1242
108 1368
1089 442
484 1598
482 196
1102 1593
464 330
640 2024
306 1608
953 763
1694 1040
192 725
257 1181
960 928
848 1820
490 1833
1018 192
277 936
429 600
1989 89
484 100
1286 1306
1570 1266
425 1563
63 370
536 1598
1118 1824
1585 672
1062 136
2031 320
1167 954
727 1936
832 52
1790 396
670 1418
703 1840
1269 1435
272 50
1834 1723
1656 360
1497 713
564 1121
1348 1363
1570 1362
1721 810
922 1476
1018 353
1626 384
1609 1566
1360 1280
1368 126
1904 812
1438 922
192 1351
1536 1080
1894 304
638 1304
1624 1552
496 1648
1824 1224
648 420
1026 1360
1338 584
376 92
531 480
1170 1616
1935 544
512 681
1026 384
1684 1896
1881 132
1742 170
140 241
1792 1899
418 1604
1332 416
1960 2020
732 379
1181 805
1058 744
1046 247
686 1392
58 1172
400 1468
1492 1764
1412 428
981 448
1697 446
1508 46
120 918
2043 1603
1696 857
1372 1504
1312 548
746 690
1568 1256
962 1352
1116 135
208 1840
2036 1196
1780 1324
888 308
298 492
462 380
704 924
680 136
1218 1632
1834 1480
590 544
1682 1780
1358 1119
952 728
0 1469
1621 1421
1440 1723
1868 6
1274 596
304 546
358 1579
876 1328
784 1250
402 432
1624 1124
1013 1139
317 124
836 723
1868 140
148 110
1559 1836
1688 562
260 484
1980 444
1817 1190
1307 48
788 56
8 1056
838 224
1471 746
960 1837
256 758
10 1401
885 2030
954 1375
1200 1863
514 725
705 1340
1218 1292
678 1244
371 520
1262 1252
690 1515
1047 254
624 1092
75 1617
1065 1388
591 324
1354 1994
1949 672
1605 1354
1028 32
1754 1468
601 1572
1964 380
686 400
325 850
1308 62
2021 1254
4 1000
704 1594
1481 512
1844 1167
2028 858
1360 1216
474 864
780 1253
1590 1472
1585 1320
1703 1580
1293 1602
1932 592
480 1080
1576 1146
1040 1224
995 1308
728 324
230 1048
378 552
1024 490
232 1802
765 442
592 1463
1069 381
1476 996
1936 880
1920 1728
212 564
604 916
1744 290
506 640
1489 528
7 1592
609 998
1525 406
2027 38
1426 1720
1757 1704
538 631
1894 1239
1792 1137
1437 1646
1332 1724
793 1177
1920 1609
1296 274
426 1672
124 1932
345 1990
892 304
61 968
1312 1984
543 1626
384 1592
1794 862
760 1473
334 1877
564 840
1940 868
1748 1614
532 85
187 1996
1700 1123
1936 924
1386 1447
2030 1860
1336 648
1660 48
2012 1980
370 1813
610 936
1556 1212
312 1744
1302 1900
1832 274
236 456
272 600
1632 476
860 384
348 581
286 1564
400 1902
1454 960
56 1504
0 537
1155 565
991 1944
1507 1810
388 87
530 1537
768 560
1630 512
1518 1222
1608 1096
1287 48
770 812
1198 432
1857 561
303 1417
256 1002
1602 1408
992 24
276 1802
646 1541
1891 1318
704 992
1529 1187
1660 1608
1440 982
1448 462
904 1296
149 504
1476 977
1074 537
988 1880
138 1028
754 780
2029 0
1256 704
1102 1840
520 1783
22 47
1048 1466
1040 2000
776 1038
1934 1164
1830 611
1504 2015
396 1425
654 128
640 1302
1640 769
1266 1472
1896 449
1674 712
1148 1568
1611 134
132 106
1284 392
1180 1473
192 256
2008 1600
624 712
1082 1715
1614 560
490 1523
152 1899
1750 502
967 38
1702 652
147 937
1344 415
2045 1502
1720 1665
896 340
1724 1688
1543 480
1937 1272
361 2014
580 2022
1684 1322
246 284
500 24
1200 795
752 1120
1978 712
1496 700
1240 1605
606 652
791 850
1442 1552
1771 568
504 463
1474 1869
1966 12
1520 174
1664 1990
960 760
1608 703
200 1490
1224 850
704 48
285 778
128 1416
1784 1578
300 1936
192 110
758 2045
2002 502
66 132
1620 1042
1108 1918
190 1298
1084 582
1061 1261
1528 1536
546 1748
474 472
736 638
1085 671
1225 50
1317 470
496 445
66 2001
908 1032
1754 320
584 1259
227 1954
256 987
358 908
689 698
1673 1174
1716 999
1238 712
1978 789
1518 1338
840 412
1073 519
1182 816
476 1041
1819 1620
336 356
374 1518
775 1904
1370 1724
633 710
992 1403
95 240
192 392
196 1336
454 742
1353 1758
258 619
260 2047
1680 812
888 97
1156 704
752 3
408 580
1166 765
1756 112
128 2022
1470 1398
1668 1338
994 1007
203 510
151 572
1990 1269
1408 1279
1112 1334
1072 1680
1020 98
840 1103
1244 871
930 545
870 1928
588 633
370 526
45 218
1622 652
1637 1382
1094 1602
1774 1644
1112 757
1184 1160
6 276
40 1880
472 177
1746 1226
752 826
800 975
1480 1940
882 76
419 456
1884 1583
1452 198
228 564
272 1716
841 1814
1729 816
1073 452
1750 111
1823 940
716 491
158 1176
1116 274
570 1120
680 459
1464 296
1448 607
232 838
0 1398
1487 1012
1366 1276
608 406
496 1936
224 1272
100 1928
1642 1800
212 96
1315 1066
1288 924
436 1678
1784 663
368 588
1623 1546
916 1779
734 1084
1956 1062
82 226
845 652
1501 744
468 1552
270 1704
808 497
16 179
1472 998
912 90
1207 549
696 98
1821 1401
687 381
744 1264
406 40
1512 824
77 1770
608 1645
576 521
1899 1408
144 2042
940 512
1744 1564
79 1310
56 1452
1110 1158
410 1154
1830 38
1272 574
1880 1137
964 836
1276 1894
188 1330
1214 1216
995 742
1128 1676
390 448
610 625
656 1600
1224 579
1984 890
660 1570
1310 444
1590 1904
987 1744
460 243
1887 1739
1262 98
186 23
1770 856
1568 825
2009 712
0 837
128 1586
629 1727
1840 1048
544 414
2028 419
1672 824
1242 372
812 737
1204 1102
914 416
1867 1520
1793 39
100 1184
448 652
1364 2014
1667 1042
1430 448
660 925
988 1704
304 702
1852 1494
1868 1088
1852 928
1234 532
567 608
1470 1088
1469 697
661 1737
1480 231
1768 650
1072 800
1888 1249
1099 1239
156 320
776 1023
78 1608
734 139
1572 1636
1780 1960
1780 1404
577 1378
116 1826
421 1856
1204 1021
1864 1882
1523 42
1948 1900
272 274
274 504
1488 1551
1828 141
1904 768
862 1822
1858 1600
1606 1764
972 860
885 1048
1983 164
2032 1992
1792 1136
1555 104
952 68
710 1407
1162 1216
1812 1439
1904 1549
1216 1168
1638 1816
1956 1060
944 256
1374 1755
1334 1437
1728 1168
1972 650
494 350
1600 1396
2003 1138
1674 676
1184 1434
1116 630
736 1796
1194 1260
1424 1206
741 1592
1282 1248
753 204
1240 124
35 996
56 986
584 96
176 1186
1612 908
188 1102
1080 1776
78 1852
304 105
824 1745
1732 1000
305 2026
