5000
219 672
488 788
215 774
11 940
124 351
432 520
790 756
427 626
208 762
0 816
920 280
268 597
970 224
665 672
270 513
252 784
635 86
908 318
691 392
612 721
610 442
689 502
312 928
854 581
600 590
290 656
784 725
352 718
688 845
767 688
168 96
39 637
0 314
314 239
572 336
1015 214
150 1002
1020 546
874 396
300 416
136 99
470 146
246 132
296 868
335 738
858 220
840 994
898 711
910 668
876 858
836 976
476 0
0 250
12 592
508 33
604 453
503 214
368 324
672 619
208 383
912 708
322 134
704 1009
22 136
282 451
445 64
608 771
968 472
822 728
236 780
968 696
576 576
646 325
586 795
516 444
173 240
28 804
715 434
984 188
939 14
272 812
310 800
449 538
0 635
164 580
992 704
101 676
274 232
935 130
464 173
321 64
821 454
616 336
48 687
1006 749
960 386
144 823
688 64
702 422
376 431
559 510
306 854
72 696
451 862
590 183
344 99
319 332
310 288
376 326
520 546
512 290
769 608
374 891
277 492
728 874
656 488
284 735
384 8
906 216
204 476
221 345
340 192
270 156
248 282
800 288
380 435
154 400
466 360
794 603
630 548
118 896
541 311
153 626
460 480
36 505
684 66
386 888
840 576
734 539
0 701
566 356
590 366
384 383
80 110
474 329
802 640
222 808
313 685
224 804
259 648
751 72
153 995
24 122
280 748
78 413
624 672
220 959
805 832
152 337
485 448
477 110
932 724
878 708
532 464
735 408
248 756
736 942
966 110
352 160
976 770
165 101
510 843
816 710
652 886
182 944
720 929
576 696
132 82
48 642
192 898
930 309
265 704
361 1015
600 0
684 939
388 13
492 768
146 288
992 56
515 934
826 226
116 318
240 406
568 645
412 694
738 901
616 2
756 544
99 977
40 826
897 268
490 838
124 977
616 847
848 266
120 602
908 502
15 312
49 49
544 343
312 362
396 55
640 966
174 96
182 138
5 60
912 571
96 428
647 268
350 946
116 435
221 564
385 568
836 962
284 33
760 472
726 585
968 324
623 874
76 448
144 859
536 709
631 614
550 1006
104 488
491 356
1006 724
664 799
272 816
708 840
776 646
864 560
67 900
777 42
618 946
926 808
1 1020
1015 736
801 246
444 430
263 156
618 732
546 13
132 49
132 851
1002 704
71 803
695 90
518 627
242 556
1014 628
889 957
356 485
716 555
344 394
784 508
2 215
660 800
730 522
526 476
826 588
120 126
1000 177
981 104
571 314
754 112
2 281
1019 713
906 321
341 510
640 857
899 133
400 646
916 415
368 398
691 428
620 578
798 872
260 666
628 160
770 58
135 376
376 685
470 764
398 934
848 444
597 798
494 176
444 974
240 1004
260 518
167 851
530 714
620 818
588 136
902 445
116 272
657 72
297 699
278 898
512 696
740 840
248 968
397 359
512 856
188 384
120 941
729 64
808 816
558 558
316 929
404 392
837 480
572 899
434 346
10 650
624 145
926 960
990 284
823 606
756 776
0 764
599 929
486 792
996 930
574 641
800 559
504 670
258 388
656 528
553 286
996 808
762 32
108 984
25 896
518 104
156 511
253 32
750 92
968 173
332 392
706 345
455 62
227 596
264 800
274 320
704 486
168 562
142 884
32 38
293 560
314 628
875 847
985 204
612 776
481 529
1008 538
384 256
654 876
698 461
958 512
236 58
514 540
637 440
38 83
638 504
610 256
261 38
893 944
235 674
438 478
142 432
642 911
851 593
54 568
920 557
572 432
824 367
776 440
587 334
936 890
519 1014
567 41
936 49
315 597
856 342
341 934
38 380
889 268
135 380
971 920
450 862
231 542
372 805
1 102
0 289
404 762
546 778
562 535
368 900
529 432
929 320
726 94
569 558
640 760
918 721
608 248
808 262
572 902
891 552
1012 854
736 632
109 992
432 940
159 518
848 380
446 64
303 808
573 461
540 859
321 577
778 301
46 754
770 24
781 736
168 736
472 815
330 626
916 173
926 788
318 468
710 19
537 621
790 498
686 776
192 236
722 290
14 520
508 212
512 874
516 564
144 466
868 399
500 321
880 302
189 830
618 722
900 292
102 607
909 1008
827 112
484 605
772 800
311 86
957 896
50 208
788 404
899 668
466 263
564 317
68 722
533 254
454 213
360 459
354 806
94 560
296 670
184 761
715 704
358 72
878 388
465 246
808 166
650 853
63 694
0 106
226 184
668 83
736 24
1012 600
54 200
872 445
228 114
824 264
37 854
698 685
446 676
153 680
120 404
192 80
575 116
26 763
800 280
239 2
678 576
508 64
405 556
568 466
944 242
204 298
348 82
848 366
448 158
907 594
802 426
780 194
703 420
198 414
320 315
972 40
435 284
378 344
104 225
597 464
602 420
568 172
677 185
948 78
491 826
443 0
671 798
832 532
703 935
182 371
690 619
994 16
88 542
14 53
687 111
424 706
944 792
592 402
507 572
752 422
910 514
52 315
156 369
520 305
461 950
508 48
448 104
830 80
184 88
64 544
314 108
375 208
91 431
810 802
24 610
312 692
66 306
486 499
380 918
72 896
337 517
892 126
883 533
348 280
589 852
192 700
445 166
495 438
326 312
8 436
588 852
175 712
484 946
840 572
554 832
1011 726
550 826
34 334
338 394
688 948
988 741
288 296
66 135
248 142
496 859
100 104
823 796
148 341
712 984
584 582
262 526
184 813
768 692
850 260
154 265
833 564
832 240
916 149
708 761
902 329
48 247
630 648
1016 583
612 398
216 652
128 96
990 334
484 918
367 689
808 88
440 83
555 632
38 1011
866 758
368 462
128 988
465 395
694 935
822 776
181 610
165 344
896 867
1003 540
656 704
674 853
536 305
688 848
995 72
768 232
801 576
736 145
484 922
226 710
880 962
648 914
574 560
388 857
384 1011
522 16
24 680
452 57
478 256
70 208
392 36
712 380
16 569
980 132
208 736
28 488
860 264
88 123
352 724
246 768
882 24
316 188
328 948
100 516
654 994
280 731
704 438
1002 983
396 432
120 944
572 836
264 944
482 424
601 905
819 380
761 836
146 882
652 334
580 62
256 302
928 975
412 1020
534 376
741 713
176 992
202 772
963 341
367 686
421 408
108 256
892 496
105 472
804 16
736 988
86 355
68 648
628 207
512 712
176 908
576 138
864 813
864 544
783 672
632 908
811 996
85 416
192 288
866 834
78 176
245 19
0 157
980 346
342 108
980 502
720 652
488 568
198 410
533 836
1004 914
578 124
119 521
625 308
63 578
896 886
362 419
963 304
332 110
800 119
58 128
487 232
224 461
26 913
672 706
104 374
128 936
916 629
600 136
404 608
768 333
98 1018
324 532
832 737
416 334
406 853
992 473
477 913
345 956
274 624
576 526
632 512
344 424
767 978
515 928
928 260
478 906
818 558
562 696
274 880
160 1023
637 987
66 138
883 764
304 680
870 435
26 570
912 428
828 924
836 403
908 514
512 380
245 180
544 30
7 995
948 487
570 437
39 106
880 432
116 558
32 1004
783 640
761 65
240 948
551 182
502 728
1004 14
806 364
6 762
336 31
405 188
60 512
614 192
488 4
511 475
280 81
937 676
769 952
736 868
24 812
71 140
432 72
706 832
274 312
544 822
915 560
106 628
398 48
555 212
353 861
619 841
933 849
446 31
163 322
880 840
1022 85
94 476
84 45
306 0
836 92
152 79
120 543
460 112
853 81
128 351
16 550
831 364
224 624
154 31
536 678
1012 371
776 554
80 98
103 130
787 320
57 548
504 57
516 191
768 288
856 448
246 990
490 95
265 104
724 579
484 524
124 7
814 146
161 858
568 80
307 992
800 299
276 22
74 459
764 720
866 1005
684 772
338 1022
932 633
928 270
78 214
724 516
348 344
71 299
736 122
603 280
808 196
430 942
320 344
204 1016
568 329
762 322
182 510
358 470
764 752
618 292
958 294
532 364
526 704
40 557
256 455
878 320
160 828
222 380
378 865
300 298
737 213
468 644
617 989
67 646
483 816
490 219
497 356
856 312
811 925
958 349
558 800
947 600
936 762
436 904
544 752
752 600
0 1006
804 335
529 949
140 178
955 256
940 152
1002 128
136 748
513 256
130 148
635 71
270 66
485 915
984 805
856 745
796 776
174 520
942 481
240 292
844 510
716 634
835 984
46 694
328 862
288 592
532 800
256 886
280 570
588 544
874 536
688 216
3 765
850 184
472 560
358 446
584 616
920 728
0 320
236 129
216 454
324 996
394 612
583 528
361 579
805 220
662 290
92 17
565 900
396 412
757 778
952 502
1014 822
630 740
530 950
448 445
733 773
780 594
928 952
665 325
801 222
429 751
730 430
628 337
238 946
32 960
79 866
560 108
129 168
812 472
483 32
229 296
668 934
644 767
500 270
148 700
181 17
882 463
418 546
226 500
720 744
600 910
100 415
518 656
19 734
214 794
476 624
476 426
980 836
546 213
401 922
899 363
962 772
3 948
732 860
1 320
816 540
652 924
770 100
824 331
721 22
72 316
418 886
422 998
935 896
11 964
8 96
0 272
889 437
966 664
798 290
281 624
270 776
922 528
955 381
908 668
762 338
818 586
209 278
418 172
675 292
312 964
762 28
20 768
360 648
211 404
784 416
197 848
277 965
918 756
696 338
854 66
439 62
282 568
33 60
720 820
668 681
840 717
314 334
589 433
572 794
856 136
182 15
787 5
562 64
948 803
320 646
300 326
866 160
452 579
865 954
344 889
32 842
918 818
900 784
517 704
400 512
66 0
231 862
299 559
300 439
1018 464
596 262
536 180
920 838
342 138
731 350
94 930
434 160
976 424
900 72
292 648
815 832
245 476
528 312
34 542
326 544
716 602
8 334
850 288
944 422
214 103
863 316
328 819
256 480
436 930
919 176
312 848
717 748
114 80
753 300
804 584
100 3
90 36
877 748
868 740
576 846
496 340
236 175
670 422
902 179
448 451
534 572
758 587
959 840
92 476
648 54
96 946
184 84
168 49
584 491
236 6
737 124
683 342
504 133
390 519
877 260
864 309
62 360
800 415
760 712
438 114
768 105
869 598
532 930
379 640
784 805
988 368
97 659
976 134
645 552
12 852
284 256
148 960
64 581
842 416
702 268
764 178
944 373
960 229
200 881
336 472
968 600
156 117
924 677
568 40
620 1011
824 868
64 234
732 42
511 918
966 931
824 957
490 428
846 958
114 778
61 78
216 864
1023 94
739 24
11 894
982 190
436 644
40 559
126 513
772 176
164 686
382 692
568 652
257 657
127 130
256 1001
828 174
396 698
66 642
966 874
275 200
36 667
584 348
780 406
460 109
306 227
416 932
508 727
477 476
45 371
110 254
198 292
298 220
125 154
598 502
829 110
630 512
668 586
156 826
556 795
204 231
108 999
980 256
283 382
132 321
181 563
400 676
848 660
962 856
317 206
515 720
928 409
1009 732
608 476
832 172
795 233
762 732
368 276
352 972
640 526
416 148
224 76
960 82
988 976
885 852
644 0
968 787
323 224
794 972
1022 866
665 461
924 218
480 837
589 402
119 322
694 793
285 252
144 104
58 222
661 380
942 955
148 704
528 502
756 86
473 188
284 32
844 93
607 835
826 572
828 970
993 927
253 805
154 443
352 752
972 82
823 710
304 845
428 816
897 0
643 368
727 994
98 736
924 320
688 978
847 898
191 940
274 578
627 102
394 760
720 20
732 336
784 244
378 224
991 904
1008 656
358 76
147 172
70 964
856 256
658 518
381 284
628 709
650 502
80 33
998 382
923 168
10 480
384 996
135 663
426 973
18 120
568 61
180 270
856 616
802 279
894 464
308 336
968 372
0 336
325 309
200 721
363 996
782 902
281 1000
640 820
336 192
608 580
458 236
512 433
947 811
0 285
831 106
294 160
510 628
622 411
528 724
384 442
276 156
242 779
624 743
70 55
704 908
858 760
984 353
69 142
834 0
453 684
151 768
194 96
878 564
681 896
852 536
441 900
368 72
788 212
755 172
336 231
952 800
413 582
999 806
500 72
482 742
833 884
704 888
792 122
90 8
198 934
1022 806
312 990
944 452
636 906
302 456
300 984
411 112
962 743
111 746
430 48
4 256
504 1012
138 129
262 356
104 970
488 912
546 234
878 391
64 980
828 768
736 20
876 400
552 913
492 984
908 326
992 148
430 768
586 384
634 660
20 1009
233 934
441 936
191 807
930 932
76 764
124 122
341 275
554 248
1023 340
808 582
555 924
36 512
876 126
222 64
365 929
666 406
757 148
637 507
484 322
140 624
883 748
544 818
568 960
4 731
176 287
886 910
287 688
489 512
164 612
928 182
966 896
169 706
476 754
609 904
330 172
8 472
818 496
153 16
490 205
998 756
344 374
855 405
400 749
926 208
991 586
27 973
263 464
994 473
96 608
799 81
512 722
682 303
412 514
542 872
32 199
184 96
720 256
346 764
352 448
256 284
631 689
766 439
384 528
107 512
384 444
576 273
420 374
820 723
536 926
758 588
368 925
260 52
144 672
560 518
978 837
608 962
316 312
692 480
974 484
812 415
56 21
682 385
176 384
514 969
808 682
617 237
870 880
998 108
386 480
860 730
4 453
680 764
218 983
1004 666
79 224
632 92
674 548
852 128
83 459
657 416
845 30
134 110
153 806
871 196
248 38
916 426
861 204
1012 252
818 748
936 960
362 838
974 769
68 292
52 290
216 231
288 307
114 480
896 926
1018 28
752 240
34 420
648 620
208 304
796 328
482 858
824 204
75 584
72 17
6 144
918 492
68 864
0 546
148 928
180 85
478 960
692 557
651 41
0 720
830 578
5 858
464 476
720 603
718 484
874 954
983 571
869 43
168 554
696 604
133 508
434 176
715 1018
176 331
695 669
99 336
452 153
196 422
728 972
1020 1008
708 776
740 862
228 905
736 490
980 844
448 8
540 755
94 992
546 176
43 10
334 920
707 288
437 938
875 475
398 590
11 158
618 430
683 59
962 382
58 480
736 336
773 743
120 779
312 448
209 920
472 124
961 960
672 999
1021 502
449 620
50 737
787 326
624 680
558 599
10 845
552 771
694 620
587 1005
504 892
712 504
540 109
900 928
811 133
16 614
576 156
390 652
66 325
991 246
284 159
808 240
320 906
906 432
562 108
146 186
564 743
910 721
452 932
258 454
640 979
149 125
92 858
868 658
739 469
160 744
327 256
796 352
821 177
520 48
846 346
48 1004
224 712
552 98
100 304
256 161
380 364
837 125
902 603
860 930
816 344
236 188
476 706
174 522
880 809
718 70
309 240
1019 399
955 734
1016 472
680 335
286 224
598 385
296 188
941 620
372 80
458 747
112 280
208 164
690 482
768 456
914 116
555 680
674 944
764 442
376 189
317 334
444 724
959 2
256 610
733 680
41 24
54 362
570 952
44 86
342 874
368 544
290 864
465 987
933 279
601 453
781 974
787 261
78 935
560 21
237 332
987 684
220 631
812 608
228 601
76 984
896 48
279 576
856 947
149 523
894 459
399 810
930 300
456 16
104 868
84 79
688 379
928 29
794 372
210 258
872 668
216 480
16 248
260 768
77 285
508 194
496 890
597 809
432 442
64 308
860 330
0 688
49 662
729 373
405 40
788 959
944 344
484 149
736 56
588 172
588 191
570 944
1014 58
824 378
986 662
784 481
428 340
1022 645
122 96
397 333
528 914
314 1017
1008 576
160 16
912 693
822 658
782 486
16 227
196 494
491 602
890 437
350 272
943 595
229 336
842 946
834 480
162 775
560 494
948 896
87 349
648 480
72 704
483 859
980 672
245 148
194 160
448 688
636 112
1020 584
207 216
848 56
136 217
979 61
583 390
788 32
811 536
18 747
74 858
80 704
395 742
906 936
772 192
296 616
549 406
286 736
802 166
454 1020
522 400
8 844
220 103
616 440
821 800
880 123
150 58
731 367
187 656
904 676
270 184
256 755
103 64
834 948
480 721
552 499
839 890
931 916
491 360
807 712
920 604
542 720
239 45
960 925
306 302
924 561
501 532
152 116
161 817
217 1000
859 461
128 320
564 604
516 162
891 401
856 270
1000 995
770 779
666 384
240 901
648 673
176 877
64 144
589 946
486 456
871 290
451 368
157 764
561 379
512 240
656 544
952 680
964 514
189 358
816 861
11 43
160 96
874 672
893 485
984 498
303 56
478 26
446 318
329 226
304 832
488 439
336 606
868 952
414 772
109 476
202 696
188 238
576 256
618 411
664 742
689 603
655 192
986 533
982 204
619 280
748 224
458 24
160 288
922 1023
666 971
655 627
0 532
13 512
640 616
160 308
804 109
146 608
656 856
197 541
509 803
706 862
799 568
896 588
746 96
372 384
550 466
165 626
141 640
208 564
1017 818
584 106
736 84
942 272
46 6
930 504
976 430
712 435
607 204
0 800
674 964
13 20
292 899
487 808
458 675
816 416
656 708
936 238
596 208
767 349
1006 848
69 220
982 448
619 336
787 490
808 416
920 894
362 66
93 752
214 495
308 475
480 287
164 388
867 664
831 982
465 788
896 445
502 996
829 120
120 244
772 148
326 585
527 744
664 40
610 163
560 378
571 770
108 832
854 406
309 999
120 784
662 42
123 151
604 144
482 324
417 475
728 361
670 206
246 0
496 968
656 341
962 384
604 687
904 572
797 186
480 336
772 786
225 24
715 855
344 196
520 678
246 792
36 808
64 911
404 48
175 528
752 700
517 529
220 403
747 259
474 456
229 896
869 934
269 487
137 500
294 571
238 632
553 26
352 224
686 528
953 140
815 344
490 595
110 924
360 896
814 304
380 57
222 881
559 981
288 148
966 617
415 355
774 485
382 450
719 774
384 124
605 581
252 166
595 704
408 590
110 903
576 154
625 832
445 940
936 140
293 848
450 859
988 830
650 948
864 568
964 240
739 104
868 596
992 982
236 900
896 545
160 616
304 95
256 598
972 356
640 368
620 89
340 464
985 784
369 472
683 614
427 786
619 84
792 232
336 449
519 936
586 240
48 162
921 812
316 408
776 363
772 292
522 352
388 636
648 205
988 792
684 395
533 56
563 818
136 900
602 888
212 484
640 255
702 386
112 560
933 103
128 361
691 440
58 320
57 968
546 930
824 960
408 598
564 72
858 989
552 424
256 18
716 519
942 754
300 341
856 680
608 844
195 216
966 646
938 378
944 958
376 206
62 872
859 88
322 766
536 661
354 408
690 970
722 431
705 26
672 996
528 732
804 344
426 336
236 820
275 379
984 516
324 76
440 160
736 114
694 464
160 752
824 322
144 392
58 856
58 1020
880 174
640 686
791 638
522 896
890 164
572 2
700 197
425 360
398 480
136 916
601 458
323 714
436 310
823 546
818 402
144 173
864 982
383 356
840 998
672 878
752 298
548 530
992 925
612 812
848 416
961 350
146 676
789 370
375 695
672 466
972 809
824 368
366 706
209 517
6 603
676 620
851 287
919 509
410 899
962 199
916 378
634 443
878 372
960 756
487 458
356 279
64 472
340 352
120 346
304 676
312 364
0 523
632 229
229 927
571 714
649 954
448 544
944 1016
68 330
718 3
112 684
949 434
963 672
366 724
186 352
48 968
1004 834
976 485
703 188
616 238
754 228
484 268
332 24
992 256
455 766
458 456
828 221
274 182
688 684
96 334
84 976
61 512
914 481
303 614
240 818
124 704
872 361
580 288
208 64
640 948
368 841
235 535
1016 640
192 25
112 192
58 842
232 768
873 50
516 219
66 192
52 768
819 36
614 847
492 1000
74 1014
381 976
141 456
256 701
182 746
122 644
1011 56
286 792
640 835
300 736
869 878
279 416
992 811
640 7
642 152
764 131
606 960
52 104
768 393
588 549
152 544
922 76
881 592
194 60
960 1004
395 366
58 1002
666 913
407 213
508 138
192 693
228 775
686 560
714 248
10 847
765 664
598 892
692 54
188 723
763 346
647 936
450 995
352 380
820 536
40 354
732 768
1008 122
283 312
356 764
700 507
273 718
788 347
602 300
100 816
64 954
639 669
905 4
660 924
727 59
234 20
408 444
510 41
72 697
790 196
900 974
0 184
443 640
650 150
801 320
241 761
542 206
724 761
470 830
266 938
81 850
692 445
198 825
640 704
618 152
580 1003
980 628
702 512
994 946
688 131
76 522
615 972
934 624
623 248
716 1010
1007 752
816 34
194 248
964 317
559 53
647 314
984 250
384 608
678 992
996 156
930 958
105 632
864 500
219 304
259 68
1004 417
878 803
724 980
23 938
672 485
982 827
612 899
937 774
622 589
448 884
546 410
288 1010
198 512
637 207
158 85
672 128
138 774
152 960
381 544
938 865
525 200
304 80
787 480
484 144
905 438
674 724
708 632
16 351
806 184
80 8
243 672
576 693
1006 552
24 624
848 40
787 336
120 201
946 683
424 692
740 436
834 976
376 382
788 535
519 828
741 258
714 98
291 548
44 992
332 25
211 862
770 792
904 764
148 272
744 1009
462 196
176 256
172 583
690 178
692 896
107 41
713 106
367 930
832 178
148 670
772 70
699 368
648 10
616 1015
841 764
116 20
776 246
55 382
630 545
295 505
999 678
843 106
116 520
904 786
580 16
816 133
252 286
131 312
1014 112
488 424
514 326
785 432
461 230
234 547
628 528
572 392
94 128
494 215
52 236
966 295
174 544
340 136
361 880
641 856
80 658
374 838
416 924
376 268
358 78
938 662
868 360
294 694
824 800
504 912
760 866
476 851
960 211
365 382
960 518
296 96
432 128
360 0
160 646
212 694
326 908
658 831
632 924
532 360
540 184
861 565
9 96
1014 908
816 600
912 560
527 826
12 465
614 0
910 85
848 272
200 192
49 236
147 128
292 107
986 808
672 694
419 984
294 453
516 16
281 944
476 480
542 316
600 800
38 414
564 878
483 664
314 244
857 348
683 280
406 194
768 228
759 388
444 656
80 328
468 704
588 924
552 1020
304 632
672 55
819 122
128 312
90 353
601 513
1020 974
880 696
112 645
780 673
993 470
784 603
495 152
84 302
529 1004
656 16
456 576
255 510
681 174
801 160
596 520
188 298
223 425
297 530
872 191
112 554
828 464
696 728
952 679
916 812
800 645
576 516
288 864
302 654
322 887
201 709
704 104
567 213
768 0
202 472
768 690
234 512
684 812
942 68
704 431
536 52
106 910
374 226
161 978
532 212
1006 247
310 24
624 1007
356 755
746 20
109 252
368 548
825 864
433 698
442 919
868 422
842 740
468 832
448 951
448 955
862 208
382 376
588 674
192 818
236 356
273 434
475 721
222 314
764 404
584 310
128 804
992 719
180 92
123 1016
806 493
16 624
584 232
800 184
926 408
858 548
488 64
693 1016
860 106
323 644
205 209
614 224
688 820
984 672
152 834
344 664
131 826
228 878
413 54
856 1000
304 272
311 304
464 302
118 782
403 243
702 267
870 134
129 32
832 672
35 742
323 829
140 282
18 123
432 760
818 856
712 702
116 688
526 478
245 720
105 288
432 770
268 428
248 960
860 64
242 48
448 57
545 972
948 774
680 679
621 280
542 94
356 880
228 28
790 714
32 954
596 814
210 252
314 314
768 966
924 319
936 241
655 320
920 192
8 528
668 703
713 325
189 455
484 928
816 714
191 834
140 359
536 697
549 648
464 95
868 504
193 178
793 446
115 872
176 758
196 754
256 560
557 464
142 122
731 288
949 728
1000 36
312 820
388 356
64 29
464 376
546 585
664 931
40 367
480 96
928 416
480 876
288 360
616 875
524 310
368 978
264 688
1008 600
720 483
200 542
326 587
150 852
432 556
928 128
100 712
68 772
724 147
447 241
684 968
992 400
146 982
534 384
312 1002
836 904
544 713
660 68
202 258
504 998
748 336
278 711
288 256
732 733
738 498
845 263
609 636
341 0
1014 802
108 960
672 828
603 256
584 317
368 816
683 466
632 541
436 204
154 428
636 55
1000 196
663 593
149 551
0 232
310 100
860 351
768 522
488 715
936 861
16 237
984 704
402 587
747 50
437 92
606 468
16 1012
76 436
673 161
7 664
581 432
904 314
24 496
276 204
156 1006
428 30
154 480
206 898
499 195
349 946
38 1004
270 796
680 41
256 704
446 40
960 117
1008 816
966 913
684 142
272 596
48 520
538 780
868 56
380 691
932 233
362 50
750 224
995 672
118 793
792 704
360 604
775 680
206 847
794 896
224 336
144 358
344 280
100 64
232 828
176 106
272 580
326 148
838 138
530 654
558 1000
967 189
634 522
860 164
168 593
380 768
650 910
800 197
277 743
952 728
295 536
887 687
376 426
920 938
593 696
764 430
96 1017
456 704
790 462
649 124
71 822
840 171
877 676
627 24
384 480
788 898
320 484
427 231
276 1016
28 884
46 709
434 555
234 32
128 436
642 164
107 747
86 128
70 539
804 333
242 701
260 376
778 185
784 596
429 860
541 395
768 64
297 952
212 800
812 400
403 0
936 836
192 1014
466 808
684 817
64 56
11 832
957 48
96 936
22 515
324 228
320 396
882 500
272 233
105 640
680 751
194 105
868 808
296 31
408 473
224 136
584 784
399 448
128 112
496 557
456 42
618 584
947 573
96 164
742 656
520 432
586 362
170 236
792 877
537 50
640 259
832 47
714 464
588 4
112 924
222 489
514 78
462 7
905 904
761 139
498 838
840 464
552 474
102 389
268 776
762 693
956 267
194 801
856 988
738 222
646 584
172 64
448 90
120 226
252 158
972 262
782 21
676 331
212 512
60 224
10 544
888 664
76 580
324 363
832 156
646 724
544 772
786 356
480 142
837 360
708 366
2 564
946 141
783 951
996 221
748 16
146 720
578 296
918 325
448 128
315 392
157 649
944 1000
228 1000
40 804
858 672
40 1010
938 487
866 44
675 510
365 496
382 696
48 96
376 124
377 350
318 292
977 324
940 1014
264 832
0 38
400 8
416 139
302 986
155 702
320 148
638 574
264 208
938 150
706 642
668 871
980 395
140 117
32 417
873 549
170 629
486 117
58 1015
876 422
412 96
304 60
342 1005
448 520
919 96
289 987
584 256
756 866
1018 376
624 212
295 267
846 570
828 677
404 490
912 656
220 542
411 385
953 376
386 235
571 479
620 339
977 688
768 800
106 402
388 344
262 672
780 96
715 714
211 800
244 412
726 643
919 6
429 731
932 191
842 741
552 256
260 896
426 372
136 179
668 119
614 578
576 280
595 412
838 310
602 112
828 878
1006 414
148 754
864 986
976 230
210 940
880 426
360 451
299 399
384 768
60 456
404 145
247 263
252 792
640 459
416 242
680 548
960 600
448 112
232 441
308 790
368 896
721 672
706 817
811 741
631 811
371 615
987 394
429 1006
844 617
709 1023
224 597
322 552
859 236
887 12
544 643
524 376
956 658
780 320
531 220
144 114
570 212
773 983
320 900
449 524
41 780
988 302
764 296
896 172
720 768
86 306
636 272
832 566
389 764
323 1013
512 50
768 496
128 516
704 648
152 216
782 324
552 624
872 280
242 624
90 814
260 410
838 824
636 22
436 672
348 583
764 498
304 1016
58 894
864 262
726 733
296 655
761 452
880 312
780 148
325 236
524 908
676 247
780 324
648 349
812 1007
268 881
68 308
654 987
464 410
511 356
643 326
1009 584
343 664
521 84
158 264
780 280
72 133
804 288
522 337
632 532
336 482
466 950
386 654
740 242
116 772
768 579
472 448
336 629
36 846
879 348
337 722
803 30
143 717
624 596
530 516
356 408
434 144
493 899
486 980
200 562
977 372
634 718
900 762
48 73
900 442
206 744
286 440
215 164
662 97
527 647
310 68
534 232
84 312
108 512
577 778
736 38
530 444
162 61
709 696
824 0
604 580
552 548
400 320
59 960
995 544
840 40
318 812
52 344
40 842
627 416
242 996
316 89
428 194
129 1018
980 491
526 878
412 870
572 984
807 273
281 428
64 30
528 779
912 786
238 920
104 520
8 439
744 910
252 376
196 448
580 236
78 220
597 411
321 62
118 500
602 736
824 898
740 1008
248 1004
438 991
306 996
776 114
141 509
114 256
12 96
12 160
624 812
836 1000
704 40
700 674
301 240
0 80
781 892
908 160
64 735
384 848
362 656
642 581
646 576
1000 808
895 168
983 356
827 145
608 794
626 158
776 912
50 640
556 804
797 109
521 818
936 316
536 490
776 724
8 867
303 0
405 918
461 216
970 168
941 687
430 104
214 98
120 128
815 288
727 990
948 192
736 786
215 472
667 584
714 276
748 344
460 905
242 94
82 990
283 1008
824 208
533 306
856 750
491 430
359 664
1016 1022
80 464
666 61
885 556
524 818
960 257
970 132
52 350
105 895
1021 368
424 968
846 651
343 512
272 24
704 896
312 26
112 768
890 86
970 934
759 1008
184 661
65 672
282 309
448 640
728 356
712 763
250 389
999 192
444 869
449 204
733 256
732 96
414 711
328 916
488 220
950 353
458 88
976 683
941 762
120 34
732 530
18 172
543 930
534 158
277 491
712 376
832 653
864 70
274 307
534 389
654 696
594 180
712 290
238 502
826 358
181 552
456 703
172 894
54 753
408 83
733 944
601 398
816 508
1015 746
521 12
29 186
253 640
670 395
968 773
605 344
711 766
955 832
420 916
15 249
432 882
432 67
736 526
240 482
64 10
410 40
832 720
736 80
856 244
432 172
448 33
614 410
278 71
338 482
696 464
140 516
688 155
440 566
712 26
900 818
609 198
463 421
563 1004
939 200
275 372
500 380
896 702
288 79
128 732
199 968
486 864
320 701
741 638
580 130
873 531
112 225
19 448
187 438
1009 994
509 832
526 204
683 640
616 584
799 309
346 461
744 724
651 310
820 88
962 863
240 800
710 165
800 720
896 838
280 538
310 280
960 358
954 982
400 338
22 111
941 554
86 644
720 240
608 48
728 294
158 950
413 188
876 920
812 55
250 764
375 832
574 240
406 616
698 114
918 500
60 618
788 1020
550 190
730 956
367 1020
64 1022
268 214
664 863
15 376
280 856
98 732
798 822
349 953
384 80
120 628
129 820
794 876
426 576
792 619
384 830
76 523
932 682
768 448
43 562
826 132
451 1004
874 663
446 980
525 6
420 168
712 860
782 856
939 96
782 739
152 160
794 512
986 1003
301 408
981 748
109 74
932 358
848 678
983 158
319 544
670 318
22 416
555 404
972 32
1016 638
930 537
392 596
150 530
148 874
672 758
108 381
92 400
257 714
244 869
549 751
323 73
757 662
876 230
91 722
380 644
445 224
112 35
1008 638
598 43
906 640
162 771
912 724
904 852
26 411
16 512
328 936
268 172
250 668
732 284
720 792
16 446
331 152
610 102
936 336
400 116
89 602
900 200
285 903
299 710
530 736
106 131
701 309
279 626
428 113
756 23
374 344
536 166
651 104
974 986
200 256
43 564
359 577
851 388
838 87
24 1019
361 971
268 594
116 476
960 348
802 752
57 258
782 975
692 151
404 113
390 123
1 755
722 176
384 835
922 40
315 552
158 955
788 688
61 350
366 550
516 670
69 812
970 360
150 928
372 823
708 629
992 360
877 952
958 563
399 503
685 271
863 753
521 268
629 124
321 150
836 811
841 612
936 60
283 258
472 198
731 340
366 956
890 423
802 418
549 698
845 558
988 912
898 464
212 642
616 984
765 886
400 728
231 664
329 176
232 384
572 94
886 941
522 1011
131 430
96 394
596 426
885 608
437 651
590 412
908 230
784 459
688 432
1006 824
155 990
120 942
1017 10
827 4
466 196
132 768
200 404
431 640
209 970
236 329
512 196
210 15
246 670
184 614
172 68
60 200
360 292
21 82
771 672
326 580
532 412
832 214
640 843
532 884
248 772
598 702
225 778
403 697
305 838
209 573
623 958
136 528
83 520
333 312
808 576
357 300
1023 228
113 60
736 560
802 135
974 1005
407 50
579 824
257 1012
440 512
604 880
629 485
550 256
716 1005
776 717
404 381
572 786
76 472
40 971
36 37
789 36
728 933
247 699
1016 964
326 581
494 280
312 252
469 554
848 130
336 296
370 679
408 809
972 1016
970 530
950 323
832 542
778 500
382 306
209 408
272 360
12 336
34 184
860 460
400 305
466 12
132 179
416 552
25 590
12 947
920 892
416 551
424 330
1007 864
66 748
876 882
660 304
80 256
748 770
744 693
530 139
82 256
464 448
224 882
1012 675
999 979
878 1000
432 486
460 965
171 744
544 560
528 612
362 976
310 58
608 1020
785 470
228 891
256 343
64 781
732 426
0 229
126 373
822 328
78 672
537 902
501 408
756 377
410 696
73 350
742 544
180 496
502 256
626 800
898 644
319 804
764 340
832 36
504 302
704 955
580 749
480 594
88 74
598 882
329 751
823 121
251 154
524 858
340 848
288 80
296 722
224 933
409 750
576 234
488 23
596 771
718 422
927 599
5 610
582 916
700 256
277 838
646 896
331 263
647 676
224 556
714 392
83 827
550 361
796 216
896 720
220 169
358 412
769 574
544 512
9 603
356 664
0 368
1015 693
189 48
363 432
278 519
508 776
624 914
932 836
154 871
464 926
1018 957
152 471
644 14
208 1017
512 953
960 920
385 814
714 990
217 536
976 168
225 573
964 224
1000 822
20 726
64 356
916 706
750 708
394 607
424 527
706 312
493 779
248 880
944 897
636 736
271 770
760 34
968 180
262 576
896 200
339 727
256 612
679 0
120 724
650 824
942 144
216 36
384 630
580 588
152 596
779 64
749 552
627 984
492 0
76 857
245 737
88 942
70 371
872 203
728 696
208 685
105 803
508 504
43 229
423 540
810 63
460 58
428 364
382 474
540 453
982 387
881 512
936 328
403 452
322 796
363 653
816 349
20 112
912 179
553 489
479 796
900 264
346 688
171 948
296 606
203 985
822 944
972 200
146 688
84 632
24 304
1011 440
764 284
48 628
106 418
1008 717
863 346
1015 924
232 105
197 736
836 748
363 305
767 504
636 1015
648 495
414 321
920 512
534 752
290 621
832 786
168 672
236 100
184 272
471 904
388 194
853 336
397 176
484 774
56 708
40 106
687 414
522 604
894 219
469 370
940 800
884 848
124 461
758 4
99 904
288 348
533 248
612 449
512 828
784 365
288 192
492 1006
85 402
334 214
202 616
500 954
758 508
684 107
124 378
184 321
161 360
530 1007
688 762
198 394
710 17
398 417
816 617
132 85
622 696
312 960
490 677
727 608
272 45
450 310
319 168
21 110
385 488
256 665
200 640
789 696
166 960
552 555
415 512
321 632
456 896
971 855
314 786
375 707
229 263
284 336
208 920
584 988
504 487
0 295
808 495
480 267
58 388
938 560
784 880
580 613
244 206
964 705
512 144
507 342
1012 947
117 660
992 872
397 976
506 604
91 848
841 742
472 968
90 858
397 886
390 952
409 824
249 155
208 992
130 646
788 628
45 760
558 832
592 443
230 669
340 370
181 912
947 885
741 588
912 234
536 86
48 672
482 668
122 152
501 404
587 1008
337 256
206 932
216 380
964 355
741 1016
373 606
196 638
508 370
882 122
256 96
629 270
840 814
64 888
1004 5
706 562
680 887
620 640
442 140
716 1012
30 782
460 366
448 430
315 427
719 1018
258 192
51 680
90 51
198 764
562 448
298 290
128 956
29 143
743 240
392 440
80 465
181 800
524 928
608 128
564 608
640 25
192 460
1002 188
809 248
1022 900
856 541
8 650
91 938
76 226
948 452
80 844
350 92
159 290
486 230
700 300
90 870
530 326
432 54
624 341
776 232
720 160
958 972
614 903
401 128
620 410
684 584
320 113
284 717
753 28
44 934
60 792
496 513
13 576
608 992
656 300
200 863
757 533
375 577
228 913
464 248
504 919
896 740
233 567
106 228
144 619
408 708
345 791
809 628
965 280
24 686
752 520
912 423
740 184
512 816
458 169
416 728
505 42
521 700
232 654
551 809
341 532
397 844
696 36
721 973
320 136
73 918
103 248
730 786
492 531
241 363
732 88
747 940
428 1020
229 16
608 798
445 578
780 787
6 528
630 30
480 782
150 708
217 185
670 444
98 216
495 476
872 204
861 928
660 506
48 314
449 746
724 338
672 564
888 816
183 235
256 155
848 544
66 535
656 956
732 905
752 748
997 264
872 112
197 973
50 94
1017 0
540 104
186 659
160 569
889 560
128 288
2 809
207 747
884 0
528 24
180 508
217 570
500 330
858 896
375 640
736 887
490 68
640 128
592 704
869 75
894 800
1013 368
128 974
208 340
795 786
836 540
722 781
812 494
14 278
664 329
360 868
72 28
698 385
1008 55
856 924
874 999
758 376
40 592
892 0
872 815
592 494
297 802
34 64
554 421
921 288
55 840
527 626
405 648
806 96
637 973
89 807
0 552
663 602
152 326
400 505
401 598
292 912
426 775
964 234
998 816
960 0
769 1001
863 896
28 667
348 908
852 754
137 370
320 848
783 416
176 902
27 90
485 288
347 768
650 4
194 1016
446 508
994 599
48 480
262 148
828 922
1015 980
860 632
944 732
1008 1000
24 942
288 218
450 996
134 920
740 320
424 90
707 401
448 533
832 760
685 928
648 846
477 368
619 700
16 1002
272 232
624 248
540 64
370 54
596 287
649 845
744 408
166 76
311 619
624 305
977 941
71 32
214 557
219 12
537 440
987 228
63 348
170 27
152 124
660 144
672 709
314 752
520 916
816 939
810 360
594 11
856 514
2 430
850 186
655 33
182 87
100 944
51 88
508 132
840 344
288 1015
832 458
139 624
710 300
960 848
791 756
778 998
996 731
512 860
608 817
1008 742
176 270
608 676
308 260
478 120
385 223
272 600
10 576
978 788
390 584
638 856
576 624
944 92
540 728
510 656
796 584
24 824
952 21
958 352
680 676
260 566
184 630
885 498
796 602
912 928
541 716
242 916
320 784
775 55
842 772
940 752
954 904
106 814
304 374
50 486
108 483
60 112
304 362
97 60
816 181
742 558
768 760
532 620
880 566
150 723
443 468
728 681
61 748
348 463
588 38
227 237
392 654
552 841
217 69
991 312
928 216
27 448
668 422
279 108
954 596
707 244
932 890
390 188
717 204
214 964
101 44
548 823
504 445
510 836
736 504
496 959
788 132
228 571
361 560
436 970
1006 21
192 372
835 896
648 399
956 502
536 352
888 698
198 788
80 752
636 908
574 255
812 188
131 320
496 685
352 373
514 200
974 372
669 717
224 487
120 658
822 496
274 958
384 520
0 641
113 882
850 616
915 554
580 207
124 398
1007 741
758 250
608 179
768 694
464 793
648 807
938 204
164 662
70 0
648 538
760 224
468 852
456 98
148 526
262 246
56 548
103 444
585 447
589 82
791 24
878 687
610 936
986 670
382 92
944 946
786 958
117 212
978 358
322 592
492 957
108 302
603 512
182 382
881 870
435 732
941 351
390 266
45 400
1000 768
640 798
975 958
226 641
484 560
856 86
669 452
723 204
358 427
864 128
689 58
111 676
72 670
784 370
596 416
160 226
417 459
406 4
470 696
155 300
418 450
130 554
678 872
109 558
640 489
186 754
488 264
170 432
808 766
88 624
428 501
344 476
472 299
602 301
461 547
310 74
220 935
803 860
491 532
482 992
70 688
745 400
1004 693
281 833
768 371
723 984
730 597
598 904
897 834
934 757
670 706
716 216
42 340
266 704
542 980
280 848
581 105
748 940
267 288
826 90
598 256
946 244
334 328
420 120
974 91
304 422
88 146
256 444
168 28
492 619
933 120
636 338
495 39
456 21
73 632
963 238
280 415
333 762
801 1016
516 221
739 128
434 526
636 256
514 977
332 37
52 864
604 394
488 867
832 279
366 590
294 742
190 184
140 222
592 366
224 960
96 384
920 145
608 296
788 14
647 890
1004 708
1020 216
565 39
239 77
340 211
608 984
100 754
951 928
440 568
550 334
586 801
256 140
844 560
994 560
164 268
869 1002
470 592
768 900
112 126
1008 627
31 786
822 201
668 304
656 810
875 497
529 779
76 542
512 603
663 40
0 480
633 672
572 738
681 884
920 32
872 696
346 221
490 486
376 657
527 935
666 480
837 92
813 357
193 416
211 776
702 500
380 479
442 150
956 672
936 934
27 380
1019 486
50 755
408 697
152 180
1014 244
846 265
834 433
710 802
512 972
325 688
668 963
560 386
426 6
0 150
982 540
234 384
750 582
72 468
256 396
168 963
800 788
158 1012
286 606
950 152
36 344
871 77
752 490
724 887
87 16
64 856
14 1015
422 270
192 618
732 326
22 88
400 326
331 492
48 334
226 529
192 144
215 513
544 843
232 432
644 359
999 19
553 590
78 466
168 424
216 41
216 762
70 406
640 1000
147 912
856 494
704 398
624 848
704 496
579 826
68 974
918 155
795 326
739 426
544 696
512 288
0 392
708 521
692 432
292 667
974 672
977 418
288 547
994 7
44 835
14 881
714 703
281 496
276 262
958 798
970 483
448 667
448 976
258 1015
8 146
522 578
59 648
82 620
906 769
370 176
335 932
140 14
635 608
960 154
848 81
308 41
960 64
264 454
692 664
592 662
319 48
8 478
176 920
838 954
806 936
155 997
893 42
445 192
588 448
756 153
648 23
640 522
214 768
787 776
144 129
600 350
672 225
108 334
531 12
341 232
609 268
216 281
244 868
704 575
967 130
396 592
754 602
230 340
620 306
611 330
812 288
347 288
776 484
670 258
256 738
771 248
672 510
289 624
765 0
204 756
658 818
640 768
664 784
883 756
617 692
364 1020
488 32
332 340
496 756
362 739
760 827
559 104
272 784
580 414
544 399
952 841
1020 587
276 938
0 443
314 468
149 230
111 272
209 585
781 870
84 236
672 314
240 416
840 782
934 799
727 478
144 1013
214 76
324 816
903 88
776 482
1022 446
473 816
912 505
422 218
116 64
240 152
10 676
640 108
508 364
955 930
131 29
820 633
770 784
264 831
250 760
989 620
270 240
887 792
504 718
896 160
540 773
896 794
868 490
750 844
660 582
994 156
128 1005
112 810
129 722
717 36
857 617
634 446
808 32
526 670
882 353
152 451
967 945
448 928
944 851
896 734
367 108
920 208
596 846
819 574
1012 416
207 1017
448 662
784 444
620 496
532 762
355 807
296 482
746 768
518 32
288 470
296 652
655 416
674 192
390 765
144 352
167 688
366 396
0 592
446 933
256 972
138 201
84 624
1000 608
64 561
286 733
708 768
861 652
920 582
787 576
64 120
1000 796
916 382
119 283
173 500
508 621
306 974
872 510
990 1008
134 122
535 834
416 366
443 20
698 102
732 236
624 576
84 115
240 57
250 117
806 754
576 308
608 929
669 279
789 842
485 896
963 616
303 558
4 964
527 977
0 724
418 948
412 80
799 144
88 52
928 720
520 530
588 620
209 128
812 942
274 740
802 107
822 532
978 922
440 522
735 370
151 426
760 637
500 611
522 184
178 878
872 36
216 944
760 489
976 624
380 135
680 128
1017 196
536 272
559 400
106 608
789 77
956 918
708 553
621 24
769 130
963 450
758 592
598 328
678 30
460 976
1013 1008
554 581
118 373
900 96
1020 368
549 960
212 398
22 816
432 873
648 619
982 340
800 82
632 916
370 964
130 720
0 639
160 321
972 480
368 616
553 936
788 304
695 855
901 116
488 201
48 384
512 182
588 803
278 73
952 659
352 648
608 268
432 759
842 223
63 611
24 721
720 128
326 788
272 416
736 458
1012 812
236 880
466 833
156 500
850 703
564 204
850 608
105 501
152 828
640 234
864 924
20 960
17 784
354 596
640 722
795 916
576 480
479 725
247 450
236 652
607 976
387 978
400 1010
76 185
474 249
508 182
960 374
60 16
653 394
681 819
941 704
156 355
828 800
338 458
67 517
143 736
800 389
154 1012
24 174
703 955
488 920
891 908
838 859
852 554
751 574
509 104
594 567
398 976
2 192
588 932
834 924
288 712
896 646
647 766
340 208
520 115
72 31
825 346
96 708
240 411
798 778
893 484
340 522
574 129
804 132
924 188
996 860
1008 840
418 371
932 955
1009 151
572 522
788 96
655 843
564 86
783 292
922 717
456 618
867 478
404 256
231 256
264 714
822 857
405 390
32 596
997 320
420 448
274 968
268 926
964 534
937 972
968 23
562 284
105 109
930 277
454 223
182 50
504 640
199 346
840 177
182 48
678 732
795 839
512 176
905 712
992 101
236 252
586 784
11 580
550 62
372 745
500 52
276 830
539 640
992 268
880 960
116 920
610 538
19 529
993 584
573 398
488 916
485 792
468 499
864 577
434 486
411 512
64 332
848 384
891 524
779 348
132 845
472 648
925 144
618 33
988 60
147 880
653 256
950 30
900 743
821 864
672 804
322 220
363 288
144 252
784 870
544 4
964 821
144 989
215 364
178 754
213 46
822 277
920 788
480 512
254 119
784 52
800 532
222 185
184 35
180 203
592 807
380 400
338 202
528 197
536 610
564 424
254 359
386 864
702 368
1020 0
180 942
76 400
584 180
664 904
220 524
702 758
836 520
256 942
817 191
623 609
528 336
712 232
448 965
208 586
342 618
206 13
214 8
456 96
987 748
978 36
114 873
364 807
836 352
689 560
574 148
827 91
