1000
192 242
37 228
410 383
168 369
354 76
140 251
500 178
260 121
404 84
112 128
292 327
132 256
426 170
19 286
408 38
396 375
405 246
295 500
163 123
349 487
403 384
192 186
218 59
4 192
106 117
223 67
80 208
386 180
241 150
173 194
480 369
502 307
320 136
162 447
321 218
493 30
138 134
468 48
233 79
260 96
134 296
499 176
204 504
316 237
448 126
275 196
452 143
153 357
348 200
109 0
406 392
218 321
371 162
172 198
184 192
4 159
400 383
110 376
352 420
333 228
272 484
266 108
71 424
333 325
101 32
74 476
136 427
280 300
398 322
204 224
97 504
190 186
259 490
502 239
224 16
296 128
128 257
364 93
94 187
62 112
331 446
492 186
154 500
357 382
405 16
56 448
329 232
88 422
447 188
493 328
452 128
244 311
300 256
486 68
212 244
324 280
260 476
279 332
324 500
314 352
252 105
416 482
208 208
256 372
286 256
180 74
144 135
434 416
468 388
480 240
504 62
325 420
73 249
107 336
94 266
128 256
355 128
162 16
150 57
206 155
278 336
80 176
272 94
401 56
420 138
55 300
115 422
129 104
131 180
168 184
364 452
217 48
80 217
113 392
350 486
288 173
135 164
8 0
424 220
68 448
106 320
445 480
320 156
102 84
208 378
510 198
250 109
384 139
410 299
450 14
252 4
218 184
170 196
506 416
350 58
100 16
299 223
238 274
58 476
497 384
427 20
143 121
358 215
448 416
178 332
457 118
238 131
236 464
266 151
238 400
212 241
240 131
274 112
227 224
75 280
295 144
128 68
120 164
201 208
118 369
64 275
130 3
400 364
446 430
193 182
429 360
61 493
416 212
365 52
91 456
174 128
496 72
7 170
243 134
480 50
487 240
48 55
253 315
36 274
198 170
80 320
128 318
162 13
400 46
405 394
431 146
284 310
67 312
188 120
87 17
66 359
261 390
32 172
104 0
387 308
264 132
416 460
216 476
64 404
420 320
252 159
436 126
464 448
221 214
120 100
246 28
496 476
324 120
104 182
300 114
476 334
360 422
104 382
291 357
152 152
193 140
384 475
452 195
62 266
5 356
70 277
307 0
204 260
177 87
272 170
448 376
469 166
3 480
432 342
369 60
101 183
404 302
2 248
136 232
52 347
198 510
334 496
192 324
52 82
291 88
401 416
435 19
400 346
208 92
250 310
449 469
312 298
334 414
480 377
96 216
448 468
443 30
36 462
338 97
372 400
249 31
492 111
144 303
507 160
378 474
424 488
161 378
343 113
300 148
174 401
462 291
131 44
220 80
396 358
331 83
96 500
444 392
426 434
187 472
264 192
422 332
0 205
442 360
484 384
282 268
46 144
297 392
57 397
308 36
194 350
194 433
142 482
464 330
168 498
286 266
276 458
422 129
405 504
422 456
184 64
268 344
313 302
176 212
149 126
156 488
269 480
220 507
226 340
88 224
68 348
331 62
32 152
136 87
438 248
366 463
242 343
448 380
352 16
245 285
213 398
192 196
460 138
288 32
208 200
198 472
372 376
58 90
288 445
180 360
419 508
420 412
464 44
482 54
436 388
320 231
248 504
256 398
406 54
20 130
470 332
207 54
304 99
384 368
356 223
272 112
380 220
24 30
250 324
24 260
128 456
198 129
18 16
502 288
311 235
14 482
203 376
324 408
107 111
336 21
4 266
332 491
192 432
151 416
75 30
246 487
480 470
484 478
117 20
81 487
364 464
81 440
330 432
284 305
138 116
290 348
494 114
130 484
488 495
128 115
460 172
415 84
389 208
88 463
266 256
496 288
219 272
465 493
392 19
380 358
68 292
408 279
503 401
168 31
123 205
70 230
359 56
435 150
354 444
384 431
448 54
50 236
140 60
345 160
414 100
422 37
13 29
106 76
134 96
376 377
120 455
200 465
359 124
373 176
332 380
316 77
246 131
384 150
117 432
181 256
268 326
380 458
216 388
479 192
44 24
279 376
36 448
0 121
244 127
269 394
450 387
88 249
66 36
392 214
108 336
395 216
440 410
22 132
62 296
416 208
388 8
496 507
227 382
456 76
294 300
372 221
308 284
498 308
219 16
351 126
270 52
495 5
248 283
322 35
338 80
308 260
275 424
428 434
354 88
64 228
381 218
134 82
16 88
322 280
456 292
316 128
143 484
364 353
492 148
8 330
136 175
415 358
165 360
145 128
12 504
160 342
222 178
392 144
421 155
467 384
328 191
441 505
52 182
212 264
0 44
7 192
150 214
194 262
162 60
388 54
216 0
104 112
404 456
356 224
376 388
24 59
212 321
412 42
30 354
276 32
96 146
32 78
236 472
246 504
164 494
56 84
212 187
220 475
176 56
355 400
200 352
174 160
82 180
296 453
430 114
424 253
241 507
457 366
148 136
216 362
268 292
219 60
59 429
292 214
322 464
500 266
296 384
232 364
323 193
401 40
380 396
108 256
68 488
384 299
508 497
256 260
310 208
319 127
498 52
364 448
486 484
433 158
77 68
56 199
276 252
208 223
245 326
239 232
138 493
466 401
294 462
108 356
88 480
413 384
310 20
312 80
495 52
312 113
240 330
52 136
40 352
352 440
451 119
26 481
479 119
318 452
55 440
339 8
57 128
471 64
482 91
155 256
376 40
188 56
166 429
444 269
336 22
64 94
0 32
247 326
54 56
230 402
15 404
362 500
194 493
36 237
442 149
186 462
170 235
318 10
350 176
132 234
105 273
277 8
461 33
238 428
458 128
396 253
150 44
380 352
125 65
304 313
192 360
44 160
246 135
488 376
152 1
504 263
262 508
463 192
134 35
447 472
40 228
111 292
401 201
55 247
324 28
385 445
116 408
206 302
462 132
57 400
336 248
19 361
99 416
90 100
99 256
214 172
370 342
232 128
350 8
408 364
64 335
178 124
482 452
43 377
166 108
68 262
0 432
144 408
377 390
102 240
500 180
179 368
81 434
280 488
288 128
368 349
120 338
292 412
316 140
308 248
214 311
476 20
320 364
56 14
214 136
6 176
348 328
348 216
358 442
368 29
304 112
324 372
448 120
176 496
334 319
25 424
293 190
282 184
358 220
350 260
144 96
152 352
33 270
236 340
390 432
430 64
64 10
212 20
360 118
56 404
35 22
172 366
450 228
292 52
365 357
459 13
79 48
323 54
478 148
200 72
350 270
268 180
487 282
34 365
450 176
240 324
0 380
161 160
18 434
423 460
166 370
436 432
230 96
474 356
440 400
471 336
392 262
488 442
326 92
4 74
40 194
243 296
350 480
459 380
348 114
24 364
432 492
488 128
160 309
288 48
234 244
200 23
228 52
352 224
214 292
103 344
7 0
300 80
192 214
196 352
6 244
42 20
152 476
420 289
408 398
416 116
300 65
330 50
224 44
278 28
30 260
234 400
389 421
286 144
275 344
436 264
56 494
388 416
13 47
304 80
496 0
326 220
388 391
484 178
75 80
12 120
34 434
276 366
160 106
476 56
27 246
46 19
122 115
157 91
396 0
100 250
327 442
96 364
180 448
276 412
73 408
414 453
237 328
3 48
432 248
219 0
36 272
480 456
222 93
200 394
344 234
194 94
232 328
462 336
60 270
430 166
3 28
2 428
15 56
134 336
470 39
331 372
236 45
285 176
248 112
298 427
200 174
424 440
112 101
148 289
200 26
16 374
482 325
352 80
152 168
85 220
21 45
334 192
180 428
62 132
168 141
159 359
344 356
382 111
20 124
228 496
331 138
370 198
480 387
480 73
270 212
110 149
363 249
23 387
189 176
89 206
92 28
364 190
252 261
224 160
322 370
431 16
166 222
200 0
480 436
504 274
150 291
425 388
225 357
253 394
40 136
464 294
415 398
147 116
420 30
458 91
418 352
84 220
336 230
229 224
24 415
446 48
272 151
454 361
295 484
172 224
136 143
77 365
467 259
210 453
192 368
374 360
448 180
356 119
386 78
182 420
187 342
134 435
228 405
336 381
406 128
366 443
158 408
78 290
51 58
56 112
11 465
373 208
347 248
320 138
222 400
493 300
160 77
101 412
386 137
40 82
0 192
158 91
38 164
318 201
12 298
218 151
326 449
402 504
340 384
392 158
398 126
224 376
18 162
281 294
0 218
37 480
84 184
474 32
288 69
144 253
93 236
54 54
34 331
256 111
18 278
123 260
286 500
290 342
414 67
133 352
180 232
17 342
194 396
197 140
373 259
136 136
104 162
392 320
164 372
283 345
112 96
97 120
320 456
490 346
108 88
487 384
60 8
370 211
90 179
339 135
128 0
117 232
476 121
6 109
465 506
497 376
40 420
300 112
139 208
412 430
114 417
170 448
82 237
352 159
78 400
175 404
496 52
204 446
440 52
304 376
146 256
327 19
314 251
343 118
15 52
414 216
312 123
392 7
64 355
496 388
502 38
80 482
338 308
190 255
240 360
132 282
427 436
223 381
260 80
434 101
505 240
190 20
240 37
238 158
140 174
134 183
466 272
360 0
