1000
76 278
124 362
134 414
16 470
64 12
501 112
224 316
288 298
478 430
37 500
112 455
424 238
153 386
318 472
178 170
224 120
126 309
474 313
196 408
40 369
0 504
78 21
187 320
466 367
198 0
480 192
88 256
52 17
136 58
256 223
12 164
136 258
260 348
100 368
419 466
388 347
128 304
325 18
180 102
384 132
278 508
138 320
4 32
448 119
62 66
119 188
17 293
413 240
24 144
44 330
409 210
208 336
192 351
101 58
480 284
128 448
432 304
46 135
112 270
468 134
434 508
320 276
495 6
478 308
44 341
466 152
124 418
41 276
143 120
272 450
180 345
75 104
98 491
384 336
30 76
281 150
16 160
320 464
277 48
346 126
483 448
464 326
99 120
408 466
236 170
217 220
490 432
144 480
480 140
263 19
496 208
386 452
454 498
240 147
321 352
229 480
256 402
419 122
26 104
392 455
132 496
256 465
225 45
6 402
119 456
54 488
109 445
308 256
243 394
442 214
64 475
56 10
204 254
436 494
312 130
67 128
14 144
381 192
25 425
310 221
511 172
472 353
62 456
148 92
195 468
296 412
483 202
148 214
83 132
384 12
172 344
256 165
276 120
259 504
0 294
276 96
108 129
356 230
392 277
252 324
85 384
338 279
221 128
52 432
208 113
422 300
0 197
476 120
264 152
419 446
447 450
150 280
153 218
316 140
322 168
67 406
277 47
8 492
207 392
166 298
501 197
382 252
282 366
396 0
442 236
502 306
20 454
32 128
92 91
58 219
462 140
236 394
216 492
160 166
425 220
20 297
464 296
289 108
180 52
364 150
448 0
353 64
208 395
296 62
324 127
449 294
255 402
8 480
492 288
358 317
232 303
25 292
66 241
265 440
60 320
441 160
308 465
92 276
144 23
323 331
465 444
380 272
230 416
312 0
225 92
334 80
317 452
437 248
30 380
496 80
176 448
160 60
64 182
103 194
452 41
470 267
408 226
500 422
98 344
146 290
490 76
180 32
134 232
467 248
293 36
152 18
32 144
425 114
248 48
440 390
240 350
258 440
174 310
442 368
17 468
136 0
272 140
358 94
267 328
8 340
214 488
358 4
32 180
215 344
382 112
59 464
208 190
310 364
48 112
48 87
220 448
104 20
198 428
412 360
191 373
170 208
346 388
180 464
24 152
502 396
112 104
140 208
139 134
446 496
237 282
360 462
287 56
267 230
442 200
152 199
464 198
160 398
407 334
38 278
329 362
224 488
412 36
120 312
412 510
212 332
102 320
292 129
404 222
40 384
372 290
32 246
23 130
226 72
224 172
23 455
160 68
232 284
352 204
191 64
432 120
88 498
80 310
202 328
247 36
132 304
451 188
334 96
444 235
256 128
223 117
136 247
16 382
56 62
8 113
303 486
240 139
458 360
194 98
193 294
314 176
350 88
294 404
450 16
464 317
314 226
327 401
304 398
421 152
5 436
148 29
380 106
404 20
4 146
192 416
204 156
388 237
192 404
416 28
432 192
227 48
206 326
185 132
22 496
442 393
364 302
134 432
440 144
156 479
123 406
216 390
251 506
345 292
488 249
240 497
388 456
390 383
273 247
359 24
448 400
76 396
452 294
156 234
58 112
480 91
32 42
98 431
120 468
100 242
174 297
344 86
78 408
382 175
72 123
498 408
130 40
244 416
235 176
299 348
394 248
224 233
228 343
451 449
11 290
438 72
256 66
284 124
270 314
36 216
286 82
385 78
172 501
448 159
137 14
165 124
102 402
94 16
312 72
248 320
401 256
192 350
98 314
189 411
15 382
372 120
464 76
316 184
368 273
88 252
254 312
72 196
148 80
380 202
316 160
17 80
481 324
82 15
210 262
90 110
192 210
480 340
104 234
323 12
339 251
336 92
192 481
464 182
256 287
80 500
381 453
68 425
483 224
427 488
401 341
240 212
144 285
393 48
60 236
472 160
128 32
250 299
348 216
332 286
76 62
340 46
151 7
8 502
21 9
415 252
104 394
329 220
82 326
293 464
332 464
260 290
310 464
26 456
452 380
11 66
207 112
256 237
332 296
374 172
75 170
12 154
453 501
318 396
181 256
31 386
448 312
372 192
268 185
310 108
348 33
171 310
152 465
412 57
15 400
442 256
161 38
78 288
22 219
416 212
68 492
323 448
269 252
56 486
272 404
240 162
220 462
208 493
330 95
397 110
414 37
0 488
346 391
468 322
256 191
488 112
392 458
387 151
328 390
312 486
16 387
458 486
112 162
457 423
191 368
424 285
264 62
271 410
351 19
382 424
171 394
64 46
483 118
212 231
93 122
152 248
4 480
266 407
232 196
328 46
128 227
384 120
153 0
197 438
60 169
0 400
464 237
277 219
128 288
52 489
480 406
339 451
448 455
476 245
166 128
16 280
480 8
257 395
441 432
18 240
43 286
393 302
370 379
178 402
11 258
290 472
417 390
280 144
356 120
499 428
488 368
11 138
131 326
6 194
312 281
498 209
267 396
281 359
287 274
40 448
32 379
92 280
398 0
260 328
375 274
176 325
475 485
290 257
436 436
392 2
145 340
454 434
235 472
179 254
102 32
129 355
40 158
108 176
309 182
341 392
322 296
224 224
432 32
435 509
350 358
158 431
406 248
132 64
8 178
64 257
168 455
48 292
248 22
414 380
400 166
319 275
286 418
464 418
127 471
290 288
292 144
332 188
121 446
384 495
186 79
465 250
0 386
124 204
108 428
48 429
436 389
120 68
374 350
204 300
176 311
100 397
398 52
224 478
256 321
256 195
444 260
324 191
200 174
275 425
32 24
211 396
385 157
239 423
260 122
10 263
383 288
424 368
254 276
381 384
280 176
149 104
142 232
493 202
276 116
131 14
36 370
425 213
75 480
384 416
230 82
58 218
408 57
392 405
0 130
140 264
182 460
414 74
288 62
25 363
64 310
344 31
272 255
162 355
420 171
198 256
195 118
256 384
17 396
222 494
376 258
416 364
408 182
174 40
387 68
312 314
444 159
348 66
258 20
14 340
280 218
478 428
404 380
0 164
8 287
256 85
340 252
92 194
200 488
358 63
80 48
442 312
52 372
110 48
384 504
64 259
128 126
336 416
465 360
189 251
176 352
304 72
320 184
310 80
430 454
56 244
66 175
256 235
456 122
185 27
397 184
320 353
438 176
110 160
296 109
16 200
27 468
0 218
458 416
122 48
500 77
274 127
492 40
162 492
51 455
271 408
212 391
334 321
319 248
149 488
294 156
160 496
92 493
116 362
336 254
76 272
329 428
244 444
37 312
352 24
307 102
126 256
260 90
288 355
45 112
163 240
174 192
456 462
472 150
188 70
472 92
142 499
270 138
261 8
40 96
398 407
395 457
100 500
256 496
415 448
161 328
473 433
90 41
278 83
240 352
304 402
440 434
193 96
363 508
312 238
426 162
288 478
64 90
480 330
366 460
491 248
200 384
294 370
470 158
342 500
438 248
104 345
464 424
252 128
290 416
11 254
501 192
156 176
392 172
420 136
52 0
409 274
263 126
296 211
201 312
225 422
116 360
126 384
303 136
340 346
328 136
486 420
27 11
64 118
6 136
371 184
104 448
274 308
78 390
388 242
296 303
264 195
400 458
126 198
233 74
220 21
3 288
276 326
63 0
169 20
140 492
454 54
48 60
368 348
242 376
200 87
75 44
59 191
50 45
41 406
355 253
128 38
218 350
502 284
192 480
290 236
312 344
424 274
359 10
0 456
174 464
408 80
108 366
362 97
492 320
15 498
326 46
53 24
415 439
419 58
324 400
456 115
468 477
170 104
140 58
436 478
18 376
336 63
176 417
16 0
465 508
498 49
224 11
98 423
246 84
122 52
277 489
459 40
112 260
88 40
448 268
420 144
140 252
403 46
250 200
491 16
504 288
432 239
364 162
392 362
344 84
123 34
150 154
461 422
55 442
467 484
260 450
346 160
304 421
138 69
498 144
340 51
231 0
360 384
38 163
144 444
180 16
53 16
236 276
16 317
221 264
346 460
0 172
476 86
445 102
185 173
10 205
44 362
60 298
372 499
38 56
470 320
270 154
68 175
160 408
8 380
183 227
339 0
472 124
328 29
164 399
144 472
408 470
490 427
134 122
53 224
240 42
384 509
248 40
248 400
16 322
248 24
425 86
158 307
192 78
32 296
372 368
204 408
402 142
274 69
434 460
278 370
281 166
324 337
227 464
437 204
288 22
460 136
104 427
458 440
0 412
74 8
196 224
344 128
262 426
447 16
24 160
208 105
252 480
107 102
139 288
246 451
361 451
448 84
188 480
132 12
436 192
212 370
237 32
33 62
76 470
329 167
408 0
44 76
330 490
252 118
27 251
290 306
160 152
317 406
382 423
221 88
272 350
486 148
416 426
225 322
9 368
191 490
202 232
408 55
366 480
160 480
214 388
16 484
374 256
275 85
111 144
14 120
212 145
112 423
284 116
352 301
421 112
366 297
46 212
68 38
368 274
300 248
480 448
