100
98 40
168 208
58 248
126 186
32 194
13 198
46 90
112 28
86 37
147 248
200 83
136 119
200 164
223 192
146 142
252 104
53 128
80 168
156 212
121 220
80 155
104 239
0 238
170 119
206 144
239 24
24 138
200 26
55 30
232 48
78 212
40 236
223 120
204 102
182 54
248 255
93 152
46 224
100 88
229 158
25 70
68 32
62 10
44 201
212 204
16 192
199 208
8 40
232 90
194 50
197 143
10 192
169 121
211 168
126 91
138 150
190 224
240 120
42 76
8 28
117 38
48 214
122 148
115 241
56 62
96 246
126 144
140 49
242 64
183 120
40 48
242 218
172 72
36 198
242 90
192 22
84 102
124 154
168 128
78 116
84 6
161 56
30 43
218 32
70 116
132 204
120 240
108 154
8 216
208 27
144 64
64 56
116 24
72 248
54 36
26 0
200 12
176 152
64 8
99 138
