5000
535 276
584 528
643 480
556 0
966 200
600 80
207 886
56 958
4 140
264 67
603 423
141 542
951 960
266 13
896 181
582 494
770 624
243 665
32 148
733 213
285 861
1008 208
388 847
48 124
104 917
772 944
908 916
76 1013
346 236
232 711
658 102
355 448
789 976
416 755
336 284
912 650
252 373
1002 252
904 94
270 112
792 788
800 201
924 806
731 512
568 10
522 426
88 104
1015 667
209 594
496 774
632 0
696 36
80 258
1014 192
559 904
640 145
248 567
696 973
65 490
512 4
453 876
420 288
517 452
90 509
868 438
600 612
320 352
489 940
412 788
341 934
905 372
1023 192
469 850
926 508
219 0
888 672
324 240
931 184
934 268
746 809
496 913
12 693
997 617
140 91
242 147
678 852
630 183
528 562
780 512
0 279
775 288
931 968
370 840
650 874
608 430
156 450
855 481
771 312
672 132
332 528
684 761
273 146
292 264
359 940
138 31
700 252
35 0
206 456
244 375
188 494
374 462
968 319
780 640
460 918
278 534
544 732
864 541
179 321
29 762
502 340
240 826
943 756
194 396
91 380
488 940
814 356
440 1012
106 696
324 533
724 316
682 814
556 438
554 460
521 245
173 628
640 512
263 202
756 172
598 913
1019 364
365 1012
830 980
280 241
216 912
752 136
624 186
868 768
967 680
804 520
698 641
96 960
956 32
284 272
966 992
526 458
373 875
111 67
708 824
55 124
386 694
168 660
934 346
73 236
224 810
1020 500
486 696
540 840
350 656
256 898
543 1021
218 151
293 381
387 512
50 168
1013 114
40 512
652 396
788 649
20 987
250 628
880 794
846 128
643 431
743 410
748 524
852 922
961 336
504 424
641 600
870 768
698 263
518 274
781 227
258 907
819 238
292 800
256 20
985 320
233 886
352 412
823 745
320 824
753 448
472 768
840 79
393 20
177 767
487 814
663 264
169 4
913 313
416 490
342 881
858 77
1020 176
12 514
272 89
674 512
660 128
994 146
1020 360
936 695
533 149
87 538
228 417
128 336
583 984
256 482
744 102
793 960
640 998
317 252
76 86
506 94
520 314
884 560
892 579
84 1012
944 168
1015 312
832 402
74 89
408 136
109 644
499 445
736 700
971 160
896 224
118 500
207 423
463 338
136 824
966 649
56 136
592 235
544 960
964 362
564 575
784 576
404 898
508 632
755 588
19 320
676 996
28 112
673 981
336 970
568 619
395 796
386 290
952 206
550 480
320 328
1004 108
471 816
1001 875
858 472
802 709
155 496
787 236
154 128
446 600
487 562
767 14
760 340
801 672
92 107
221 564
336 479
664 344
716 547
490 688
159 338
224 69
240 856
449 832
934 376
570 64
694 101
880 363
756 339
614 204
256 938
310 720
41 104
978 518
32 1016
714 343
6 68
683 208
306 864
894 256
137 272
350 285
1003 875
190 992
232 93
314 727
835 784
639 849
726 648
960 193
925 328
256 988
915 238
805 450
516 82
0 634
716 342
176 710
626 156
762 128
722 206
576 16
492 124
150 136
784 561
982 320
913 242
813 934
832 476
669 1012
389 1020
856 872
363 895
908 734
259 384
836 88
472 192
456 1014
361 32
164 964
76 812
48 736
539 931
796 116
764 874
10 536
396 873
53 276
962 652
514 492
41 631
752 982
336 130
491 500
896 692
272 952
3 884
168 344
328 606
752 556
62 408
848 940
592 904
234 184
976 321
683 666
787 94
432 395
124 102
670 909
964 452
792 216
270 336
796 579
132 1017
860 774
262 577
85 264
1020 554
347 56
0 852
346 979
1014 264
297 244
539 768
830 723
687 318
878 936
158 560
573 478
944 903
967 528
985 26
286 843
168 272
368 186
549 728
451 657
637 976
896 420
522 209
64 999
852 213
880 582
112 439
108 948
874 0
232 494
8 127
904 544
268 625
768 328
856 796
249 788
603 192
538 804
434 641
368 611
802 580
442 154
32 406
704 310
288 863
914 97
880 752
362 528
304 926
274 312
196 30
110 408
885 736
238 66
382 455
480 509
632 575
950 361
912 37
643 498
646 212
652 260
236 728
488 186
650 1008
436 577
561 920
136 417
452 575
289 828
568 740
850 62
74 936
224 184
58 756
275 12
928 136
324 70
296 18
206 257
833 417
795 7
334 912
828 452
573 0
742 676
990 272
396 232
457 614
448 280
296 748
957 760
428 103
943 731
312 290
544 891
259 688
920 946
464 352
288 92
808 136
492 670
76 638
615 362
754 803
356 352
551 82
954 46
458 659
494 939
662 176
319 222
640 256
92 24
300 792
664 484
439 216
692 724
677 32
348 706
926 994
372 315
184 703
517 584
664 182
760 662
960 111
956 970
86 471
404 802
311 336
652 714
976 128
95 641
570 1000
716 736
862 917
577 768
950 128
567 863
672 102
918 0
728 243
142 110
916 330
768 875
1017 265
498 536
76 781
80 77
667 272
908 883
231 626
293 410
224 664
288 464
138 428
364 856
753 360
411 608
756 745
832 704
384 368
82 337
792 334
298 360
528 773
244 799
1012 831
258 646
356 163
922 384
286 520
940 366
520 530
992 909
608 158
704 688
788 341
83 913
92 308
217 172
662 490
845 768
926 325
744 246
272 88
552 730
429 276
673 704
829 740
172 752
664 342
688 396
901 409
344 244
302 848
608 606
143 856
896 274
956 916
112 400
818 951
480 458
842 525
405 864
564 440
412 153
416 50
312 400
864 152
210 856
636 856
708 399
90 237
512 632
240 276
301 919
76 588
502 912
475 631
502 934
765 848
460 947
260 864
589 746
504 470
135 432
528 673
166 0
352 871
156 752
219 724
296 284
604 572
419 256
715 668
128 872
932 73
662 886
592 517
88 543
654 259
792 793
810 458
529 736
311 650
247 907
120 662
536 360
340 535
464 560
536 285
99 28
531 984
58 467
368 476
596 113
158 812
544 448
780 852
69 548
520 40
875 513
270 888
248 392
994 519
1004 1009
358 956
736 428
268 688
80 267
656 985
393 668
96 15
408 288
528 428
470 960
840 262
546 274
960 704
969 581
450 160
569 818
884 851
363 401
256 600
385 798
243 1011
472 998
142 875
1008 835
672 820
620 40
427 770
88 22
712 392
392 346
280 656
321 221
512 64
807 176
316 882
694 128
233 380
775 923
474 78
765 288
441 450
888 136
322 964
89 624
872 884
342 892
353 564
716 357
976 723
382 352
888 790
400 223
658 845
112 370
503 212
526 907
8 564
916 466
576 469
231 206
20 916
480 571
304 504
425 14
704 998
324 179
0 1006
950 672
454 894
484 437
801 642
731 763
364 1008
688 904
1 196
993 1003
8 463
256 775
52 384
697 607
11 775
959 960
870 135
780 52
196 98
784 865
283 722
212 61
134 890
304 72
371 282
131 573
820 860
652 518
112 656
730 486
700 144
303 550
522 176
50 812
236 1006
906 372
446 124
128 805
512 601
974 294
368 368
140 62
840 96
904 660
740 34
460 495
343 112
4 680
960 560
95 524
216 22
788 152
800 650
828 824
636 560
956 200
146 582
769 780
318 560
292 456
254 445
309 118
982 266
584 546
640 898
473 805
559 237
905 554
620 844
885 603
356 704
760 415
968 1004
572 329
624 653
921 248
968 79
593 28
764 334
179 64
876 910
836 144
404 262
91 356
299 170
408 1003
974 79
303 329
68 719
336 665
918 420
937 172
424 476
118 472
276 548
685 794
98 882
496 864
398 638
224 822
168 666
116 976
736 936
728 862
790 266
676 255
405 640
902 448
696 520
316 342
160 204
243 0
378 512
228 577
30 144
624 419
16 517
344 396
928 132
796 728
608 800
193 538
68 494
56 283
620 720
564 158
253 897
156 820
544 795
0 758
8 131
468 97
699 112
979 512
562 696
688 592
802 452
359 352
518 624
861 935
768 342
674 936
226 762
186 848
560 378
165 274
123 760
336 441
661 889
138 61
664 152
779 783
879 608
602 715
488 288
300 445
440 520
384 492
284 1004
125 516
338 1000
990 347
546 693
556 186
149 608
734 155
896 87
377 86
528 320
854 680
232 346
514 903
173 772
384 396
272 896
406 26
98 809
490 438
650 274
655 360
562 652
340 869
153 239
474 112
395 678
103 547
686 962
768 378
664 580
67 208
388 953
567 702
812 572
436 157
742 329
532 549
290 546
115 716
727 332
339 636
32 752
686 127
32 90
489 162
568 182
332 466
464 964
829 160
751 237
752 636
144 749
456 852
979 323
798 357
694 200
259 88
208 710
28 400
487 744
355 188
894 658
267 186
285 628
64 159
706 433
358 410
546 8
400 972
768 274
740 708
768 1009
70 34
943 362
526 516
392 744
145 614
704 576
128 160
480 501
2 256
724 208
40 612
560 363
326 496
548 456
168 772
568 16
448 909
878 686
612 586
972 358
435 836
336 256
197 397
800 776
985 721
516 344
930 669
978 496
800 124
258 984
367 37
424 554
29 928
172 755
176 518
286 402
750 932
102 992
706 572
948 12
751 554
962 437
546 248
773 898
572 256
424 317
290 648
570 574
178 0
0 532
804 956
9 238
192 387
24 688
374 444
132 528
563 989
411 796
466 1012
188 119
50 242
1008 476
530 214
386 505
932 588
500 402
624 936
989 1018
964 489
417 288
886 496
628 854
14 938
754 648
28 789
416 539
532 361
744 360
137 230
655 425
58 777
4 591
476 798
92 877
368 9
567 1008
952 520
240 212
328 910
728 768
576 289
100 1009
328 522
665 664
24 640
775 1009
664 776
336 82
760 540
489 381
378 4
360 971
417 444
116 621
384 644
232 499
785 140
824 910
736 485
808 492
153 928
618 808
22 500
438 162
388 384
874 11
78 12
884 1020
298 232
348 708
136 240
584 69
841 902
995 949
965 832
587 976
226 763
541 315
472 529
592 448
366 190
940 752
280 236
976 779
328 555
64 276
966 753
469 447
1005 473
465 897
162 228
529 779
176 16
356 922
872 116
353 160
119 700
901 255
743 166
272 552
346 344
897 352
216 783
606 674
359 850
406 398
724 212
732 320
23 764
504 392
750 751
712 9
700 632
937 447
24 46
948 77
85 277
864 986
144 995
682 317
273 736
194 874
634 712
114 772
56 146
286 404
771 22
98 108
453 126
708 636
58 965
88 431
791 809
970 425
616 544
440 372
873 440
280 570
764 936
480 912
597 740
986 670
914 373
186 274
588 240
485 870
202 824
692 472
892 128
837 240
330 255
909 48
640 599
990 40
411 36
719 311
800 999
538 184
72 170
936 31
918 702
806 316
343 98
836 1003
96 280
708 492
160 976
156 888
976 49
436 632
639 140
876 4
688 364
648 408
64 476
122 256
18 279
0 156
730 210
221 640
450 792
178 876
400 522
889 901
583 796
95 588
896 0
796 144
596 510
868 328
852 219
502 160
129 132
892 647
786 792
531 812
68 86
49 0
969 161
633 505
142 928
482 83
54 512
192 892
978 319
393 540
458 376
389 858
332 382
396 988
494 100
476 276
962 378
704 838
489 192
608 270
104 754
531 991
276 445
158 984
907 376
423 94
256 744
233 521
242 162
335 896
10 932
76 440
486 672
898 871
182 734
0 506
911 117
571 86
354 754
996 589
146 49
980 840
284 620
760 716
225 276
741 912
360 640
743 557
62 460
994 223
123 498
30 208
94 866
504 480
100 256
822 164
690 462
979 126
62 137
988 179
851 60
820 768
208 940
648 196
208 71
240 562
921 525
232 496
854 904
712 498
344 256
516 536
960 396
160 262
76 399
204 894
404 972
373 908
630 466
317 380
224 929
392 11
512 600
256 116
427 996
560 597
828 137
204 553
310 569
764 248
711 126
487 52
328 231
840 648
888 148
584 774
568 856
43 48
272 875
724 791
604 1000
564 728
888 544
8 1000
962 626
309 269
512 66
710 576
230 256
920 456
652 863
258 622
283 229
704 530
987 628
270 728
480 24
576 400
144 14
819 380
564 775
362 592
962 674
240 0
32 196
33 110
452 624
87 592
64 658
242 990
987 745
103 521
808 943
220 136
288 223
660 722
624 720
103 880
216 509
698 958
256 550
816 216
458 221
420 314
170 324
642 458
840 760
312 873
872 800
914 48
288 220
460 152
960 626
16 856
485 515
10 120
856 507
719 972
320 900
608 642
224 904
544 980
622 1005
504 372
34 456
316 59
620 60
360 604
344 56
374 718
511 684
539 860
1020 4
730 1023
730 804
134 836
133 808
757 260
59 468
401 61
63 133
420 858
356 516
657 846
48 640
802 473
664 663
704 122
214 778
356 933
344 440
822 353
919 566
8 400
286 56
354 644
84 96
851 132
156 598
868 652
144 185
357 288
370 120
942 272
36 24
15 633
416 328
464 966
848 601
638 335
59 75
470 227
618 128
284 258
101 452
175 247
128 164
671 636
911 858
38 667
1003 205
934 432
966 76
448 927
576 241
974 288
649 850
776 298
94 952
16 668
463 774
360 817
580 164
410 28
643 714
22 720
112 420
900 952
976 928
403 88
652 786
480 655
868 704
11 160
820 35
713 40
896 498
652 250
319 739
668 912
260 176
472 248
548 1010
998 128
396 776
993 324
909 990
179 624
135 640
325 194
491 975
948 120
464 556
960 8
564 383
490 154
820 512
928 688
315 608
432 924
960 276
877 312
896 962
838 160
864 544
904 330
538 778
134 778
388 838
716 128
526 194
148 638
968 814
426 640
896 646
29 65
702 782
90 115
848 274
680 292
468 515
805 621
295 608
728 360
932 128
577 260
1016 251
608 234
910 744
311 188
764 636
208 714
638 32
868 514
344 948
725 464
856 552
110 606
646 582
542 819
247 436
219 30
448 985
962 984
28 994
752 608
694 144
552 708
544 975
209 853
588 868
754 768
774 586
918 714
528 148
835 722
111 220
250 36
896 830
472 510
1014 272
860 716
272 459
925 470
664 472
288 862
688 32
619 128
832 320
88 672
1012 845
150 152
64 768
659 302
230 392
796 576
964 740
716 742
400 374
136 1020
220 580
510 32
586 307
320 778
797 175
953 511
600 328
415 893
306 399
350 28
183 334
598 604
732 379
894 614
138 609
896 448
191 426
546 416
238 902
360 641
927 404
888 216
33 523
95 851
277 656
1021 928
54 478
858 936
88 448
354 316
226 701
639 0
258 1008
316 16
82 924
420 428
490 530
686 208
874 354
270 422
580 343
48 642
366 282
532 308
980 152
69 0
157 284
956 18
304 233
394 330
873 450
220 846
174 572
158 342
55 936
906 498
658 51
380 188
437 827
452 27
888 695
702 685
200 876
751 900
888 1017
828 969
802 313
828 186
650 731
296 112
828 378
628 828
524 292
991 668
160 175
223 538
1023 985
844 670
34 180
741 680
596 736
272 362
886 673
0 48
45 150
523 985
468 357
339 322
896 394
720 96
812 92
388 17
875 236
322 36
936 894
473 799
152 916
890 532
524 251
590 988
284 745
300 272
850 426
24 120
931 420
704 18
586 444
994 75
283 400
1020 48
539 548
917 352
850 524
520 513
828 358
820 334
398 657
459 448
546 133
678 552
656 904
174 975
80 512
36 459
663 544
728 658
654 600
104 840
464 376
927 683
460 554
156 1006
370 656
678 148
68 195
206 114
265 40
760 822
0 456
218 320
712 444
640 692
156 134
280 664
983 220
110 54
933 536
62 72
605 857
397 489
67 352
84 430
927 752
278 236
540 333
419 468
344 941
233 680
710 1004
234 88
806 464
509 965
670 34
963 700
834 462
304 66
926 559
768 664
53 20
601 714
282 172
36 139
400 29
173 182
490 269
467 768
766 236
236 92
640 32
930 678
288 781
592 316
462 596
744 550
340 82
575 34
580 688
44 648
272 549
304 976
730 8
112 92
174 747
186 576
588 648
256 880
32 142
825 972
757 510
444 264
279 733
618 730
396 462
364 854
1011 830
961 376
202 400
234 704
479 933
773 314
990 549
484 428
662 327
720 466
520 907
752 331
307 480
228 832
448 110
603 296
12 229
491 48
571 375
295 614
76 0
721 603
852 919
88 174
232 71
248 333
849 26
324 150
372 470
838 748
908 560
135 926
752 552
602 892
446 681
320 980
599 1015
231 401
98 135
103 564
882 151
320 63
484 618
395 554
266 412
759 877
864 974
674 640
996 36
742 516
694 392
282 537
933 842
208 45
460 536
123 707
64 416
738 372
828 890
722 380
696 339
288 864
300 284
951 796
680 624
446 413
297 372
704 760
915 9
825 298
160 257
648 740
512 297
728 505
706 274
747 656
384 558
752 418
640 600
288 1015
176 938
462 634
393 746
1016 760
968 174
608 975
1004 486
380 861
592 414
986 380
495 479
418 942
440 437
440 688
880 454
272 849
937 389
444 419
642 274
972 446
305 1006
514 732
35 723
784 330
112 256
755 772
450 374
266 375
216 940
117 174
286 984
756 840
854 244
287 1017
512 604
245 859
419 192
864 581
490 68
785 448
351 368
372 224
238 748
115 96
959 651
886 88
256 595
447 388
214 800
488 998
576 440
112 520
408 160
932 876
202 420
807 364
826 536
562 1000
34 270
744 659
940 887
36 624
324 252
702 426
624 98
808 786
86 318
576 4
704 179
876 190
123 219
547 436
452 425
772 332
885 325
484 514
228 232
56 748
72 792
749 46
325 274
492 24
222 536
172 673
238 545
1014 312
756 592
350 360
989 447
886 438
764 856
931 480
945 781
819 503
17 582
793 466
402 658
444 152
700 180
807 508
544 252
23 600
664 411
531 583
166 327
240 440
1022 660
192 596
512 715
5 246
966 710
792 1012
432 601
627 89
205 791
877 328
118 591
505 71
807 800
67 602
603 1000
415 320
354 450
509 614
645 1012
555 758
837 796
43 798
866 972
728 192
91 540
104 184
24 756
533 256
448 455
778 960
776 856
640 578
224 561
436 999
277 456
680 300
68 320
1016 952
127 31
909 348
113 326
1004 624
4 1008
149 153
285 113
644 896
971 294
332 948
422 166
942 348
67 34
808 702
1021 468
391 652
328 783
129 288
765 392
482 50
478 436
4 24
307 34
264 481
656 792
852 774
998 692
234 999
129 10
690 128
784 60
317 949
811 689
812 942
704 678
480 904
313 326
789 486
516 104
359 160
1020 249
790 804
282 12
854 308
946 556
24 468
522 414
943 904
1022 945
626 614
922 710
952 885
128 192
678 816
916 834
578 668
424 676
256 651
808 556
722 512
472 858
942 156
236 396
672 312
270 169
266 308
408 704
704 505
654 831
768 962
480 897
568 35
480 624
902 282
674 0
26 213
772 878
160 302
368 288
51 502
256 837
887 86
122 640
0 818
574 771
12 6
253 168
22 618
422 1002
768 940
992 574
12 669
285 146
912 159
595 321
520 920
492 1018
596 367
1000 24
222 252
707 239
490 220
872 5
819 365
70 752
437 917
358 944
553 128
480 450
912 493
356 482
1000 348
16 397
626 988
980 832
24 896
24 852
260 108
46 628
474 534
342 400
628 717
664 620
361 458
124 540
256 209
704 1003
796 976
838 628
216 590
921 376
712 176
479 140
642 598
64 828
1005 832
101 800
624 668
155 443
624 206
240 1008
230 448
450 660
840 972
420 370
288 469
224 866
96 744
244 676
52 468
224 677
402 932
192 858
882 0
30 1012
644 952
862 960
656 576
320 417
634 668
818 607
891 655
167 388
517 62
356 852
205 488
544 194
672 526
782 120
40 862
810 516
836 647
98 1003
480 355
912 168
840 12
992 524
64 858
200 104
853 744
112 476
0 900
884 395
524 784
827 720
417 415
413 608
59 565
32 592
114 799
0 112
848 448
496 308
94 353
906 738
436 879
164 300
857 503
70 270
990 444
191 756
304 224
82 721
268 509
869 582
720 173
568 71
103 574
458 645
805 250
21 795
226 648
687 908
143 48
751 48
432 597
792 888
648 634
729 948
560 626
218 486
279 688
692 553
944 860
940 660
754 556
772 779
214 766
63 1008
176 745
109 794
1002 80
392 874
138 352
398 652
210 1000
548 180
0 616
726 664
504 388
448 762
200 723
320 985
465 261
694 965
934 1
940 587
668 510
657 799
805 0
232 666
41 968
710 314
792 816
668 434
572 341
566 784
760 752
832 258
513 436
979 171
730 203
76 628
984 261
541 960
232 272
440 943
702 877
36 576
234 192
884 644
1018 608
18 481
335 883
40 619
274 180
677 782
789 942
512 668
175 688
501 200
742 856
666 408
84 76
9 728
36 752
336 720
252 472
430 187
981 678
152 468
632 448
502 640
852 397
827 64
837 716
171 442
468 406
4 462
23 934
834 114
800 108
476 312
846 288
638 771
491 98
237 386
179 594
43 352
563 572
86 165
116 120
378 433
464 604
693 788
920 312
320 756
974 808
832 283
370 592
672 180
416 92
192 832
11 780
505 224
916 252
599 690
712 910
128 429
51 43
733 247
132 144
105 645
588 1005
432 948
800 754
632 247
612 992
936 614
0 826
850 998
349 62
944 267
248 128
352 320
110 870
100 928
962 802
556 177
688 838
384 0
1018 864
128 930
756 308
508 992
998 735
187 304
405 143
555 346
481 736
72 537
210 172
634 465
412 548
821 840
388 77
514 376
436 770
800 283
841 598
700 508
837 650
866 952
668 124
237 228
971 764
623 988
792 994
1008 636
882 856
208 282
599 926
544 268
960 548
541 725
292 957
970 904
42 676
660 841
148 362
892 856
466 532
192 189
984 874
282 306
796 320
940 1018
800 476
686 304
616 112
994 757
836 806
53 425
324 705
602 586
18 386
388 442
553 408
701 172
784 544
170 919
117 472
674 256
10 928
983 354
824 789
435 220
626 854
29 904
484 864
976 630
121 536
152 828
626 364
320 276
856 478
338 350
801 360
584 169
488 605
556 915
662 177
1005 978
843 256
20 0
836 210
692 998
654 626
101 340
161 26
722 748
306 603
486 816
826 108
442 616
528 619
666 116
392 124
431 671
160 390
132 15
503 336
816 448
483 554
848 944
336 432
129 557
924 968
178 606
783 755
498 707
18 705
50 312
132 641
856 80
402 820
28 900
1001 618
62 194
928 771
830 192
940 810
502 760
256 830
472 516
296 159
866 711
598 634
264 672
954 930
676 13
652 184
531 1003
384 284
451 324
240 284
908 268
892 488
114 432
612 455
96 620
173 858
17 96
858 350
599 605
851 553
410 482
478 62
110 1016
682 734
262 372
685 892
512 726
427 502
800 903
16 934
996 394
637 512
972 790
21 783
622 608
300 937
784 648
55 922
751 930
390 541
621 22
264 484
603 948
227 215
406 576
1020 384
605 447
840 367
672 722
447 156
936 765
320 550
197 277
70 611
1018 246
235 516
793 608
240 642
960 410
560 116
22 357
992 150
672 832
392 217
651 85
143 409
623 296
650 459
368 424
796 768
748 156
966 659
1020 43
632 96
82 919
539 554
24 352
252 0
750 1021
802 380
77 534
474 63
830 404
524 592
776 248
994 926
800 1018
652 858
818 1011
872 590
561 120
708 88
593 156
802 87
704 412
286 720
460 626
416 468
800 400
870 796
120 326
479 631
770 984
532 808
960 304
88 768
392 540
624 628
512 544
867 681
329 145
947 850
916 246
465 962
200 812
315 472
1016 998
231 250
730 128
156 740
436 992
620 742
165 542
104 592
412 128
324 692
130 725
762 980
158 880
546 365
350 234
590 700
928 710
440 348
980 112
540 656
414 480
492 910
0 748
424 403
52 710
902 725
478 389
160 726
328 762
104 540
944 67
964 120
427 312
556 969
568 632
804 984
642 604
431 294
1018 444
518 134
768 641
462 476
248 974
249 650
1018 900
722 164
477 996
94 682
144 270
892 336
944 579
170 800
220 704
398 365
317 767
552 820
1022 1
320 0
984 10
828 593
116 819
984 492
146 130
192 807
994 155
98 54
784 848
772 371
579 135
966 872
942 698
2 630
881 536
336 496
787 961
764 820
255 288
377 140
144 25
415 1015
305 102
330 216
559 564
658 655
641 888
304 768
764 100
947 976
563 790
629 396
976 270
812 567
761 314
730 720
364 467
24 191
504 910
352 444
32 504
907 540
769 400
156 196
271 24
760 455
888 888
864 861
48 231
486 512
852 704
8 168
739 120
827 571
544 490
286 968
574 10
192 326
352 88
600 576
540 472
44 108
17 448
128 295
266 268
126 168
868 816
956 302
954 143
12 810
742 34
220 506
232 192
48 692
910 0
754 639
608 464
916 94
709 819
164 784
382 416
622 628
225 345
192 556
152 648
152 535
1022 610
464 657
352 835
184 692
7 711
635 670
540 592
290 986
664 173
944 320
352 186
759 640
528 865
640 880
335 736
900 888
216 508
107 448
29 48
384 982
974 1022
570 102
331 937
582 851
666 514
320 134
232 208
923 732
866 992
491 162
538 320
406 335
736 60
899 792
560 280
65 516
653 200
184 282
104 561
774 880
627 1000
208 6
284 696
360 799
976 364
506 954
117 302
821 136
868 751
716 870
396 772
287 700
750 731
45 640
96 704
496 606
292 961
882 7
31 50
802 816
618 288
188 610
576 720
824 10
639 64
311 260
852 190
292 898
899 6
5 608
884 928
204 633
335 636
395 766
678 918
123 370
849 342
38 674
742 753
124 351
578 363
452 109
877 912
330 191
0 208
450 112
982 764
983 413
776 70
184 720
467 140
596 153
80 328
857 592
171 684
454 666
662 500
576 788
416 112
840 780
178 314
82 70
230 736
38 323
704 180
744 248
18 218
698 1016
544 1010
139 747
494 144
749 574
115 313
43 142
6 143
619 750
648 749
653 926
910 770
208 1004
152 422
112 624
303 711
972 456
638 396
200 96
775 953
800 348
62 222
242 445
985 508
602 605
247 249
618 921
66 280
634 144
304 412
237 1000
256 800
659 299
688 480
403 264
261 896
32 976
476 64
288 480
682 772
64 688
285 168
668 132
235 150
38 512
104 950
588 541
416 630
253 624
786 347
14 77
992 816
0 186
120 222
172 1022
432 689
484 219
66 178
424 656
467 806
125 844
576 1002
132 632
836 86
282 181
765 976
627 963
352 1018
537 239
448 53
496 256
396 324
3 256
60 578
778 949
338 588
0 756
1006 252
500 556
270 828
277 728
637 848
324 418
940 642
156 966
160 88
625 835
644 17
2 296
917 580
356 224
92 282
288 736
65 520
922 813
872 32
681 800
440 932
528 307
976 780
876 828
15 482
342 404
447 872
480 676
154 707
800 832
435 258
416 580
924 666
952 559
280 827
128 524
908 528
160 489
320 491
330 112
112 588
378 304
934 872
392 952
984 703
86 736
810 1008
390 351
872 688
992 560
652 636
672 767
936 912
880 421
758 960
620 738
420 688
827 1022
161 768
919 584
615 190
683 634
342 138
712 533
616 806
64 581
161 462
152 227
477 353
948 392
322 198
64 211
536 416
819 960
405 38
958 1007
650 264
966 1016
752 926
782 682
106 168
796 228
598 548
844 917
901 957
1005 775
128 564
258 886
592 443
222 80
695 237
588 740
430 863
350 816
461 321
72 480
846 381
102 253
688 637
545 891
986 662
394 832
325 281
443 372
792 506
750 480
394 415
568 638
320 192
847 208
256 428
13 104
103 520
662 294
11 644
673 808
960 936
832 370
864 576
940 628
530 896
202 896
48 492
1016 410
244 158
624 704
736 768
120 836
324 752
380 288
765 58
685 497
882 39
96 762
282 679
662 764
55 281
464 520
434 896
735 112
255 139
60 976
237 351
1000 859
674 160
384 608
560 742
953 1016
320 56
746 296
344 993
184 774
274 307
375 191
852 353
134 908
1008 408
300 17
352 256
734 272
692 529
176 730
736 976
764 408
692 452
816 895
527 592
183 248
764 519
264 421
676 549
847 943
59 440
578 126
222 268
768 120
606 464
629 195
684 320
480 49
745 928
678 369
505 693
712 438
688 286
404 290
809 272
952 4
438 728
728 386
793 551
464 519
383 870
90 388
850 852
304 179
914 512
522 946
36 369
900 790
512 768
1012 550
52 769
160 473
714 708
782 16
418 224
162 967
594 112
64 275
134 652
737 364
244 522
430 720
540 362
786 608
512 76
236 425
58 424
239 228
91 504
646 906
468 46
637 248
576 248
886 512
992 115
64 926
889 644
520 961
979 16
564 480
262 902
644 965
549 895
340 485
232 96
648 31
46 122
339 310
848 69
198 808
758 135
456 1020
207 1014
696 838
791 80
512 304
732 908
268 398
568 794
573 734
300 129
254 950
575 174
363 646
423 30
452 664
18 161
336 52
946 1007
719 550
32 692
176 756
903 552
211 714
336 1022
29 331
432 952
414 320
877 552
364 888
704 564
927 524
175 588
912 564
592 57
920 925
599 400
918 44
666 368
415 528
964 324
64 400
402 62
221 940
463 176
524 725
416 401
834 754
989 69
927 1008
310 748
585 742
528 374
76 478
261 944
230 640
703 474
731 704
889 928
523 67
251 676
933 144
720 13
295 200
480 77
330 702
700 788
442 994
671 205
51 731
140 200
692 448
983 388
859 4
933 616
193 657
50 708
245 164
848 196
372 386
32 574
320 795
315 939
452 656
38 846
911 806
110 442
924 131
591 878
252 834
308 528
448 228
432 752
972 644
552 432
67 342
831 362
96 0
602 854
438 776
288 716
91 488
238 772
264 879
628 896
852 564
328 99
610 23
458 17
128 31
885 1002
124 416
229 288
164 728
725 8
693 79
326 410
564 175
756 320
956 109
877 256
856 456
940 330
60 803
568 39
558 922
699 811
10 439
844 928
517 228
0 292
800 290
692 15
416 852
442 352
440 784
1005 40
1014 410
235 356
593 480
103 177
124 100
690 796
1004 523
351 256
493 204
568 640
832 914
377 873
423 708
872 578
268 808
320 304
98 984
214 1022
664 500
599 194
94 874
560 560
799 266
894 587
736 211
209 854
243 722
254 581
320 48
908 806
28 64
316 313
336 252
425 908
544 776
548 680
438 598
784 440
432 403
292 384
132 287
405 35
80 602
838 861
764 896
128 850
783 86
322 602
936 0
605 693
221 896
828 340
688 514
608 944
800 46
336 412
748 548
268 1000
413 100
658 455
608 30
836 732
972 0
312 777
508 204
915 477
196 808
454 828
209 763
288 152
124 272
9 732
48 832
413 729
974 544
869 572
896 477
192 407
480 420
720 336
960 384
512 644
272 720
973 545
224 512
524 164
268 908
340 160
597 852
622 142
166 488
26 240
430 245
320 732
522 470
944 491
986 0
616 844
946 904
378 786
845 662
570 40
626 782
984 1007
1012 896
614 774
1004 890
28 670
641 409
0 237
26 68
349 778
628 794
404 731
560 200
643 800
158 512
677 860
728 986
571 82
852 409
283 50
826 167
439 426
548 0
205 824
942 270
886 237
593 544
164 88
266 534
771 385
790 907
240 116
516 699
168 264
123 694
867 800
1 380
560 448
305 740
1021 312
83 998
276 779
406 930
627 665
616 761
766 399
504 574
564 632
556 64
736 720
144 990
569 904
904 269
416 199
911 224
824 344
198 382
611 74
355 544
506 650
892 698
168 76
881 143
138 232
1006 68
114 984
305 693
272 423
104 139
494 421
382 992
832 411
586 165
386 936
310 894
842 232
442 249
56 736
472 772
997 809
612 343
731 689
252 538
190 52
1004 437
840 952
864 403
616 742
196 176
801 931
716 120
368 152
128 624
176 576
342 205
77 690
642 49
643 970
132 92
156 308
956 27
923 138
792 475
362 168
190 124
496 68
530 10
335 609
864 1023
517 664
841 686
128 359
490 164
462 768
377 582
256 1008
538 66
78 534
972 230
896 172
859 126
890 674
718 320
554 401
256 960
560 9
440 652
304 808
54 928
19 604
810 0
327 227
658 746
381 846
507 584
649 596
479 680
928 146
786 526
220 86
578 896
375 696
1008 841
64 541
353 364
31 997
18 830
406 722
520 764
81 702
608 988
360 387
320 582
796 440
954 700
560 392
501 948
250 152
591 298
49 610
208 237
336 40
866 468
631 640
710 128
686 170
96 776
714 66
288 510
688 650
361 352
676 752
433 828
876 496
440 512
574 554
256 494
50 57
218 847
24 625
378 556
80 354
458 282
771 56
366 584
336 416
989 837
137 874
820 769
961 204
754 457
212 810
479 709
264 717
131 424
400 777
814 156
758 56
188 375
130 802
422 506
778 136
81 961
256 128
38 987
788 560
46 375
956 1021
108 956
854 552
601 829
159 424
788 755
478 678
351 1021
668 308
256 234
144 488
601 161
242 397
449 1016
50 624
741 410
942 558
983 186
506 966
83 912
778 808
251 632
94 844
832 836
726 4
673 599
561 752
942 328
351 376
48 824
321 744
856 970
548 901
652 20
0 957
593 579
422 812
112 557
51 169
112 661
475 866
252 1012
466 546
122 184
690 792
81 288
890 544
171 710
12 115
378 631
432 679
19 621
527 704
968 49
1011 80
784 480
21 550
883 317
622 952
176 65
221 616
864 304
320 184
284 416
914 944
34 391
376 996
54 253
357 704
480 0
624 216
719 548
526 695
989 309
191 52
24 981
150 285
696 298
499 786
356 838
245 48
892 981
86 213
896 904
768 936
178 350
300 695
672 748
938 840
623 656
255 436
828 818
506 632
634 2
0 832
886 904
438 970
947 426
280 87
940 484
979 360
298 533
39 966
852 653
440 470
504 1012
452 940
9 904
100 641
964 928
946 92
467 960
2 916
1008 940
1008 467
488 906
448 303
537 42
288 78
704 264
240 608
421 1008
236 548
153 494
662 716
840 312
662 830
235 145
483 894
760 688
152 352
454 472
288 954
520 286
93 464
314 921
428 658
582 112
772 52
460 51
186 475
257 740
884 0
281 869
415 564
573 817
161 492
761 96
598 511
393 285
847 148
152 915
276 811
792 612
964 76
106 542
496 56
98 544
459 588
15 612
196 696
188 202
258 346
68 361
213 952
613 565
572 343
920 911
210 939
404 658
512 312
714 803
0 561
189 738
592 42
612 208
974 124
101 754
9 704
784 566
400 91
696 500
752 38
482 118
984 112
372 943
124 656
651 286
40 702
287 551
738 42
176 527
664 326
536 300
1012 519
447 348
892 416
123 917
196 564
164 322
690 830
2 90
491 308
753 80
811 872
448 232
506 752
572 1002
204 1013
351 624
604 1022
372 996
768 1006
172 954
8 268
793 452
890 274
180 842
673 821
296 484
760 144
576 946
92 1007
920 28
706 58
767 804
492 668
850 928
274 527
676 58
106 572
84 841
208 192
493 688
811 354
520 182
468 228
452 907
624 382
4 62
432 1022
678 36
692 604
672 752
728 316
704 832
322 1000
56 400
570 290
222 668
774 80
882 448
736 796
209 232
405 842
516 817
245 242
120 632
240 804
773 786
919 104
608 363
949 544
574 779
318 510
494 227
112 246
589 846
724 737
612 48
663 618
765 376
240 144
582 672
349 88
77 715
616 968
425 656
912 947
623 627
501 70
145 538
181 468
104 738
680 147
827 278
907 656
377 962
631 656
240 762
431 727
929 114
956 366
453 426
755 468
800 170
467 412
256 38
11 457
284 95
110 76
560 927
472 51
120 598
228 58
542 636
272 980
704 202
32 476
718 701
144 742
1008 464
716 912
879 1004
304 864
100 428
478 799
30 392
293 988
532 950
942 288
540 828
200 512
894 940
904 18
732 76
896 132
201 1021
954 720
990 400
484 672
186 654
680 312
992 266
120 923
507 628
188 320
612 256
286 384
388 1020
866 135
920 43
228 892
996 581
538 830
540 904
288 524
724 286
848 843
267 466
612 288
164 134
408 216
194 1008
410 641
960 523
909 206
228 648
94 280
872 176
200 38
128 643
556 178
208 176
901 554
664 791
290 212
457 918
976 842
176 998
770 0
860 864
182 780
853 309
723 64
586 244
592 814
393 696
530 744
384 357
846 835
848 792
963 120
190 274
432 20
129 587
294 700
400 392
905 428
480 930
202 771
826 700
366 879
0 716
237 124
282 778
285 293
443 834
652 72
22 450
955 48
615 962
88 524
259 635
928 56
162 340
896 808
490 432
180 952
879 1014
654 1008
729 563
0 868
617 702
850 72
776 168
742 628
835 924
453 882
336 338
536 544
940 17
512 360
834 33
590 70
970 1010
692 296
876 336
768 622
478 675
480 568
75 192
376 183
478 368
192 712
960 344
792 433
552 1022
755 104
152 148
544 874
724 200
708 404
1004 266
264 1010
434 816
304 928
444 212
183 996
798 929
372 988
671 880
738 853
203 267
971 512
1022 396
384 686
790 448
948 768
1007 788
349 692
501 632
524 880
923 529
129 320
874 248
41 274
960 7
212 546
926 140
970 144
669 880
228 32
176 73
502 780
320 890
100 288
222 463
368 286
278 379
686 860
736 78
825 0
149 832
171 440
0 326
634 381
808 140
560 81
170 978
163 472
594 872
188 760
815 147
144 710
358 402
646 60
956 536
707 384
420 1006
214 428
807 350
301 609
642 240
346 626
96 362
34 466
780 344
932 385
253 750
88 640
484 870
776 284
70 864
910 894
186 579
256 88
830 88
104 78
192 916
732 528
580 105
368 323
72 492
90 138
136 550
876 950
812 912
128 1014
749 200
370 388
314 897
464 118
664 614
27 955
260 807
490 692
746 128
226 72
864 593
830 494
616 896
312 303
580 106
572 0
512 226
32 646
544 611
311 12
336 610
767 112
960 497
314 984
632 480
888 111
976 352
629 268
292 886
825 764
180 155
861 663
30 32
976 334
744 110
504 406
440 360
589 416
589 296
188 80
944 960
781 232
53 978
658 896
304 290
234 534
312 402
972 574
179 880
624 1012
904 631
724 831
117 432
658 587
220 573
148 568
834 166
261 628
489 390
148 800
341 411
8 456
445 808
896 121
582 887
842 372
834 335
328 540
320 621
667 1020
474 288
981 180
219 804
432 677
996 477
390 318
142 900
788 704
304 162
716 53
339 1000
144 13
710 686
238 564
800 576
632 66
256 292
831 588
764 808
56 812
476 188
672 451
225 236
407 28
698 224
112 436
636 193
341 128
752 916
669 379
360 642
815 334
12 452
992 584
404 114
896 4
529 656
12 28
306 264
416 575
698 65
778 126
900 588
648 965
159 636
71 482
672 28
652 783
791 574
791 940
232 319
984 439
484 860
682 729
819 482
448 504
520 406
642 512
134 1016
290 660
746 108
540 370
996 656
404 97
295 744
356 869
378 111
748 690
265 308
168 246
668 242
575 801
609 728
618 462
256 288
176 172
312 516
892 117
93 470
380 878
816 704
590 24
731 386
844 551
388 496
656 370
847 672
533 84
250 748
712 496
240 328
765 25
780 790
0 869
297 416
180 768
884 850
364 991
790 601
852 816
434 547
100 580
884 957
23 588
493 938
26 888
424 19
164 0
938 677
937 592
372 906
677 733
4 242
677 883
357 908
969 422
894 40
868 464
866 172
128 426
704 361
141 968
804 62
384 640
1001 962
230 950
361 69
626 604
335 330
208 232
488 938
272 271
513 950
352 896
414 188
496 322
269 335
250 90
501 915
200 544
704 110
619 870
998 733
437 36
136 222
176 272
439 905
440 24
658 612
294 977
543 506
672 723
594 440
948 24
877 739
54 11
132 104
182 760
283 928
931 263
620 458
214 768
405 844
906 832
323 832
598 778
342 311
100 82
968 128
352 915
226 800
388 190
406 310
623 994
0 136
340 30
694 438
542 444
112 693
786 338
536 277
952 648
732 966
508 285
544 843
800 190
470 252
270 321
279 875
604 192
152 531
948 692
296 712
846 380
308 212
835 935
974 128
506 256
835 480
356 964
548 713
558 960
543 616
280 717
320 535
1006 801
76 44
896 724
0 568
689 44
82 524
688 576
668 110
224 68
136 764
648 320
96 59
926 822
160 472
864 752
650 804
648 752
360 412
436 32
400 444
258 132
8 1005
859 29
973 885
436 860
416 669
183 734
409 884
24 644
539 704
605 960
480 852
110 675
168 376
318 134
944 163
793 168
228 656
3 64
127 860
559 20
774 942
840 228
189 262
627 128
24 476
656 37
50 176
46 42
0 696
587 771
134 964
704 488
400 120
296 513
455 298
553 8
593 655
394 380
371 177
277 758
363 850
886 212
668 917
928 944
844 121
839 388
296 628
976 608
422 866
1007 64
980 108
881 833
796 918
673 128
37 26
741 940
16 14
189 621
944 996
447 571
7 926
764 80
998 466
285 260
776 914
494 948
228 414
936 201
780 192
914 728
703 913
928 221
482 933
208 964
798 13
185 216
392 339
714 723
222 336
256 496
810 62
883 234
439 920
260 662
938 1000
832 667
760 962
728 430
1020 140
196 302
868 636
434 560
304 896
216 992
640 112
756 292
744 112
891 590
171 596
712 572
883 930
1008 681
1017 812
440 635
501 858
680 48
766 648
824 566
804 216
271 562
372 682
695 420
683 856
240 958
817 854
640 84
288 796
1001 944
352 567
282 477
863 268
550 268
574 762
954 764
218 862
436 780
116 370
302 316
526 837
448 696
728 537
32 274
7 363
195 40
209 668
114 678
899 60
52 399
660 928
870 588
400 326
186 472
928 440
816 263
512 599
248 138
704 378
678 1007
58 500
520 864
342 346
831 508
883 960
662 341
184 895
112 68
16 424
496 994
128 702
923 946
28 992
840 856
80 697
809 505
761 6
139 248
96 353
426 46
12 809
935 89
724 278
20 992
590 518
544 983
778 320
552 968
633 308
792 304
804 260
116 460
959 35
332 794
248 364
168 178
240 484
574 894
800 83
824 47
452 721
696 218
348 627
1000 118
995 857
720 275
250 426
430 340
395 366
94 908
238 228
735 306
236 585
420 601
388 60
634 710
760 408
864 524
403 16
880 453
994 746
939 678
64 704
653 972
172 104
672 484
704 0
183 671
420 394
729 176
740 952
104 11
216 352
774 260
520 608
460 138
835 606
472 554
678 604
424 732
268 372
208 792
244 656
696 134
176 464
965 218
678 119
936 683
850 921
627 768
902 209
234 524
228 810
973 840
61 26
78 558
74 416
256 912
720 28
800 0
148 46
637 800
0 218
661 511
728 288
344 283
687 368
264 1022
894 407
898 916
694 176
16 144
342 96
193 339
776 270
48 921
352 658
420 752
720 702
686 184
8 50
652 290
672 544
931 900
944 672
695 168
475 92
480 716
876 366
53 708
696 0
400 753
320 714
663 272
27 170
838 745
216 1011
924 516
576 924
871 768
632 666
763 556
168 540
822 868
344 994
84 470
570 426
683 128
879 586
257 449
179 940
518 742
308 436
464 570
314 608
280 253
290 650
320 404
97 192
896 620
740 814
12 283
668 514
144 0
28 226
724 568
850 664
559 376
361 497
648 414
468 368
472 744
206 106
122 607
991 192
615 64
126 937
754 980
287 448
20 491
228 88
816 377
384 1009
512 206
384 392
18 852
336 77
844 256
16 955
176 120
800 774
774 852
348 833
269 572
852 864
184 948
155 814
359 18
315 274
480 572
508 24
108 773
136 475
758 24
552 400
212 917
484 944
241 432
605 346
392 452
976 696
499 859
103 149
128 558
723 352
830 64
704 176
484 458
560 166
877 277
382 130
250 785
11 503
704 400
826 234
668 908
387 998
501 324
544 637
544 90
851 504
985 835
992 642
57 495
1022 356
148 809
196 556
528 571
912 342
251 444
172 101
860 576
288 968
118 880
656 412
737 618
700 400
824 160
628 898
192 570
704 496
221 178
562 405
435 842
122 533
294 456
907 542
88 64
594 158
484 608
201 960
360 524
998 500
554 456
872 272
51 128
910 696
818 640
858 553
274 235
384 503
382 720
748 847
395 451
747 736
531 1000
364 992
151 67
367 952
447 279
712 463
912 504
176 91
120 126
816 777
319 800
154 450
158 584
753 912
160 588
264 287
838 832
231 840
448 396
704 418
618 740
45 681
252 481
98 288
888 264
510 356
102 79
938 879
104 30
456 799
340 932
56 588
738 772
645 976
708 869
194 704
848 856
936 885
408 766
222 894
144 832
128 456
491 104
74 224
380 961
512 432
824 447
702 340
454 600
0 408
918 212
932 277
924 148
692 247
964 218
64 15
342 340
192 618
710 13
738 755
388 912
196 446
464 911
824 774
300 314
862 336
950 124
15 450
744 576
615 116
272 826
584 121
136 484
864 128
980 366
375 632
704 905
901 558
48 223
247 276
703 204
520 855
774 301
321 928
412 222
266 660
20 509
183 650
438 46
520 176
548 870
1016 940
804 535
112 50
736 496
524 207
664 984
8 566
840 468
757 460
555 641
948 216
0 1004
739 7
313 772
643 152
348 584
848 14
196 974
920 560
821 369
188 741
604 624
195 732
445 625
688 958
415 500
964 165
200 880
389 749
764 724
216 679
144 30
148 206
999 558
619 748
648 972
878 283
907 6
886 565
832 964
712 40
22 634
570 960
914 380
204 298
996 231
628 512
228 76
348 328
702 71
795 819
540 3
1000 614
368 568
388 208
839 726
664 861
188 20
348 241
100 716
138 134
444 20
778 55
448 484
544 537
360 346
732 840
679 812
564 232
641 256
508 668
726 896
525 156
160 194
