1000
28 64
6 510
370 127
401 156
37 124
379 192
246 148
393 267
491 476
204 408
18 252
472 86
0 264
8 153
300 205
66 64
509 191
200 98
377 298
450 326
122 440
46 224
131 444
348 135
378 190
270 20
481 428
57 400
1 118
480 78
472 410
188 68
48 288
338 448
448 91
442 206
44 364
16 446
196 67
417 254
319 186
416 146
78 352
384 500
351 202
335 354
164 363
498 288
272 203
352 324
144 243
105 384
332 496
56 136
228 61
321 448
248 65
435 160
241 176
64 66
104 416
88 32
404 12
397 400
51 230
56 259
383 196
385 74
304 74
336 364
376 464
460 478
504 296
302 155
225 80
262 384
21 135
164 272
8 450
12 200
432 112
446 15
166 472
136 384
25 257
221 87
164 386
499 183
341 363
0 376
146 316
224 270
415 264
51 423
62 20
5 320
167 154
112 160
176 392
345 260
171 120
82 254
232 360
32 286
224 148
66 471
249 162
150 471
44 203
408 425
142 324
416 138
304 230
132 474
17 3
184 309
404 364
458 256
112 200
256 91
362 64
72 68
88 192
425 239
66 256
16 256
51 336
373 146
290 308
38 172
223 326
184 10
0 288
133 320
506 96
42 428
482 224
429 224
346 274
8 168
81 64
348 312
480 467
60 128
404 482
246 74
71 141
38 32
26 36
362 30
71 234
288 329
436 26
362 256
359 119
408 421
504 506
92 0
70 256
236 218
341 172
332 424
469 246
54 117
106 406
174 156
216 113
283 256
140 384
320 160
392 4
45 464
0 97
97 278
2 100
471 247
58 18
78 416
200 508
53 352
232 368
441 448
381 64
140 104
419 449
70 345
136 461
320 392
264 18
18 112
475 180
508 264
161 212
317 433
8 0
439 294
103 412
459 236
284 205
458 79
17 108
122 101
178 475
153 346
256 256
26 105
96 372
47 12
125 448
207 452
156 326
76 464
8 316
180 328
228 140
428 55
231 222
128 84
120 396
320 465
110 200
180 217
451 222
251 448
148 177
183 403
227 246
366 255
18 148
252 240
372 482
339 491
222 108
320 28
252 446
401 436
440 274
430 128
467 420
184 473
320 320
282 346
36 291
124 348
16 384
155 56
460 384
104 208
220 502
96 84
338 7
384 207
64 296
58 419
118 171
219 81
228 368
384 384
480 91
242 208
288 38
232 60
240 300
382 184
203 438
342 324
238 484
464 142
151 93
242 296
456 409
118 462
296 313
118 260
288 352
398 152
352 208
470 346
0 214
510 138
175 176
306 180
73 344
0 20
128 236
188 420
104 300
300 144
290 67
228 301
305 132
432 504
152 210
121 247
314 414
228 444
122 36
464 274
288 320
384 295
69 270
336 388
489 396
16 400
275 462
312 87
408 511
469 348
202 0
330 180
495 94
394 364
373 448
118 158
376 465
388 348
196 2
240 362
206 483
30 272
504 157
378 164
97 216
282 235
36 407
62 170
296 109
156 464
505 94
363 173
504 228
64 363
0 359
476 279
95 46
404 380
307 406
380 18
496 492
296 128
287 496
369 104
112 52
250 2
284 111
419 150
372 224
264 480
376 486
76 116
346 273
348 117
280 306
376 438
60 58
1 168
217 2
85 88
492 355
176 64
240 281
488 133
204 32
406 40
327 180
48 191
172 304
216 264
126 306
40 453
240 13
80 352
2 337
256 196
184 370
232 216
175 47
250 384
106 349
33 370
100 338
484 380
248 190
128 384
313 410
387 216
80 252
208 410
256 216
413 348
4 464
422 66
160 24
138 218
11 270
99 108
134 244
506 50
426 488
301 388
160 491
466 246
181 56
164 197
427 24
277 179
85 370
266 178
446 46
128 88
408 408
63 432
392 208
481 226
476 288
447 200
404 396
284 300
302 318
280 450
74 138
172 419
138 449
386 89
92 398
501 170
506 480
300 364
396 492
62 192
168 436
410 12
280 96
79 135
45 390
414 54
377 224
128 155
396 468
361 40
85 48
326 362
251 88
360 63
199 156
132 188
307 284
114 114
246 7
138 353
204 56
144 408
188 103
118 276
412 460
316 459
358 128
342 368
92 248
436 96
317 187
6 221
200 417
313 12
32 402
107 464
472 222
271 456
412 321
295 256
319 82
244 420
196 408
100 194
114 224
178 344
391 276
36 108
175 339
400 28
10 445
28 50
203 400
280 205
123 284
8 55
444 378
125 328
221 402
504 472
208 444
414 16
148 390
44 336
58 62
492 188
412 448
410 4
359 284
309 96
330 188
123 208
88 50
128 196
186 101
272 90
448 174
362 24
296 350
64 338
255 341
272 194
360 50
211 96
350 22
16 260
273 250
385 384
237 13
454 104
251 68
182 121
257 56
92 446
216 103
304 419
426 360
20 108
176 436
66 246
74 41
416 292
224 464
208 433
129 387
128 421
493 124
480 4
456 496
362 394
496 307
276 176
12 33
286 44
450 6
224 493
116 416
133 374
103 346
232 80
234 89
207 120
130 502
238 167
260 317
488 211
385 211
160 254
190 183
266 464
63 476
18 368
55 410
476 57
308 8
126 440
164 406
201 484
296 64
232 488
18 168
320 424
66 402
326 436
495 448
382 186
89 350
361 413
421 335
339 40
14 35
267 340
489 408
17 369
394 154
4 481
304 378
264 366
206 218
52 510
320 167
366 58
436 172
320 120
138 212
188 22
440 108
444 14
456 466
268 337
408 255
458 152
37 168
458 144
454 328
90 68
294 467
300 138
130 368
76 208
12 122
180 148
4 114
204 160
125 294
223 345
151 302
335 262
150 17
61 136
125 334
412 36
337 139
187 472
460 40
250 281
294 194
72 169
136 90
160 112
288 47
415 132
367 26
107 66
225 218
90 140
348 448
503 400
106 29
508 8
210 27
468 416
176 234
276 263
450 451
385 55
16 322
428 428
312 96
408 88
159 362
44 84
404 376
195 42
355 53
484 122
504 297
150 315
156 236
3 450
407 388
126 436
43 100
420 281
288 137
180 176
458 484
378 480
122 300
216 471
144 238
476 178
320 184
8 462
28 172
443 480
88 416
160 320
120 224
239 275
478 306
176 493
284 108
186 388
60 187
416 308
221 198
32 92
364 126
210 204
144 176
492 335
344 511
38 432
424 48
282 499
468 327
458 15
217 299
326 122
10 108
264 505
256 249
416 368
116 23
328 226
116 424
68 291
40 22
192 400
180 260
376 156
242 106
200 316
92 412
102 49
500 418
462 396
356 176
399 156
172 160
144 440
53 384
432 148
366 116
466 390
496 18
118 352
56 40
184 384
147 384
284 125
16 314
468 332
401 305
2 50
198 439
453 187
154 87
236 502
297 237
150 30
44 384
476 467
112 120
47 116
447 317
116 150
52 34
402 360
31 360
43 432
154 36
364 194
266 352
504 124
470 409
488 291
412 267
14 165
244 60
192 275
322 168
496 350
182 310
200 171
96 0
448 504
468 148
214 444
312 446
123 319
322 371
0 152
104 400
184 242
87 68
128 248
510 260
222 63
102 40
176 120
184 59
100 35
444 102
151 248
338 272
356 402
432 218
436 456
104 229
204 464
4 288
269 248
64 68
195 144
18 0
234 316
154 105
247 82
280 40
438 495
142 229
436 422
103 460
136 76
290 421
64 21
345 216
309 148
178 492
108 22
505 256
368 18
232 224
340 475
262 327
237 322
489 432
117 448
384 112
328 44
40 506
106 64
312 160
424 256
277 444
124 5
23 391
1 352
490 432
280 168
248 360
307 288
82 167
326 128
265 36
336 188
352 232
119 3
462 273
136 418
176 262
26 67
428 252
10 462
348 174
294 179
146 380
152 331
438 116
162 258
296 276
410 240
415 128
156 196
334 472
224 494
384 16
380 264
422 216
262 0
88 435
376 30
108 358
24 452
496 232
121 314
200 338
18 264
134 314
352 196
275 258
436 483
136 330
211 295
81 376
380 134
80 473
57 152
88 299
102 436
510 436
458 4
24 340
187 377
304 252
198 266
16 262
272 29
462 472
241 480
389 102
112 244
170 9
244 485
296 114
42 408
204 288
182 432
286 447
336 380
69 389
432 132
0 105
27 220
440 224
432 30
348 463
394 324
366 37
373 318
462 215
163 36
296 148
155 107
20 160
28 8
224 31
0 351
504 0
100 168
432 100
309 448
24 259
476 212
306 400
336 162
352 145
160 346
92 126
508 334
346 348
296 416
151 288
392 332
60 88
366 480
142 422
32 214
378 338
24 8
342 82
204 132
182 320
184 232
80 68
24 336
24 347
446 148
188 368
163 80
208 493
205 391
400 380
192 284
252 171
78 411
217 164
360 226
88 394
87 451
374 400
268 401
72 336
76 392
417 378
296 413
41 409
432 368
320 306
237 385
344 502
58 254
120 268
364 40
396 158
381 487
284 388
229 440
231 297
408 66
101 54
302 116
6 375
208 138
500 384
480 114
40 374
22 206
479 16
466 200
452 482
87 305
206 340
312 288
80 94
0 494
234 295
115 270
