100
110 184
127 27
143 174
74 234
84 188
50 2
245 96
224 0
69 144
36 40
174 228
20 12
251 112
4 162
83 148
167 212
120 18
144 185
223 23
52 134
144 48
45 18
184 160
196 135
64 100
191 42
228 187
72 129
253 168
10 148
200 55
36 124
212 192
180 38
68 158
210 200
152 245
92 112
219 137
185 84
89 176
146 144
200 95
100 230
168 80
72 138
250 128
193 20
128 238
30 58
142 106
0 188
232 68
86 133
185 2
202 225
65 175
200 140
40 86
243 73
143 0
132 212
117 174
26 106
62 174
174 28
204 221
104 240
48 184
86 137
197 42
255 87
192 128
195 123
194 8
210 70
232 90
143 192
55 224
234 146
27 12
244 0
210 242
126 88
220 8
205 44
48 24
4 120
30 168
51 240
151 140
144 112
104 72
105 8
229 243
246 132
0 52
36 177
12 40
136 160
