10000
504 8
1481 1941
1600 1792
447 1735
347 1664
340 454
1644 1779
609 728
177 192
72 1422
1185 836
1355 324
1174 1976
108 667
1352 518
361 306
1018 788
798 1952
8 1260
900 202
1248 1334
1716 666
1192 430
1162 432
909 378
116 427
1254 1692
768 464
483 602
912 640
594 1516
1459 2040
19 1924
1831 1472
351 365
1007 1218
58 344
1792 309
1414 1273
1192 636
1962 760
1024 1055
1716 1592
1996 1039
392 0
833 467
1561 544
528 404
1778 516
1095 910
692 790
1294 1627
1299 1180
1542 47
1618 825
1000 690
345 224
759 285
1954 306
576 1360
1163 1657
1788 404
796 623
1352 1044
0 59
1728 162
1214 618
959 1906
1512 1127
1224 1320
785 663
374 280
1738 980
1402 632
1544 647
804 1679
674 842
92 692
1202 932
796 484
1760 812
1078 140
420 2016
896 59
1422 293
376 394
960 1460
756 720
473 1770
860 310
798 2040
1066 432
1340 922
373 1124
1056 694
893 1230
188 46
1472 831
1846 792
1098 272
58 1046
1348 1724
353 1560
2012 1588
1603 1176
605 351
1064 1496
1885 1516
1262 1088
570 1300
537 914
512 23
850 1172
857 300
1792 1084
1414 1269
1917 350
1753 1276
1198 170
952 1157
1326 1273
704 1632
1900 602
856 1826
601 657
1964 1384
1000 1634
516 1152
1509 1354
880 560
418 886
8 1814
1413 70
472 8
118 1261
600 1356
1984 1580
484 16
318 752
218 754
1114 2034
244 1182
767 1363
30 1844
420 1945
144 1373
1849 1447
266 1848
1152 462
776 42
1027 228
896 1747
1730 144
1500 280
678 955
704 1115
2042 1840
248 1660
1928 572
1403 32
1268 1488
1942 384
187 239
72 772
1268 1556
1058 1122
1332 975
1370 112
660 208
800 1204
1977 1222
966 1960
1044 343
1128 1072
923 854
1321 1809
305 299
1726 228
558 171
397 1075
371 1680
1704 377
420 357
1026 1024
1458 1663
1622 1382
1736 44
1648 565
462 2016
678 570
1854 2038
1416 468
1351 1344
232 1428
496 1390
1120 70
1244 736
911 1774
276 1952
1320 1548
1328 1968
1002 372
1723 874
632 1390
2020 136
48 1974
455 2033
142 616
1526 305
256 1090
1897 552
40 1452
6 212
770 640
338 1499
160 928
1280 991
2016 906
1571 1412
2038 1152
1760 995
934 732
464 1356
1304 1716
1172 106
1376 909
664 404
840 1216
720 1218
2028 768
378 764
1598 1693
384 1808
1900 1048
542 1584
147 1785
1987 1761
1290 1836
710 1248
1649 766
1038 1880
1170 1744
237 1216
50 2047
1496 1368
523 572
1022 1282
93 303
1728 30
1422 1946
1000 670
1172 2030
843 1686
74 136
864 1896
1846 1856
139 1480
90 1426
93 1310
912 1305
987 697
1712 800
0 440
1330 953
590 2026
442 1652
1308 2004
1352 1511
150 760
708 161
1892 1256
1373 1225
1182 88
1224 1841
2001 1785
657 1226
1024 930
367 1216
808 1446
1537 1978
1890 1422
1736 1292
1769 920
320 0
1954 1504
222 1868
812 548
1281 64
1414 1797
1976 636
948 1268
1212 1376
1034 704
1173 714
455 1973
454 485
928 596
554 688
503 1476
424 992
581 480
384 1745
1201 836
1714 1070
290 1598
372 960
1264 820
1146 1298
400 416
1867 588
136 240
1945 1205
354 163
721 1038
1896 360
378 1704
625 1903
548 716
638 1732
712 1667
88 1223
544 66
686 1880
1392 100
1678 632
382 920
1810 324
258 1280
168 1854
590 388
1336 1068
399 1509
1498 452
672 2009
542 1356
358 364
1152 670
171 1653
1722 1412
1976 1441
1279 752
959 230
1320 1050
1654 712
41 1988
752 1434
2022 1030
1654 357
31 1424
896 1836
1525 1346
1512 1618
82 900
454 1212
1451 1017
1608 576
607 448
1479 1796
928 64
960 1968
1726 1822
852 16
1464 1847
1010 1130
1904 127
753 1926
724 1610
1320 1714
1624 916
90 1704
1792 1558
788 0
652 288
50 1128
1210 1406
809 793
1966 552
664 612
1848 702
1743 2029
907 1503
429 600
791 1054
1368 1292
528 821
72 980
744 504
0 1160
1933 128
1808 1455
1470 1000
8 1300
940 1132
1064 903
280 1808
1520 1187
325 1235
1604 715
1304 1940
1701 952
876 1250
1128 592
336 1128
317 502
588 1736
48 1936
486 1852
686 112
1917 1352
704 80
1144 1733
1704 296
865 964
248 264
528 1624
1527 4
1441 1464
787 1331
1350 1912
1159 934
1783 1949
1986 352
686 628
75 232
812 1072
276 475
487 1100
1595 1200
920 898
1319 1910
1823 544
512 1290
915 948
953 270
1363 1280
416 828
1430 283
582 1864
418 1236
1314 184
113 272
384 1759
1513 128
484 506
1012 1442
1718 1526
258 742
1360 710
829 1153
1480 1152
1120 0
954 1718
1422 332
186 1680
979 1636
578 216
899 1072
1460 54
1699 650
1112 446
1757 1871
1190 1856
1624 1784
524 590
1425 513
1912 1306
631 820
235 800
1734 400
1952 1039
1952 1258
756 1714
313 728
2024 1922
1762 1861
672 1122
689 60
964 569
698 1997
1205 116
490 797
354 1672
384 1780
1415 1588
1860 288
298 704
1659 1144
1688 1118
1768 1612
686 210
756 1044
134 501
1980 892
1263 1434
1706 660
1745 533
71 251
380 918
1847 204
1349 724
600 1209
464 1240
1376 1243
1460 522
373 1142
712 1587
525 1800
1936 676
86 910
1893 1119
706 974
992 196
1200 456
367 1508
720 1208
562 1420
1474 259
744 6
2024 1664
80 1918
334 696
823 1870
421 735
352 70
560 1696
64 974
1188 974
1123 360
10 1260
796 272
848 1016
960 187
1820 707
54 1312
690 357
436 478
1120 1610
1003 1555
1154 1174
1639 1938
108 3
1640 240
96 2039
1628 1374
629 812
1864 384
1874 22
1880 988
289 613
1339 1047
136 856
280 11
566 960
1684 1696
1530 1490
391 1648
1100 1796
10 73
1952 1332
426 2002
1294 1985
1936 1635
1857 1392
670 245
317 903
784 1638
669 1853
1921 1856
1512 588
841 1006
688 291
1498 1440
2016 1636
1369 1384
1106 1139
692 298
1050 1866
1193 1920
719 340
356 488
766 408
1276 96
441 454
1283 1768
1126 297
429 1586
1470 630
666 454
574 2026
960 46
196 258
1063 699
1726 128
1442 276
1582 768
1600 927
1468 0
194 1900
442 1094
80 277
1234 232
148 1685
1897 1132
10 878
1714 291
612 834
1724 944
1238 1186
1808 1266
1493 549
1064 1914
880 1242
248 1136
830 6
887 1602
642 1912
1162 422
387 1353
64 1760
1665 934
779 410
1217 742
336 1954
1694 1968
640 720
384 1592
720 1768
1544 1842
1437 1373
1880 1019
1652 1470
1708 1742
1792 1908
1368 1720
1478 2040
596 1681
48 1182
912 294
403 1276
1476 936
1144 1520
821 1612
1760 1120
482 1908
88 1956
216 1946
1874 2043
58 1708
642 1976
1730 1188
1388 1352
672 1366
1821 1357
1098 947
1504 1740
1424 512
1834 1360
1870 1696
1322 270
1155 1212
1224 282
907 858
768 1326
810 412
571 1040
241 1112
600 1939
1132 1680
778 792
631 1524
1509 1402
1176 1274
1583 129
2044 254
988 84
1024 2009
1417 1599
716 1550
2012 1696
228 1463
1348 976
121 1520
735 896
63 222
1463 1565
384 1286
1808 1670
988 664
736 106
1412 1217
96 1061
1577 1204
372 952
712 1812
1005 1286
156 945
1330 1065
1304 169
880 1705
831 659
860 1838
448 1968
1158 1554
855 1944
1040 96
664 56
533 253
1704 16
1532 148
1920 1759
1598 1883
745 160
1339 1082
1026 1268
1432 1672
824 368
1223 1020
1319 1073
1248 1318
432 1106
1725 1482
726 512
1249 320
736 114
824 93
880 1017
1172 1300
1324 347
1442 1657
621 1277
748 1648
1984 1076
1864 144
1732 211
1616 813
1688 960
504 1661
1494 716
1720 1802
1972 416
470 1584
496 1110
1620 216
496 648
1576 1348
224 1869
582 650
1870 1865
864 1425
1740 908
1408 1064
572 960
1777 1448
633 11
1455 384
1792 48
1624 842
1265 966
1280 1684
197 652
1066 1072
620 1058
919 1947
87 108
562 1497
738 1052
738 1813
1084 288
1796 1416
1098 134
1556 1676
1331 686
1867 16
748 888
456 1536
180 292
468 1314
1508 907
2 1038
22 927
76 1752
1920 1166
1935 1149
880 826
730 128
28 1089
1286 1441
726 67
1952 1617
548 1083
1847 1332
1124 1360
1428 2002
1731 1608
296 1192
970 642
2004 146
1278 1947
1034 1062
280 1468
354 597
1148 205
1008 2047
1472 692
812 752
443 277
480 838
986 548
574 624
1425 98
660 1976
1059 1406
1988 2033
1127 416
694 924
286 512
1112 1956
268 1866
395 1052
716 124
1220 442
265 256
1957 668
1860 1350
1072 2038
1736 1184
2044 286
1743 1869
646 1152
769 1890
478 1469
296 1511
1229 1158
1056 644
304 1450
1088 1170
2037 400
1420 398
2016 39
1502 1740
1200 1717
378 140
1513 1263
954 1942
1988 336
900 1088
1342 947
1853 186
976 514
900 1122
833 608
1770 774
1440 2004
412 736
75 793
1568 976
1396 1852
168 69
49 1855
1623 1390
366 838
1200 1991
1232 200
1632 1652
1418 1226
1112 1217
1392 878
2011 508
670 1272
1224 856
1658 1663
617 1024
88 506
462 832
1515 1478
242 1382
1806 617
576 244
690 1247
1100 1408
332 857
973 1904
1370 1244
296 462
2000 920
1840 838
1502 1516
1872 680
1541 112
1752 452
814 1385
546 136
980 92
1788 1752
896 1714
1574 1237
1938 130
1647 142
1102 523
1562 590
936 1863
1808 859
1776 368
880 1698
580 1954
1352 688
1466 1120
1760 1256
1302 1827
969 912
1287 216
475 994
1568 2035
712 1008
0 792
938 361
976 1400
1116 416
365 608
712 1162
52 1428
578 1780
1704 404
1060 399
1915 43
86 515
1056 1024
826 1332
723 1246
1086 494
1608 1638
1931 385
1000 416
1713 6
222 134
119 1062
1418 67
1096 352
1666 264
88 697
480 1190
168 106
193 1060
1646 568
532 1654
704 1172
747 1029
598 890
1592 795
529 955
1868 1171
1344 112
1215 1701
466 646
884 679
933 530
138 1464
547 212
292 1594
1856 773
450 1560
397 1426
960 1946
844 692
1204 88
1064 1952
218 1050
1692 1267
776 255
896 1199
7 645
79 638
912 1564
422 512
1885 678
1719 1356
256 1233
570 824
1231 910
886 6
376 1204
1348 750
320 304
1840 1782
960 369
891 864
608 1090
1171 1871
737 906
704 1114
1478 1284
958 1654
365 214
1232 1280
1494 1846
196 14
633 1252
1456 1595
496 1322
1064 49
222 1944
814 1264
1524 368
258 1703
1219 1101
1280 6
1344 1146
64 732
947 1788
1064 715
693 804
814 1886
1395 1848
697 1668
1607 363
952 1038
406 250
640 228
1664 1592
188 320
93 1864
200 1609
2039 262
1360 1136
836 472
1828 484
572 1776
696 402
822 239
1256 160
974 1294
1884 697
1566 64
1504 1544
318 507
430 1930
496 1698
1745 1139
1892 448
2032 644
800 1145
672 1662
632 1096
520 1323
180 896
1079 1092
964 758
1301 1008
829 576
2028 770
1516 1985
1888 1808
72 1263
1308 384
253 1496
908 1987
1922 376
895 700
403 1382
1298 1958
1100 656
608 232
437 555
1844 1648
832 1284
5 1586
320 710
748 1416
896 512
885 1824
464 554
38 148
615 1884
770 1274
1720 1947
1864 1556
816 888
950 1794
142 1372
1682 1270
512 50
800 1132
1004 1286
1968 1814
1494 1653
849 412
1550 1852
1549 459
50 1192
1953 797
22 1714
60 1740
517 2003
1404 912
452 296
1525 4
1879 1536
1206 436
708 112
120 1076
95 1525
335 860
1585 1328
1016 1740
803 788
1848 1629
1158 1098
1888 397
1116 261
584 31
284 488
276 472
709 106
1108 272
1021 2047
712 91
604 1188
214 1176
1796 117
502 1458
728 182
646 1210
151 1152
539 922
2 1504
426 96
757 1395
1878 948
245 1153
865 1760
580 85
1992 1562
1555 655
312 684
763 404
1193 1852
435 1048
1740 949
32 630
1713 8
1282 968
2008 1946
1581 1083
772 800
356 1172
1376 1382
1822 584
1554 1616
240 540
48 80
1520 1316
22 1564
914 1593
1718 532
1192 348
1240 162
1626 970
1355 1751
1606 1084
1536 64
770 161
1744 1585
557 248
1655 1242
806 704
1226 1513
628 2001
447 144
265 32
1950 1328
580 1671
1496 1998
1562 1971
510 1908
177 1012
1709 624
1828 1999
280 1674
544 794
1192 410
1123 1884
168 896
436 1032
530 1253
712 276
1695 1696
1541 562
740 1988
70 1956
1824 176
832 870
748 1821
352 709
1240 1615
1770 1276
1840 1576
1000 344
1292 1473
1088 167
1314 1596
608 1501
676 824
1272 1938
340 1514
1999 1261
1096 1736
584 1609
1642 1856
242 343
1544 139
1296 102
1761 1760
668 129
1724 1121
862 88
1891 1380
865 1952
1191 66
1411 870
520 492
153 1769
1248 896
1594 1872
1296 996
1894 1540
372 578
1024 320
1989 360
1952 171
1352 1908
928 521
2040 381
459 126
1120 1792
1280 144
1401 857
1467 93
1061 360
1287 1520
1471 762
276 1272
1658 146
1292 1796
1979 1580
1498 81
1472 147
1637 532
644 490
529 1979
1637 1920
1680 1128
557 1928
1190 326
1881 1901
1824 608
1257 1180
1980 272
1120 1104
1552 1890
1536 1194
2029 728
1716 72
116 496
1908 24
88 1744
941 1587
404 838
1204 1555
976 1548
704 1327
988 922
1917 932
756 801
525 480
1936 106
1944 1423
876 820
1887 704
500 704
118 1774
1097 1024
1392 304
1070 827
1324 980
1725 1788
1458 1535
437 1094
26 53
1340 2043
1244 86
1893 1826
887 1064
214 192
172 803
1452 540
792 1066
93 1166
1675 1504
484 1268
66 913
2021 621
684 1832
733 1349
1366 556
1224 1328
397 2047
1983 856
871 1432
1278 578
1504 540
142 1500
1370 553
13 72
1538 1398
1474 1296
1672 648
1774 898
773 126
1694 1936
1416 1936
832 96
1914 32
1327 848
1993 628
1295 338
1972 74
1440 259
1930 82
969 576
1865 2027
606 213
1464 1419
912 1534
748 246
680 1815
202 1734
1827 1182
1152 656
944 2024
1632 569
408 776
528 178
1350 332
1881 128
810 1861
222 1802
302 430
2045 1240
455 1148
124 1776
192 1372
1475 364
862 1681
1198 1296
2006 1081
916 2031
324 2038
931 96
1828 214
1464 1329
1396 520
1087 1400
139 877
1568 1868
374 1676
510 1204
1914 1857
1282 1479
1774 1154
413 648
800 832
926 70
28 1572
222 76
793 272
703 1472
1865 136
951 1439
219 1542
1214 1675
1608 1749
1395 296
1424 310
394 478
674 314
1960 1753
12 488
76 429
1500 622
672 1646
288 824
1355 1792
408 1028
1980 79
1751 957
134 162
1536 1448
256 755
1318 1324
846 160
227 368
1452 273
444 2000
898 374
1200 1348
40 419
14 792
1916 1566
1962 364
1626 1188
1730 1006
1952 1288
2043 1811
544 512
519 760
610 908
1934 302
1720 1768
392 788
1816 1980
1152 385
918 326
110 128
1020 1542
1704 216
64 1652
1394 1646
1594 1116
1753 344
57 329
717 996
480 1805
448 972
1548 1427
942 1458
339 1128
854 456
1280 1389
544 1024
1010 130
550 1746
2044 806
1328 800
1528 1356
1868 112
1879 1203
863 1935
472 637
586 1612
360 946
1198 1907
908 345
1554 71
884 972
1120 1220
1209 972
260 1340
1312 328
1552 205
1124 1146
340 1208
1353 984
1992 1536
308 2007
776 1608
93 776
2028 1062
1299 318
1300 1626
2021 1048
584 465
198 456
1176 247
1220 1182
1092 1456
40 1439
1808 1550
448 1960
744 931
778 1420
128 1572
64 1904
128 636
752 40
1852 451
1636 56
268 1152
800 940
148 532
1964 572
1280 923
556 829
271 1535
1988 1801
1647 103
930 948
1187 1779
1191 1991
1272 1752
700 834
560 440
329 1900
604 1832
394 1918
664 1634
1403 1310
1620 860
1184 1073
1794 231
516 612
256 1904
1408 370
1916 1359
1909 1060
1894 807
1952 1260
146 1688
105 1656
296 616
1180 1204
1450 1088
444 1425
936 1536
1000 1476
604 524
1932 1632
444 46
494 1559
76 1988
570 306
1670 1367
1930 190
1614 2008
963 1966
1986 964
1764 1089
1186 2002
1792 224
560 1674
1338 1872
606 905
1288 954
256 536
928 955
1488 1904
1911 1428
873 1419
1980 2014
1728 72
1416 838
392 1744
1318 974
1252 779
1868 810
1008 1077
606 1318
1563 251
914 1200
938 1754
1408 1328
618 628
1508 194
1540 1388
881 1317
168 1996
880 713
1778 1038
414 217
1024 1224
938 1799
689 425
896 1120
1016 1778
869 408
508 591
1243 2016
391 972
1820 807
1744 876
1610 1846
1624 704
856 1632
356 62
1476 1068
2044 228
1674 2012
361 1048
1070 1628
1602 706
770 1692
240 116
1590 462
975 1057
1896 1174
1258 704
1800 1064
316 928
823 738
803 342
1450 597
2008 156
449 1564
1272 1308
1024 40
1434 1742
1520 1701
285 120
1326 1217
166 512
1612 1638
416 544
1324 1328
1692 970
1656 1376
1700 1197
768 949
1454 416
1102 1022
696 1325
1602 418
1360 1412
1750 1779
976 475
1376 656
1818 478
0 1188
512 1046
1313 1434
939 362
1847 828
398 1456
229 1964
817 1804
1965 1962
1515 608
156 196
655 784
104 326
192 1810
67 688
798 1090
592 312
268 649
615 2032
1936 960
1544 1685
1088 1162
1043 947
1292 1212
418 762
1674 208
1853 644
397 1289
752 916
1150 1668
1024 1010
1062 228
1251 1670
1864 1090
797 577
1362 572
1468 224
1836 1406
1952 1470
800 1468
930 1734
1438 1404
1652 1099
317 400
760 224
628 1147
1908 1723
1224 368
1536 1967
1755 497
752 1405
1907 1264
1722 79
256 1124
16 1734
384 2039
800 78
607 1762
1183 1936
1248 2000
650 713
1122 2024
1497 1016
1699 1227
837 288
756 1259
300 744
589 400
1965 738
632 126
239 8
546 2025
1228 466
360 1929
692 136
1816 1907
1502 1203
1528 751
1467 1393
1072 1568
397 1786
1845 176
1916 456
1644 1524
1838 1824
1456 1752
1956 240
1966 1055
1812 1828
821 1646
1715 1982
559 1473
696 307
1401 1129
2034 1429
1708 510
1576 774
304 1187
185 472
370 723
1878 2028
1924 1731
772 588
1164 591
1774 34
46 112
384 1816
889 136
1048 1014
89 933
806 505
969 1767
343 1568
1575 1540
940 1950
1402 1846
1902 446
1950 1404
1883 1344
1022 1765
1490 1896
617 1035
486 1367
979 60
1591 902
1073 1024
1980 1453
1244 1650
1966 972
1256 1500
480 456
1524 849
228 1436
508 628
1315 653
1750 1628
1584 368
60 241
1138 552
1286 1622
748 841
61 832
1998 1716
1543 208
1320 2
1097 877
1896 1790
1321 1648
780 1126
1941 1576
1036 248
1788 992
172 890
1039 1537
326 1344
226 1486
1184 56
2031 1746
1784 1651
1780 916
1680 41
214 1816
108 160
1807 1778
1612 368
733 2000
1755 694
203 1155
873 1088
999 1040
308 1378
409 766
465 361
1377 208
1603 992
1851 280
2004 960
160 1226
44 547
1127 1536
180 1490
1701 580
32 1639
1182 420
919 1372
875 1306
252 893
1805 976
813 1944
1588 163
244 592
1526 1959
1032 1390
1672 78
1521 612
319 696
1700 327
693 936
1564 683
1840 1096
608 1129
978 937
1390 1888
1422 1128
140 152
1352 1488
9 991
1137 86
1292 1581
368 2029
26 1295
1223 160
759 1900
1072 1285
462 1204
1904 1181
944 1100
1782 1927
1286 162
1056 1991
825 1328
92 202
369 552
479 1225
1520 104
882 1920
1048 616
1698 459
260 1792
1918 466
472 1515
44 842
48 576
108 844
1016 1080
1609 1621
671 169
1932 390
249 952
1260 1960
1656 1328
992 428
1994 1536
1020 1966
1410 1132
160 101
111 564
1618 624
234 320
858 1080
270 1292
690 1952
1928 1592
112 612
430 128
64 742
277 76
480 1542
1606 1710
1638 1285
1246 34
82 816
1792 760
908 292
1217 357
1247 1888
1136 328
2040 1499
1760 252
396 960
1822 1642
340 1184
1079 832
448 1552
1072 1321
286 0
1680 0
256 1559
1762 363
188 1944
642 1776
354 782
535 18
1976 132
344 302
496 1720
1225 1524
1960 708
879 1387
502 344
1822 1906
248 288
1062 42
1326 97
2016 1344
286 1932
1540 761
1564 246
60 1200
295 538
600 1152
1133 1716
944 1898
1730 214
676 1871
1004 906
1809 1048
1360 1640
900 1223
298 2032
273 1121
728 500
459 1293
1400 1472
636 1524
220 2032
616 168
101 246
1568 658
1005 902
1904 189
1952 139
744 1552
1724 1496
800 1198
1138 1756
278 1056
470 1992
608 104
369 1536
1746 1280
422 907
245 462
505 1536
1120 1564
434 148
236 0
896 695
1884 1412
1767 736
228 344
1314 1948
1635 256
315 1882
126 1035
1416 829
1690 1990
1092 861
1185 1785
385 1768
1632 688
308 1837
1552 874
1103 1610
1408 1119
160 1354
772 26
1204 39
1537 2040
1436 157
480 1268
136 1132
200 1442
207 469
1872 964
196 1919
400 108
2013 414
1613 1156
926 1898
1792 467
812 1378
1400 209
1251 1212
642 2002
856 1520
1552 404
1414 424
1283 1496
542 632
1919 1498
1212 648
1360 2000
1996 1412
128 744
908 325
664 1712
471 982
1424 288
2034 160
1358 1733
1148 1198
412 1352
45 130
295 300
1493 488
436 1436
1780 1559
1440 456
848 576
1360 596
1824 1084
171 752
1300 1572
1244 581
20 816
1501 540
1890 940
143 983
705 1596
208 1769
1911 1702
686 396
300 1968
1925 1402
1974 9
764 648
1096 200
1228 2034
449 1224
1064 60
1262 1168
306 1164
1544 1750
1067 1971
729 592
1241 712
2044 1924
605 1648
1035 1143
1502 193
1862 400
375 822
1448 816
340 778
2036 1600
755 1031
1736 1058
1232 1788
930 1278
100 509
1832 762
1136 1300
102 1056
1390 518
1875 252
881 370
1384 1448
1646 894
64 880
464 1983
865 1413
108 300
1520 1721
1810 1071
1741 35
888 1761
405 406
1169 1801
648 408
472 1068
972 504
828 1476
48 1584
1777 852
1890 1720
1060 372
1771 1548
256 1438
1326 1914
178 1919
1234 1482
352 1314
1284 1262
1252 1703
1061 1152
1005 800
1914 1264
80 70
1007 861
674 1855
454 1718
850 86
619 1216
143 1968
275 1926
1732 547
1048 1468
1504 1619
212 1666
40 412
1533 1728
76 914
2012 364
310 375
246 1019
2046 1152
1995 472
1385 1053
920 638
888 447
516 992
1412 987
189 704
1138 1476
112 124
785 509
800 746
1892 1513
1847 485
1731 896
774 1968
1760 1916
1493 320
836 1464
328 284
768 1149
23 1044
928 152
1484 1328
1969 1812
1848 140
317 1879
1428 844
15 244
758 1428
580 360
794 491
1588 1960
908 1252
1709 80
725 1636
688 1160
1482 256
288 96
372 510
570 950
186 1348
1392 2004
53 776
1621 1634
1899 1165
1096 122
156 1912
566 964
1952 1152
2018 1222
1056 1194
608 48
687 1414
179 420
762 959
1900 1255
1792 1368
1214 294
338 1522
1858 1914
288 1290
1421 725
1580 1756
1723 1414
102 1458
1716 1552
84 926
1720 668
711 158
814 796
226 205
660 2003
946 394
611 20
1717 1213
764 784
610 1247
742 24
596 1149
288 1710
1652 1640
1156 1084
1174 460
542 1206
190 791
1064 1605
1114 1033
776 1255
490 392
1186 1471
1648 123
1360 1121
1236 122
353 159
912 402
896 1652
1906 509
1736 648
510 880
1866 1218
1720 2024
1896 1512
1290 37
1730 112
690 1439
556 370
232 226
1659 979
1336 2028
122 1200
1420 592
1264 1759
212 862
617 1502
1991 1188
1985 1440
850 1651
680 1472
1792 372
1016 99
672 190
720 376
419 1632
1774 702
932 755
1337 1215
527 892
2036 1132
1376 644
916 440
853 558
1944 920
2031 1216
1348 1128
1957 1858
1664 1264
468 712
1528 1008
2032 902
32 718
1659 638
1594 1088
798 1706
198 1716
1098 1274
1825 1443
1321 1776
1677 1362
696 1025
1526 1603
12 1040
1048 1630
1424 2045
944 728
1884 68
518 1120
897 1138
1208 131
1846 560
1856 864
144 1262
169 1382
1228 1480
810 1088
1776 1785
216 151
26 130
1654 302
875 1596
1033 517
1807 984
1888 1130
328 419
1808 840
1233 1075
1232 306
1907 748
1672 786
796 639
560 770
1920 762
250 1308
1688 1256
1424 1181
50 1743
1930 1196
899 178
1888 448
170 833
313 364
1514 1368
1912 1059
1550 856
1728 1050
328 1848
796 1172
1533 1252
1403 1976
2018 1264
1064 1536
1982 1092
1456 658
1610 163
1814 187
343 1118
1500 1680
872 830
1056 2
1916 1355
1574 1389
1632 1684
1204 729
976 1199
1526 1050
875 1920
1734 1625
400 1500
869 929
1798 208
662 1222
1160 1088
731 1680
496 2040
1232 1776
1124 1015
104 2002
1092 141
436 824
272 1915
1325 44
1148 31
728 1466
2042 100
1614 1522
692 1985
1033 887
842 1432
602 352
1884 2019
1632 180
1106 1415
532 1408
680 504
1660 102
712 1810
1148 843
1500 1505
60 1316
1243 859
494 28
1964 826
773 472
561 346
2009 1358
1350 1721
14 1030
546 1402
214 55
15 216
888 1798
588 40
832 834
466 1526
644 1719
938 1280
1240 628
144 488
923 1424
946 1216
80 1898
970 936
1322 1208
424 95
1352 1386
1060 864
1664 1416
312 1276
1086 922
1706 2015
1473 1104
1719 1554
1800 1072
434 2024
1076 818
540 1900
1307 221
1996 1676
1590 1136
1883 1979
1963 605
297 621
179 228
1051 1069
848 1716
1840 192
592 1960
540 1735
764 1740
134 1696
615 163
1050 556
720 523
1090 427
1068 1340
518 525
814 1387
186 1628
1343 1380
1600 228
1950 252
728 504
984 1712
712 1645
176 167
1346 864
1832 656
1440 1254
812 94
1770 1959
848 240
752 715
924 1032
1930 1060
1136 128
1225 1510
186 1108
1809 1572
1120 1422
1910 1804
88 112
802 858
2044 521
1291 1654
1542 1044
1370 2008
374 1203
438 1349
960 220
232 1034
1030 1672
1345 411
1516 1512
1917 760
788 480
1882 32
1663 1616
270 448
688 1214
790 1889
16 807
768 1983
1260 908
329 514
1624 882
1168 669
1780 682
1093 696
720 384
628 730
432 752
1629 373
932 1514
1124 1844
1054 1944
1622 1966
220 566
80 1237
40 500
573 532
1808 1837
1216 1024
439 1146
734 1976
1642 1430
1478 38
520 743
928 867
220 1092
1391 1328
832 386
1995 1649
1568 1848
758 102
1268 932
698 959
512 1409
1149 1527
477 1214
544 744
1098 1609
1900 1510
538 1648
1754 192
1798 2041
40 108
389 622
2007 196
233 432
746 752
1694 1489
489 232
1882 40
1920 241
1082 2002
1138 1832
991 851
875 1493
2000 2002
945 336
48 548
2016 634
970 864
1657 1510
1624 416
1303 1159
212 1594
2003 213
596 1728
2036 1936
1897 1508
305 698
584 1513
667 826
160 512
251 1901
1715 1834
290 1491
60 416
334 584
840 885
1632 1125
118 763
788 871
1416 1344
725 916
925 2022
1725 46
1232 104
979 1378
2008 640
139 147
1628 777
84 1352
1393 1048
812 250
1369 694
656 86
1088 304
1161 896
112 559
1814 1852
812 1388
540 1153
1088 1160
110 1024
451 1233
1728 5
912 152
742 1812
1998 1572
1462 1832
852 1346
615 205
1580 1472
1755 1647
1819 313
1884 2038
533 474
2035 298
1829 1128
1576 1824
1764 1152
532 2024
1236 1808
796 163
980 666
1632 1797
414 2024
1984 721
1480 1201
432 2004
1520 631
16 1188
80 172
1932 970
1856 448
481 533
1036 1782
1554 1087
466 338
1300 664
1938 1508
111 768
627 2016
832 2030
1290 317
984 1780
928 1368
1216 2024
1631 1920
496 1536
362 194
1936 1498
207 1608
804 1080
56 1789
1748 782
51 90
1740 1171
1698 0
1332 1904
292 750
1022 2025
1612 134
1296 2000
1124 1952
1311 576
1869 1452
967 1024
1017 1012
1211 764
1812 1117
133 1107
1932 799
385 1466
188 2004
410 1542
1508 753
1350 566
1468 693
1296 1824
434 1363
324 265
1360 480
582 402
722 682
230 96
428 1162
874 1416
465 1503
1681 1356
1121 385
724 806
1752 16
347 888
948 2018
941 1832
752 220
1000 0
890 867
144 14
877 1901
140 220
612 284
1954 1024
1704 114
1548 136
758 1986
864 322
89 137
1795 1505
1043 1272
320 1044
842 1028
1157 1773
850 465
1013 1564
384 25
113 1944
832 128
251 989
44 2024
1684 1425
648 1184
1515 360
883 252
1848 353
281 816
192 18
1524 660
1390 777
913 377
632 1318
86 1105
345 4
670 26
728 1573
1722 1204
1952 1484
994 1985
133 1696
1304 1452
388 1808
160 1976
274 1833
1355 1924
1058 736
1208 852
1204 1832
1123 824
987 1639
1728 659
950 812
1484 1493
1433 742
1812 366
1272 1976
898 1577
276 1731
472 2000
19 1194
1068 1226
303 1563
140 44
414 725
1052 1792
807 1201
446 30
504 1243
702 1200
652 280
792 34
630 1476
586 1260
1440 1146
295 1032
273 96
603 1100
1442 0
109 512
1878 283
773 1078
652 584
876 2038
1856 192
1907 1091
370 928
576 2004
1446 356
1238 1764
1796 1596
117 1016
1709 1297
826 72
424 32
608 1491
1738 1320
900 676
26 1326
476 1979
928 398
1322 1278
1194 416
686 337
1154 400
1390 1328
2034 1783
416 168
2040 1394
28 1991
92 1150
1408 781
1930 1479
1344 1372
1922 960
1540 1237
1312 851
1836 742
1860 1552
118 451
340 995
836 56
1352 979
670 480
1170 522
461 611
40 1024
894 1574
294 1030
996 382
1724 1819
48 2
1856 611
778 336
1445 1086
80 1916
389 603
1482 2035
568 1256
1111 638
1074 337
1803 588
1880 987
1248 644
1382 1872
1828 144
1487 1780
998 1146
675 1202
1580 706
800 1236
1420 1417
1152 37
1092 1725
574 1648
574 834
1128 1432
1106 1854
659 926
771 2029
656 738
1340 960
1076 1740
1546 223
1446 1000
1234 1356
291 714
384 1600
6 472
1186 1712
123 1674
576 747
869 1084
384 464
380 520
1584 239
1236 597
988 318
1807 2036
410 1317
1056 1340
1208 1846
1632 1680
1886 416
1460 65
682 76
1160 1224
868 68
1082 895
288 1237
1290 504
612 819
1836 1830
754 834
1968 323
268 1496
1917 862
632 1772
180 599
602 1655
1963 1144
222 356
1236 282
1180 540
888 2039
386 1240
927 1808
1782 763
436 1024
1447 474
1747 147
738 388
808 1808
568 2009
1449 2030
1406 564
1978 256
918 612
1810 1478
693 1770
2021 680
945 92
432 570
1923 88
1852 135
2037 1352
40 700
678 389
1906 85
1630 1414
1608 104
1206 1666
1640 1223
1352 709
676 1499
675 1636
780 121
166 81
306 796
863 1305
1161 1192
193 1916
19 17
1464 1540
1468 815
1211 226
378 536
2 348
319 1536
432 416
2011 191
256 1714
857 1998
688 1189
48 616
1504 108
1565 1388
537 1084
1356 1254
114 2000
940 1220
936 672
1576 476
1939 1337
1472 251
852 1579
1876 1774
1626 512
532 279
144 1536
1328 642
1463 1236
2003 480
784 1087
1234 1808
528 576
345 1174
1653 2010
895 732
1248 256
349 614
512 1636
54 1404
2000 552
1939 420
1200 590
18 1764
918 130
832 296
1948 514
1772 1531
1618 1126
534 430
1976 1114
1680 1303
1295 1772
1580 1408
192 2024
717 485
278 641
244 1302
1201 1316
1190 1915
1514 1387
1217 1820
2009 656
1216 1608
373 1693
556 762
704 376
1687 1924
265 1679
1066 911
1104 776
856 1714
1282 768
1834 305
58 1216
1700 264
778 1471
644 276
896 20
1620 1400
1058 1996
128 862
834 1900
1904 190
1909 888
1360 848
744 1828
836 191
296 336
1696 1219
1912 1282
1982 1323
1058 408
767 410
740 264
1060 588
1432 400
136 1033
1544 418
34 496
1928 1368
1638 1617
1680 780
99 1104
672 1916
960 57
1986 1697
669 322
1669 742
1817 36
68 894
1701 1149
553 1830
1159 1220
2000 9
628 1624
398 876
1248 413
1842 1190
1429 1092
162 1086
1672 336
628 799
1600 1104
1024 994
32 518
1745 392
1936 116
1824 1196
676 306
1682 498
1936 2042
462 612
646 1006
1990 1568
1692 1915
1364 677
1681 377
532 832
516 1777
429 872
1672 556
423 1928
1073 1444
1603 206
642 1184
1136 292
425 576
1015 1865
899 1754
278 2026
830 2024
32 1054
936 1378
1874 1284
780 72
189 304
520 1686
661 1068
1641 1038
273 788
299 210
108 1108
1040 576
1428 1588
1295 1936
1912 527
1026 1461
2032 888
628 692
1392 810
630 31
1651 2000
1496 1328
1243 788
1617 1070
1018 1149
1524 788
405 1638
570 376
1568 1280
1802 1219
386 230
132 890
768 1864
1554 1141
1506 1552
1324 1005
964 367
1800 178
1855 1248
1806 1900
1104 1864
1676 1826
544 1745
880 1512
294 1032
312 192
855 483
1347 1564
1055 373
1438 1815
716 1750
818 224
1485 808
1802 308
308 541
19 680
742 1431
937 1102
647 976
155 480
1266 652
1792 1218
572 1069
572 446
2005 1618
1268 1628
1064 1478
1337 1694
1391 1302
1440 704
1907 1740
1048 1022
1006 848
1456 997
1344 1104
284 1618
1730 1536
112 1626
159 1117
272 959
1035 643
818 85
1682 808
648 1896
64 51
420 1766
743 1940
651 1244
362 1554
895 1712
1696 728
754 678
1614 1122
699 1002
1092 778
707 1008
1022 680
200 884
1967 1328
1712 640
161 1988
1816 1268
1546 1491
1506 1292
1188 1064
1775 1544
728 328
1344 1792
1836 1288
622 196
745 1570
1397 70
1012 2017
2035 1019
162 1363
268 271
1076 1448
946 284
1136 1001
1061 1752
1822 298
845 1208
796 504
1792 136
826 180
1094 536
712 1106
1886 540
104 495
656 1624
12 1173
229 1082
1793 471
176 1600
604 1054
1646 316
1211 136
494 171
976 724
416 51
1933 1328
1076 196
80 301
442 22
929 1876
1442 1324
1580 286
696 920
643 800
994 1066
40 753
158 648
1853 437
1024 916
504 1603
1384 1537
1452 1472
998 935
1068 960
1124 1968
1804 348
1012 1280
1184 888
1216 1056
128 1928
772 1288
300 257
972 1296
1145 1821
70 1582
400 758
773 975
1394 1755
507 1548
1916 48
283 768
232 1402
880 306
1876 1467
554 1372
1809 838
126 1340
515 126
90 1272
1237 2033
88 1548
794 1942
1948 940
1788 962
1144 944
1770 1632
1122 1583
512 716
1314 1632
1792 1203
1476 668
1140 360
528 663
297 857
540 1243
1184 1272
1241 1248
218 1294
1914 1448
1722 1262
120 1939
508 1944
877 843
482 948
92 200
512 1521
150 1107
1112 783
1288 532
904 1556
196 1441
1119 522
1212 1924
786 478
1659 918
125 1928
1807 32
0 568
846 1816
1827 1186
443 1612
1306 1294
256 1254
233 976
1603 231
1867 642
1686 699
2004 832
0 482
1300 62
736 936
1260 1578
116 2027
768 5
556 1442
527 1680
1735 656
1386 1921
1178 1864
1336 608
1352 1760
1554 26
256 1240
1856 66
288 478
1622 1317
1481 1894
1387 1426
227 1528
348 435
1138 1296
288 164
352 1448
821 1690
940 0
1628 38
836 1316
1417 106
612 1114
2028 1784
1058 824
698 834
536 1762
1012 1876
1012 426
316 971
1062 246
75 580
460 1220
1480 281
486 67
748 1848
847 1919
1032 343
712 1205
1271 860
1432 396
161 291
526 1578
1606 1961
1887 1680
1056 1996
156 1260
903 105
12 407
848 1743
1116 1804
1675 436
1694 1560
1066 1211
1968 1558
45 312
502 1734
1644 986
1842 2009
1507 1669
792 1919
72 1688
1508 122
1757 1022
672 965
582 1268
1136 705
1676 529
432 1012
1376 1468
1892 335
1898 1712
1132 1590
759 1362
1720 949
128 1544
488 0
1034 520
1719 1633
856 476
1332 1112
1230 1256
1871 849
1263 372
220 668
1176 1492
576 90
1444 1805
1794 1036
2029 968
2 784
896 666
704 121
1708 76
8 810
161 787
282 484
1751 200
926 1938
1831 1721
334 1336
897 448
48 1104
1647 1368
1192 336
940 974
601 1720
37 2034
646 290
927 1768
1575 2032
422 648
480 164
764 833
1652 208
165 734
1984 1140
764 100
1490 1556
976 519
1160 718
1814 870
1032 1973
825 288
378 982
432 1208
1576 1606
706 210
1715 584
2012 1392
593 1107
1130 1295
1046 1168
636 866
328 1580
2024 1423
1745 1784
1012 770
1822 1583
364 472
630 424
726 1446
1209 1499
13 1240
704 1822
1880 1176
1732 1600
586 400
1508 1341
1504 170
1685 52
1882 1436
1529 260
893 1105
110 948
866 601
1264 1464
332 1872
1374 1362
633 828
319 1528
1480 1260
364 1919
448 2008
128 1006
900 324
1026 1474
322 40
640 867
391 444
1580 1642
672 1664
1352 598
1992 1780
1107 1093
1861 1835
1232 1264
307 2039
993 1786
85 1734
1524 78
1972 233
536 1024
92 1487
136 588
1742 361
912 244
1217 1788
1500 792
1892 1062
34 430
1860 808
324 1276
920 1368
1993 1024
236 1428
1703 1639
1360 244
0 1332
1264 1554
247 1947
1752 989
1106 888
20 354
1458 1304
1536 1464
436 444
832 2026
1670 158
784 554
1351 30
1120 1352
720 152
1508 784
1042 1957
960 102
1963 82
2041 622
1504 1024
384 1691
1098 1447
568 665
0 1280
1946 80
516 1459
1686 1112
843 1661
135 382
1348 744
1612 1168
1256 700
105 1624
1599 1497
532 996
932 1120
202 317
229 1356
740 1546
160 792
1306 1502
1081 252
896 134
1614 1408
1528 1326
422 930
1565 196
1984 672
1688 712
1455 290
1953 311
632 400
1936 419
1884 1570
1465 1935
580 2008
1154 1296
1970 148
1185 1265
1383 1476
447 382
249 186
1664 1419
1524 52
1624 1670
992 1978
154 1535
1980 1260
1224 442
2009 782
1472 1204
2008 1406
2032 57
1459 1801
1072 784
542 129
887 504
134 1950
1466 757
1314 623
1430 416
1327 1340
1873 1424
1142 788
510 971
1399 912
1981 179
1854 2000
655 691
156 952
1472 1216
908 216
539 143
1035 1582
1523 748
720 667
1232 432
60 1268
750 1790
1009 984
1614 995
1503 472
976 330
60 1538
50 1388
250 856
560 249
1731 1832
263 160
1208 2036
63 1216
876 608
1744 1701
1026 1298
528 1468
1460 1797
1873 1804
156 236
922 348
1164 1931
448 1124
16 256
1948 379
1866 1368
1898 1796
2016 676
1528 1392
284 1636
1393 438
1734 1476
1159 1394
736 1648
446 1600
782 834
161 1644
512 1122
1583 534
1592 1314
1587 719
97 627
1710 566
406 32
1258 1906
750 452
1374 464
232 1399
1829 1079
640 1536
998 1822
1082 1300
352 1011
1251 515
885 1333
965 344
806 758
44 1412
1920 1152
1740 1967
1180 1040
42 97
1032 1988
1632 46
888 352
1792 470
274 1144
1600 367
976 146
300 1202
891 1107
1820 782
630 936
656 40
319 966
661 920
74 1432
1104 10
1655 273
128 2025
814 1455
1824 960
1920 682
1786 1620
972 1122
1234 1586
1307 1543
524 1488
1984 1300
746 1154
1850 776
362 848
923 1931
1785 128
1104 580
1324 1600
1949 1160
213 1108
1894 515
208 28
1792 100
758 480
214 1016
1184 284
573 444
26 1840
220 1343
1344 1296
96 821
955 2041
686 632
1787 486
400 1083
805 252
1983 325
257 726
829 852
1680 968
560 747
285 784
20 297
1328 470
96 614
1870 1512
1078 1922
1606 1296
283 780
354 1991
1868 672
601 976
706 504
1000 1053
176 1314
1836 1092
148 1776
2029 687
1558 173
472 1213
1432 68
285 181
1901 1268
2008 1920
672 21
1890 692
1692 1176
432 336
1184 682
1127 1094
1136 600
712 1768
1088 927
989 35
469 1048
366 1084
1686 867
1722 651
1205 1036
575 410
180 1854
1508 552
1971 1782
1597 562
460 638
624 1624
1744 700
1230 1530
1324 1992
636 1982
1522 565
1112 926
752 376
653 1994
2045 48
1478 1979
846 335
1729 900
2042 1147
738 1470
956 1040
1864 1311
970 822
920 818
1711 450
296 384
1856 763
236 387
1798 982
56 593
1278 1288
1882 280
429 455
872 347
419 119
992 132
903 976
2012 1888
587 192
986 1178
1858 1096
1007 1844
106 926
2016 1052
1553 1670
886 1780
735 1091
378 372
1379 1728
92 828
1898 352
2019 511
1671 1632
1740 1335
748 456
1655 1008
1884 832
1340 416
1346 971
1872 438
1493 1074
595 112
1392 1930
1083 1084
926 1080
833 1180
756 1076
803 256
700 1102
1961 542
194 1968
1490 505
517 601
990 292
1722 1497
1249 1072
1083 1940
811 772
694 1211
866 96
1056 750
408 202
1792 822
1055 1744
355 1152
1648 1928
1898 1466
316 592
1918 483
1304 622
1392 512
1928 1873
760 616
1774 656
1059 648
381 1184
966 392
1132 1198
747 1334
11 1946
673 432
744 1890
436 1762
102 1191
1158 656
430 1804
203 1379
1681 40
744 873
1329 1849
407 1664
1207 104
1376 368
872 2016
140 408
1817 1712
1976 1835
1256 1968
470 768
832 1728
1976 400
1820 52
0 90
1427 1382
993 1864
1712 1488
614 1384
250 220
70 1760
152 1675
1480 1733
119 1769
662 337
392 1842
475 288
1272 986
1672 1940
203 1482
1701 1640
740 1092
2035 1493
1346 1440
1416 1776
1241 1925
2018 1276
192 51
346 1519
32 158
144 467
64 1052
1828 793
424 1726
1717 361
878 1240
476 718
608 455
1842 1198
762 1870
552 157
1545 896
1192 948
632 1026
662 1464
1920 1085
162 1764
667 1978
535 640
680 982
1046 1238
736 1486
1197 1924
868 405
720 633
1290 1148
820 20
624 643
877 235
1474 694
1935 8
443 1136
1776 37
883 1836
1322 1816
915 1650
1416 1467
960 625
1920 183
88 171
1924 1005
322 914
1474 12
1375 1219
783 314
181 733
1782 1923
208 1824
1387 1866
1136 712
838 1479
1112 576
1294 369
1878 1670
896 376
1088 277
172 1464
837 652
846 1100
120 1833
1756 1898
829 150
480 768
611 194
820 637
640 1980
1320 590
316 1234
15 1610
1456 236
1408 103
1883 330
876 128
520 1410
608 88
56 1440
1775 1248
1037 536
86 1320
1060 332
1680 1710
539 329
1316 374
12 1668
744 528
405 16
1709 1324
417 1678
1986 1473
355 1928
1269 470
832 1816
1836 1352
1380 1550
2024 1644
816 1602
990 1776
103 659
1832 1782
1512 236
1189 950
1340 1840
1108 1007
1304 592
924 768
869 1263
146 1461
383 1630
1432 320
1496 551
428 348
1280 237
736 138
2044 189
1564 302
240 1288
34 1544
1932 408
1328 892
912 1824
1463 1878
1506 1970
800 320
1200 723
1538 220
1582 628
1862 1410
407 294
384 1768
124 1984
32 917
324 1506
1580 998
1232 466
1984 704
834 915
1294 1536
192 1564
1072 1876
1072 1504
2004 21
141 414
665 146
367 690
1088 1128
76 640
464 1864
76 1040
689 830
1640 816
162 2024
1491 379
752 1544
1420 1352
938 20
1710 516
916 320
1534 430
902 1439
863 1017
1497 599
1142 1504
674 304
1927 1071
1728 76
1310 1558
511 1456
928 22
1963 1630
19 892
1208 1720
740 1834
273 1382
1656 696
216 1048
1159 1230
1214 913
310 1735
1256 816
1413 1510
448 1196
528 1652
1278 477
1848 1672
1220 912
1335 1056
694 883
705 912
848 1132
1024 1794
128 832
1032 145
110 175
1910 1792
191 1853
280 953
716 464
338 596
824 1397
124 704
1203 1493
515 924
432 784
1486 528
1868 1868
1166 906
208 1134
1932 603
1964 459
368 696
505 852
506 649
1763 2032
463 794
1504 1732
1824 842
221 1964
672 370
1520 1650
1468 1728
357 1844
102 1958
256 623
1041 1384
1976 611
1116 274
1691 188
568 1662
190 160
1037 512
137 356
2016 1820
1009 1030
1152 2014
1348 818
1296 968
1308 160
212 1280
844 1760
1827 938
2017 193
704 512
1724 1152
1856 508
536 1750
1823 155
1376 1036
1364 741
648 1808
352 440
1882 659
1746 1000
560 813
13 1916
1989 601
760 1648
1268 114
928 1176
1973 1971
1118 1196
1914 599
338 1316
1904 1795
288 1834
2032 1731
137 1452
1504 1102
1554 1788
1872 1373
368 453
1828 1280
902 278
775 1024
354 1464
1582 128
837 0
354 462
209 1021
1728 618
136 1652
731 246
1160 354
736 694
1122 965
1512 1819
504 61
1441 888
1145 1542
364 1640
1456 1096
1319 262
1568 484
1680 1600
1096 305
406 1448
317 144
76 1308
330 1524
392 888
1295 336
1575 136
1510 1335
77 336
1616 543
476 371
1118 1218
1336 1191
677 1296
1389 274
1192 1280
782 624
76 167
824 1088
1730 1028
629 780
2032 528
1589 1109
335 1548
1336 1878
606 778
164 1660
643 1448
1025 512
191 1208
604 1016
1766 1414
1294 507
787 90
1040 1178
1924 452
1328 1186
238 1734
982 492
198 548
1664 1544
1647 1425
69 1366
47 1495
1609 841
250 1738
935 1054
1284 767
1656 986
1471 4
740 884
1177 366
1208 1625
324 1016
934 440
816 810
1090 233
1130 1377
1552 575
271 464
17 1637
1216 1776
1504 448
935 698
1933 178
192 1000
648 912
1020 1186
516 1806
1120 546
1744 1930
1176 754
1936 288
1516 738
638 1711
764 928
33 318
116 107
1786 1583
1906 1730
1292 1672
64 835
360 80
824 572
1680 53
480 1216
1344 336
978 1196
1212 32
1669 188
240 1088
1904 1076
1598 1159
1491 562
1590 908
1824 200
572 1465
1304 591
916 1851
2024 1737
738 1474
1545 1520
592 1363
559 13
1093 736
1618 1788
302 1858
1600 1296
1102 1178
496 926
472 936
618 868
1472 291
980 1622
1006 1511
1066 184
188 920
1208 1758
843 7
1528 1724
1939 1536
714 872
1948 1209
1946 1140
233 120
295 1006
1660 227
7 672
1232 1856
1378 1028
864 1150
498 1189
716 1032
1765 606
960 56
562 559
1485 100
190 1605
1400 1850
1426 58
701 1402
1600 102
1780 982
1617 1416
331 282
1530 552
1708 998
256 554
1692 1196
1449 780
278 1180
196 623
164 1728
545 1966
8 1328
1112 1362
77 876
1088 1648
980 1554
1766 1166
594 586
909 1068
466 838
1159 1313
898 1134
1458 728
2016 972
296 928
802 597
44 1453
1109 1062
448 1792
1170 414
176 180
235 1552
1038 797
312 1424
1696 1960
1557 1182
731 954
1907 1881
1168 98
1960 1912
1013 1922
213 468
968 74
686 818
332 975
286 1216
466 163
1693 856
1738 460
1958 10
735 64
838 1043
1952 1048
2040 177
544 788
1925 1180
1616 1026
1319 1496
1437 1668
1354 752
1915 2016
880 359
1344 700
1131 133
1684 372
1951 248
102 488
52 1892
1858 1512
1595 1044
1614 1280
439 928
1205 1371
384 610
1744 1865
536 1041
2045 943
856 982
844 1094
512 810
1856 565
1152 1472
393 452
1286 1054
100 1446
952 1712
1822 1636
516 776
1019 622
610 2022
1961 744
1527 1942
1868 1769
1192 204
1886 896
742 1672
1119 696
1074 854
1007 1346
1772 704
256 1736
1526 35
60 1564
723 448
112 664
1282 426
1257 1804
241 952
880 1326
1208 870
829 456
1816 432
0 450
1984 1820
715 701
14 1374
564 544
476 58
1465 922
245 404
1732 911
1484 840
75 2014
14 668
1376 930
1289 1026
896 904
1439 0
197 454
690 467
1664 1431
630 1944
1602 792
964 600
636 1216
1343 1998
900 1464
293 849
1056 444
318 1248
1303 303
1855 1528
1240 515
864 1984
776 256
1361 16
958 440
87 1744
456 1484
83 1984
1630 161
1151 1530
2027 244
960 1362
1640 408
1456 966
1668 2030
1944 1242
1280 579
623 1082
382 2039
308 1382
1862 1754
1387 1753
1760 864
1789 1250
1695 1600
946 397
1642 268
1714 1376
249 1744
960 1318
1540 2040
992 61
2032 256
1192 760
130 1028
1252 1156
1384 1511
382 1379
1756 1685
848 374
507 1206
784 332
720 208
1520 1444
416 630
1530 1588
825 1461
128 1944
602 986
1499 671
963 1087
1712 1830
914 1290
1976 1437
48 698
1557 1895
260 1054
376 214
1048 1571
1183 453
1057 1730
1167 968
700 1918
1872 926
548 720
1854 184
1752 1375
666 112
875 432
320 1534
1306 1761
1461 168
52 114
1282 1060
480 497
164 1576
1355 328
1819 24
1117 88
384 1947
698 919
1626 944
1078 1628
549 848
1890 418
452 141
1393 608
1605 1722
994 1131
1489 731
1379 1072
1140 560
629 893
1793 1156
2028 2023
1528 1942
644 120
580 943
618 832
258 864
14 1270
1544 1921
820 204
1866 792
904 820
592 1008
1954 1188
120 164
357 1792
1726 445
195 738
1776 944
1392 1398
1168 377
672 142
637 1236
361 1131
1420 848
1992 950
1820 1952
740 1001
216 832
888 1413
1167 240
768 469
1052 893
1760 1904
775 846
930 1448
179 641
1396 1386
575 1696
1578 754
1140 968
268 1080
1544 1810
832 20
345 824
1564 1118
1946 403
840 1152
936 1749
40 400
1540 1190
94 345
1360 524
1556 269
734 884
456 808
1368 499
1440 1315
2040 1206
811 62
1264 1308
1440 1045
368 1704
1868 1020
448 24
1337 450
1311 1592
644 1920
839 1468
1536 74
432 1604
799 1265
529 406
851 1944
854 125
637 1486
1436 800
1463 197
1734 896
1073 128
1042 632
45 1220
407 268
1440 626
1986 1661
806 524
1544 1356
396 1718
794 261
1015 1196
1420 688
1256 16
1698 544
1900 1775
1924 1256
1269 1151
1902 912
2016 1776
1440 982
1656 603
1376 564
611 1484
956 641
1968 1208
140 1562
99 740
1894 1084
1357 501
527 1352
320 34
1856 432
902 437
600 1097
1922 1036
1460 1240
1892 1792
1263 1843
643 668
689 1642
1472 770
642 666
107 1904
144 642
1951 1344
1408 872
716 6
893 1365
1376 797
224 1927
1244 1510
1945 703
1536 672
1496 320
448 1165
896 1928
400 510
1739 1475
616 752
594 1282
770 1788
626 520
591 1057
1090 1153
903 1602
432 44
494 212
919 861
1040 1272
1729 1598
32 1840
548 1952
665 759
284 604
1612 564
1917 1147
458 1445
1627 1126
1250 190
1104 936
987 1408
810 1517
144 805
1342 2003
512 1762
1936 1066
1648 18
1980 350
1183 1952
1325 1713
1211 1062
1811 1164
1600 2030
320 82
332 363
1848 812
274 904
465 1801
994 256
1142 662
254 586
1522 992
906 1310
1546 1384
480 667
122 976
1260 1024
1772 200
1572 1042
1078 2035
340 1283
309 860
1199 385
371 1604
1174 1916
396 932
791 547
404 885
616 1856
964 657
1598 1748
2036 1182
496 1762
600 1132
263 645
896 30
1036 204
1448 840
956 504
1946 1800
1469 2030
1844 1889
1354 133
1672 1820
724 1205
1472 205
169 1461
156 56
1178 40
552 1843
1044 167
1384 1424
89 1582
1352 1413
74 371
1604 422
1174 109
1264 1268
1118 530
1056 46
1924 176
1766 517
1404 936
356 876
986 1495
1704 1644
1479 576
1944 896
272 1046
696 1264
340 1984
1806 392
288 1953
1600 207
68 1228
1866 1540
1927 2024
1618 1405
873 12
426 1392
1024 1580
1484 880
1712 900
758 720
740 1030
1785 868
457 774
971 1798
140 1760
2040 380
992 1632
634 1000
2036 936
580 1900
550 589
764 1806
25 1370
67 1402
1198 1544
992 190
242 396
42 344
526 1176
1443 1550
1680 786
880 1427
1136 1966
608 68
200 1640
501 725
352 1960
535 712
152 1366
488 1395
1091 1275
1662 2014
1676 1509
655 950
1980 1496
1516 560
860 1012
1736 331
496 1408
1417 851
1389 736
1378 1071
1992 604
552 752
1768 860
1794 184
1647 748
1904 536
428 1888
2004 1393
795 541
101 1463
1888 589
1359 1800
1976 1523
1664 507
692 1624
1578 951
508 1104
12 744
956 359
548 991
1770 1882
1 1984
1884 139
2027 738
1044 1228
1064 1140
1357 784
1112 120
1828 1836
128 1111
878 475
1940 1816
988 544
1534 436
134 436
708 52
1832 1492
708 234
163 241
227 1135
252 278
846 280
1826 511
571 1920
1736 9
1376 786
1881 1340
2021 1591
220 553
1484 1096
1297 1402
1379 197
1584 1808
728 1720
400 654
750 1648
998 164
606 186
220 547
644 1458
1432 1157
760 1606
1130 796
673 1096
1428 1576
1571 1067
960 648
168 1040
544 20
1436 1204
1784 1128
1634 1089
343 450
1910 1981
118 8
127 2015
1808 648
803 1569
1117 1608
1264 456
1230 1608
1984 1669
972 1635
560 308
1490 2008
1309 1845
1832 652
1307 1063
707 595
1055 1380
138 1476
964 1325
1792 861
892 1442
1331 548
1924 688
180 1524
746 512
1599 1152
1545 1615
200 1272
1128 1241
72 1700
782 1684
257 1383
1916 695
1282 2020
617 1461
1399 400
1536 1577
736 1978
1856 27
1104 1408
1625 1344
424 1284
6 1572
416 304
1312 93
413 773
1252 690
1154 2015
1483 110
452 1172
1421 21
937 720
1200 908
700 800
477 1915
1718 974
968 1325
1080 1760
753 1617
1964 1012
80 464
1968 1252
143 1345
606 1776
164 111
1515 138
1274 1936
916 1587
27 583
1772 1731
446 1052
564 463
1915 405
762 1344
608 1036
1413 782
640 1410
457 1766
1341 1596
295 1752
1022 1845
12 86
496 16
405 506
704 5
1910 992
1809 1000
1088 419
884 1688
384 1889
1472 1104
250 575
1208 658
1702 1108
1497 1076
982 1502
8 1160
656 712
96 328
272 165
1264 962
720 698
974 800
1322 32
682 1934
1818 158
1100 2032
338 258
668 766
336 290
673 1736
810 9
272 1509
890 2021
432 1256
1709 1088
462 516
1310 924
1992 693
1793 708
1336 1876
174 935
71 1572
958 1760
1648 94
586 212
14 1378
1443 53
1866 826
320 1442
616 940
473 216
1360 758
1003 376
957 1980
1638 660
1407 1088
24 1498
686 1784
1340 1327
986 1536
577 765
1686 1283
682 1306
1146 1332
1872 1932
319 660
930 584
44 403
1438 1188
2020 642
715 368
282 1248
400 508
449 634
1218 1937
0 642
2017 1040
733 1616
1328 1609
1861 2
1481 904
432 1004
1305 190
922 984
384 69
593 1415
216 1613
1634 1235
1944 1024
1012 328
160 895
85 1828
160 1060
1990 665
1670 1290
1758 690
587 976
84 1400
748 1772
140 400
1730 1681
1412 1296
1552 1854
962 2016
30 608
626 1372
556 1228
1640 1696
646 1888
45 2039
1704 1459
166 1049
1176 106
255 898
1481 666
1502 272
1832 1520
1268 1810
800 248
910 1076
1294 1148
1012 1824
696 208
44 768
1708 256
53 1388
1219 1248
1256 1356
479 100
1549 809
453 1403
416 740
1441 1662
1906 512
1736 576
936 1463
1972 1720
900 1419
278 84
1333 1656
1472 1250
1280 1196
240 1326
224 1064
22 1450
212 39
961 96
1536 1716
708 1172
828 92
544 336
1676 1048
382 590
1685 958
2015 1368
582 171
66 1720
442 112
381 295
1851 2000
1056 1159
648 1337
1595 1623
1728 1432
1328 591
1175 512
1314 1628
1626 500
1960 1512
156 1463
1378 150
1492 200
221 702
656 238
1672 679
1725 858
1648 1508
1220 44
1440 555
1609 866
1574 0
188 1778
422 868
320 1494
392 149
411 432
1490 1256
1476 680
918 928
1673 715
1274 218
713 79
1296 554
739 1378
852 1740
1417 1760
1632 182
1891 512
1388 26
991 1033
1985 192
1320 715
1556 1139
1323 1514
1500 664
872 398
1587 1856
9 1364
804 1155
716 1424
1190 967
1663 1780
1310 1586
636 1528
1840 1761
98 942
296 77
1804 8
1571 1604
1258 1404
1408 1318
1699 1080
254 806
1756 1552
1056 1384
362 310
1436 284
1942 22
1484 311
42 1456
904 1080
1308 167
1355 884
1398 411
392 804
1609 1472
1190 632
1320 1968
0 944
1291 1080
1144 101
506 1516
336 1056
57 924
770 795
1210 447
1139 1028
2045 2036
806 1644
712 1701
160 160
1012 1460
164 593
130 14
1232 708
1382 128
1260 1842
52 921
908 421
2030 1216
948 82
488 1136
1518 660
584 1066
1881 1098
1624 1212
438 1672
1761 656
1168 1676
1008 1522
212 688
1130 1892
37 1584
1904 1102
436 1304
1567 1867
1604 1208
1424 722
133 875
1975 356
1816 62
1744 1694
1400 375
24 1184
526 84
1910 570
1371 304
1114 1475
927 1002
844 1324
1778 1644
972 334
1024 708
307 1634
1398 421
224 1840
804 1246
896 153
786 660
355 1923
1178 825
304 1897
568 192
1688 1272
1546 874
678 1069
338 1068
884 632
72 1835
956 1584
888 144
1736 720
383 490
633 1108
96 1860
1131 1734
648 1987
25 995
919 1387
56 133
863 1992
2008 1336
1617 156
1664 1860
756 170
968 1714
505 1258
1346 24
352 1952
708 108
1640 704
632 342
1916 180
1612 1616
1740 960
608 36
1664 764
1175 474
672 373
1496 574
2005 63
48 72
4 890
1836 1080
1907 224
832 707
1976 204
686 1886
310 581
623 669
1201 676
724 1092
1409 1232
1968 112
210 1803
1544 299
408 1374
1253 332
396 1055
2036 682
1517 704
303 1168
1178 343
560 1784
1248 1905
1052 673
798 1856
138 1227
114 1156
2039 1492
716 770
747 1517
300 732
1593 778
1459 753
1428 204
127 580
92 232
276 1752
517 672
1950 184
1125 1900
947 1485
1719 1636
1697 1025
370 704
1040 1495
1201 2002
943 328
214 1154
1892 1970
319 1522
1476 1889
1836 768
372 1980
1668 1376
1127 1250
174 1910
152 888
1872 1380
1244 1240
364 1296
76 402
656 1213
48 379
844 642
538 1777
1682 1544
126 272
1196 1718
500 1788
1024 1654
1152 1740
577 147
1736 872
405 612
616 1034
1984 971
1924 1756
824 1936
864 1248
1822 1703
1118 902
1360 336
1574 1442
350 882
1440 1408
598 1168
748 1464
542 1446
1873 681
641 1536
1966 1168
891 1643
1529 1111
1784 1399
2008 140
1028 314
174 1756
2018 378
1528 1199
944 98
1596 728
623 1564
1594 220
354 1415
1918 652
89 266
1302 316
1782 1736
1851 688
2024 220
1216 818
1654 772
1088 2005
619 1419
524 1054
592 1826
1813 1226
84 1324
1644 94
958 1067
428 724
945 1898
537 1114
1448 1586
1103 1016
1997 1165
854 1796
898 992
924 112
64 1460
1588 788
442 1424
576 415
318 736
305 382
840 1136
1030 1394
1284 896
432 1288
604 1622
512 578
876 667
1637 1796
634 418
144 1168
1776 96
1312 868
518 1978
711 1677
504 1979
1288 1874
1943 42
597 1518
1743 1338
628 1910
1694 1191
1142 513
890 616
1736 459
1720 568
1268 56
1208 1816
1250 797
1960 662
1861 2042
1081 512
1152 796
1130 1828
212 80
512 1921
496 1044
926 1156
420 1791
944 1408
906 572
1950 1984
750 790
510 1796
565 952
1152 191
248 580
391 592
1423 745
1268 369
58 768
1831 2008
402 1664
1546 536
590 820
2023 397
446 1408
380 384
26 512
688 597
1957 979
430 2036
1224 680
2037 1511
480 1571
1391 1712
160 132
1133 1004
1984 1137
1418 336
1374 1954
1550 106
1332 0
462 1878
688 429
148 22
100 686
1788 790
785 1456
563 1816
742 806
1320 940
174 1650
1306 867
1584 1155
1448 1451
1014 368
544 1948
1514 1382
1316 426
519 464
56 717
1328 68
881 733
930 512
2022 1489
1328 967
1536 1057
684 552
724 704
1239 42
1024 1907
1574 1555
1920 1464
131 941
704 796
912 1834
960 1243
1634 326
1636 1255
622 1774
140 1564
59 1017
224 84
1654 1206
750 204
1780 868
1426 1569
384 564
202 747
608 1348
724 354
1434 417
1679 1411
64 1634
1794 984
303 568
2033 667
1000 720
918 1425
1443 144
1620 756
2016 436
216 718
1208 408
524 288
599 640
809 896
320 956
304 368
1796 304
600 1692
283 1919
946 1643
1379 920
1778 1609
726 650
1508 1227
92 444
786 100
347 1104
920 2023
1787 1732
1323 594
1989 1015
720 1264
1548 109
1304 1880
64 684
1523 1546
562 80
1978 1776
155 655
1691 1304
1357 523
1809 1734
2040 485
1398 321
1200 1615
194 1061
112 84
1195 224
1722 1821
1349 632
1149 574
428 1260
1841 233
704 1060
1684 1309
1714 1124
1920 912
1376 1782
916 1738
951 704
1423 1916
1825 1625
867 1242
602 700
1992 84
672 1674
1642 1160
1568 89
1112 694
513 738
1088 1732
360 1524
762 1704
1475 3
1560 1286
122 172
1544 550
553 469
81 1961
1479 1889
115 804
1414 1998
1408 1984
312 454
496 582
856 944
566 1244
1447 1224
364 400
2037 1852
560 1956
894 1576
532 412
256 512
948 966
1133 112
258 276
1683 1379
1360 880
1152 468
1600 1996
374 736
147 1772
688 1446
1777 1234
352 879
729 1521
944 1792
1082 681
13 512
1434 686
1797 2018
1254 342
911 1696
874 730
652 204
166 202
693 1382
448 1338
50 680
1836 822
1498 1070
1385 136
551 452
57 316
320 1286
831 1240
1704 448
1722 580
1056 156
49 1361
1162 329
268 1168
920 204
678 184
1894 1712
1135 1812
867 1964
1680 1381
381 948
1617 1344
1528 1618
216 1476
770 1472
1000 486
531 316
1921 1284
1808 1707
1479 529
143 1018
1734 1616
732 1392
156 502
124 628
1472 357
902 1024
764 192
1862 1010
260 2016
717 335
746 1574
466 1199
552 472
1536 1147
1236 1460
904 173
272 178
1527 640
1834 1709
558 592
160 1526
1216 555
355 1392
1268 232
492 1281
2016 1
69 236
160 1113
1928 407
617 860
820 1002
2013 490
140 1376
872 616
1736 192
487 556
777 2012
1452 1707
228 1697
763 1664
1312 860
31 376
1518 1736
1724 475
640 672
1731 1583
1820 1120
1644 1479
120 1976
1942 94
1122 1698
2024 1090
1008 1602
1943 186
600 1322
1620 1478
1074 613
193 252
1040 900
360 845
1774 1485
1008 1874
576 785
102 1856
1740 147
672 1713
624 112
1736 1126
576 1262
2029 1092
752 1708
1696 1151
1954 290
312 302
990 1088
568 1088
116 457
769 157
580 148
1402 1342
756 117
1804 1003
1820 51
1536 480
1652 140
1803 1916
1704 1966
1304 1134
41 1118
1226 360
588 1038
940 1884
744 1236
562 798
1048 34
1825 1941
796 867
580 1329
384 2018
314 158
1960 1772
274 432
1462 358
1192 568
1028 661
1072 1392
471 95
1884 732
160 456
488 181
1630 1738
403 220
526 1716
1118 496
309 705
964 796
1525 482
578 1696
837 708
1259 752
120 668
86 1944
1816 318
54 1090
1794 2040
978 660
1380 1736
1012 1864
1292 1205
498 989
1628 864
622 1056
1873 1736
2032 1604
1904 36
398 1524
1236 276
1490 1404
1870 1672
304 1664
390 924
1254 954
1889 156
216 290
1416 1814
1316 1406
1536 161
1077 1734
1348 1152
1182 1504
1868 758
400 352
55 1754
1400 1672
1008 1616
926 1056
1358 580
1978 1522
416 624
2004 197
224 110
1520 1770
1384 2000
1908 128
308 528
1855 2026
814 1342
1516 1096
966 1080
50 2038
165 929
1297 1771
233 823
2023 944
1458 604
492 582
854 1145
314 1016
317 1728
1864 1029
1172 124
421 443
1497 449
1181 1216
970 1904
953 1268
1424 36
1590 359
652 552
907 1420
1360 2033
1642 280
1220 14
1418 1370
832 1174
1065 484
1932 488
1132 544
1648 204
678 1944
1160 536
2000 1699
232 1853
1226 1565
1750 296
1962 1310
214 739
416 1126
696 1500
560 1579
327 120
288 228
1202 864
1848 336
1044 1504
1618 1726
68 1402
571 1788
1548 557
1102 1108
292 320
197 584
858 946
1020 682
949 1476
965 874
110 968
730 398
1831 1156
1364 1290
678 404
1510 1318
88 934
288 356
1103 1650
1610 1931
1714 1656
630 808
747 628
1308 1294
1212 89
1004 1544
1304 769
631 800
642 1192
136 1360
632 372
1344 612
1076 157
1642 1893
1586 1956
352 206
783 258
758 1165
1566 620
1587 626
1454 1028
530 1414
1856 2024
1680 1178
816 521
1268 896
1838 1136
1384 738
1988 1896
1373 1745
609 1518
464 836
944 832
1429 408
302 2008
1608 1044
1201 201
283 1980
1376 252
1652 1670
1098 632
576 1626
720 568
1295 1992
1541 128
1520 1716
905 234
1721 1708
1112 1603
1444 150
240 1254
1048 1919
1906 1788
1843 1510
928 376
276 1658
528 1246
1496 1536
1532 302
218 1132
152 561
1592 1270
1288 1984
1544 112
535 529
212 1096
1702 1040
548 190
460 1240
1018 1368
1798 1094
1846 1520
960 428
1368 904
1464 320
712 210
780 1560
1306 960
332 1188
1344 1246
1024 628
1294 148
1855 638
564 404
536 797
504 1454
225 1288
1687 1671
457 968
1032 680
1580 216
1256 192
343 1106
278 1564
240 1368
712 1849
402 1450
631 1444
1503 335
1032 1600
590 1814
1675 456
1092 294
952 516
1485 1222
1896 1457
0 2035
1089 423
1368 841
1088 708
585 2043
1648 1711
232 604
1258 402
1830 706
1788 904
977 332
1515 1946
1856 54
782 1316
973 1670
1074 1056
480 538
508 1574
722 768
2024 695
1315 1948
780 470
1408 1620
1493 613
512 1886
1638 632
1892 1620
928 1242
148 160
38 1896
274 1538
752 1667
1152 807
202 1824
1176 917
1985 2030
1073 816
181 402
1685 1428
721 2034
568 516
557 331
574 464
1108 329
576 1393
576 1240
1287 1088
224 1502
1512 609
394 2011
1249 1226
293 626
416 373
1440 91
428 495
1212 220
1618 608
981 1448
1332 1760
1516 707
452 792
464 492
1026 985
1360 1040
974 768
1148 2042
1526 887
1406 1650
688 1918
1623 714
1744 304
254 1420
1384 1084
1324 884
1531 900
740 789
529 90
540 1225
1345 1604
621 2046
448 316
1656 1227
1966 1877
1898 1489
560 180
614 50
24 673
1673 1696
450 1460
824 1966
861 226
564 1372
395 118
128 1854
2016 132
1024 1860
1099 231
103 1696
460 2044
1365 1724
112 1888
2012 100
1285 1838
508 818
1028 542
1534 1625
308 301
502 2010
1616 982
40 42
1189 1727
512 1676
560 197
943 688
574 761
1576 1960
620 783
808 1024
1498 1146
1212 1119
1874 144
1592 544
1626 1546
326 886
512 1372
0 814
1136 115
1616 159
628 1504
800 1042
972 1817
582 864
574 338
714 1139
636 177
624 1056
810 436
342 755
650 1735
1960 162
1844 922
1520 1226
1216 1412
548 800
944 1333
1468 1521
1548 1918
689 1040
769 870
915 1097
1440 1830
553 1274
1816 1258
832 687
498 1493
868 433
1272 1346
1023 358
1270 797
64 1671
896 746
1692 1872
1217 1291
338 536
24 331
929 1864
616 1388
1152 750
128 1144
1868 1014
1482 76
1600 731
148 136
159 380
1917 1144
552 1448
1840 1746
1372 1768
338 952
1075 2002
47 479
478 780
1398 1389
914 1358
124 228
380 1537
1211 904
1536 1359
531 1518
496 269
1133 1634
1944 785
1408 696
716 1552
614 227
1078 1292
1784 1552
1120 1310
212 1961
1280 424
416 717
1954 486
1362 84
267 982
288 264
1409 1124
1176 1146
1229 871
1563 48
62 580
128 1588
1230 1295
614 1636
576 448
1117 472
688 1113
4 1635
565 588
1391 512
665 1294
858 98
804 989
792 445
1920 636
160 1152
1418 1880
20 1268
13 16
1110 218
1464 1593
492 200
444 1744
1132 374
778 1942
1166 1916
1280 1094
496 298
1550 1827
682 544
1825 1828
1742 1265
1533 1594
1986 2031
11 916
1227 1597
1580 1744
2038 1760
1174 1084
534 770
433 751
1760 1068
322 532
1480 340
1608 1072
1714 1174
192 1120
1962 590
2000 1160
608 1864
464 32
320 754
1956 32
654 2036
692 576
77 1394
1076 514
151 1864
1860 2044
912 1224
1508 480
728 1547
1387 1222
1781 1478
1600 460
1262 1236
1958 1804
1246 1970
206 201
1566 1104
1654 1628
819 1911
742 1456
1581 922
1311 180
1725 1580
496 1319
2046 1465
577 1944
1536 603
1419 70
1290 1018
852 1910
641 1495
1412 22
788 644
1576 128
1182 2024
1223 836
510 647
1820 1236
793 1325
664 1164
1564 1920
1922 764
1180 1192
414 1403
32 1002
711 1306
1536 430
1740 1552
1565 192
1784 1149
877 312
2005 900
1550 32
1644 857
312 410
520 541
580 1507
1582 1656
96 1279
1860 1328
1224 609
1792 60
770 1974
228 1336
463 1317
1586 990
1896 1502
964 1786
456 384
1778 494
1658 1676
1680 40
1259 376
1385 1669
572 1550
1876 442
1837 190
1451 1694
397 994
36 461
1096 1968
995 1606
1001 2024
1429 158
936 62
393 1860
1504 50
1402 52
1084 1460
147 984
1840 1110
592 446
649 948
766 316
1250 1407
129 1402
1390 20
681 1864
799 1746
102 224
860 1024
522 374
517 714
1576 967
166 452
1120 1856
1830 1146
2011 897
271 1478
1093 1496
800 1797
1136 201
1268 1729
264 1628
2040 1148
995 72
1296 226
332 124
781 602
78 1904
39 1342
1308 1814
312 629
1606 1434
958 1592
1852 738
1956 1850
1167 982
1794 1877
91 144
1022 960
768 26
1058 1811
1295 1820
504 729
1086 1708
947 1353
706 1022
283 828
1792 977
696 1404
1052 620
308 736
1806 1882
17 702
629 1234
112 992
1575 988
1792 1392
1956 716
104 1812
2031 840
1296 81
1024 1750
882 570
1504 693
220 1340
1875 906
840 284
222 243
1541 516
629 1626
444 1574
264 556
200 358
10 1093
256 644
772 1176
1125 16
1728 1431
1444 1380
1096 1792
758 1056
1772 1729
1393 1232
1954 1312
1925 1395
408 1004
50 1358
1952 289
1774 1910
1988 1400
2016 1516
1102 1459
684 960
304 1324
120 141
716 1680
1315 816
878 448
408 624
1923 1430
636 95
678 552
774 1038
1096 708
1112 1103
553 1178
1226 1370
1347 287
214 206
590 448
1536 1212
1512 144
142 1509
1400 428
117 1310
304 1824
382 1152
677 1556
900 262
576 1710
1459 672
1914 578
2016 1030
1666 1636
1672 1343
280 588
866 198
222 979
1958 1569
1271 1670
874 1354
1653 1336
1344 627
1615 1667
1632 1651
524 1828
1470 1120
1345 1704
352 722
158 481
460 1932
500 164
172 1096
1840 1139
984 346
808 1630
302 883
832 2040
1388 1808
413 714
388 362
1814 880
168 1605
411 1771
768 0
1972 838
1413 2046
412 2028
456 180
1004 1002
1637 896
596 1913
1561 1428
440 416
883 292
461 1681
293 1265
1123 416
668 1706
219 1704
1472 342
414 11
1436 936
1952 167
999 1726
324 335
268 203
517 820
1443 572
1880 566
1228 1066
1068 1644
1757 925
660 886
1978 1316
604 180
1800 624
969 1051
1596 1932
1606 149
239 1362
850 801
117 253
1414 408
1400 924
1422 644
1305 1673
1686 1492
1972 429
160 630
1152 1794
1460 128
1221 1928
1478 1675
392 1112
1128 1280
1545 207
1306 298
1438 1116
1463 256
1368 2009
144 1162
1280 523
1827 1166
776 1864
552 830
208 668
1399 586
1504 1162
1615 1692
1184 2024
687 1396
1008 886
930 477
1727 1717
88 1686
1846 1766
1445 822
1936 780
1832 1241
672 1016
1771 1647
36 756
307 1052
1350 1968
266 1580
260 313
1938 1185
847 392
552 820
544 748
74 336
505 1806
644 407
254 16
1511 2030
1830 1524
448 995
1270 1300
158 479
1675 916
844 1315
669 1626
1002 728
1290 270
1923 1504
1334 200
104 578
1848 1759
812 128
2041 1898
1284 1356
1808 365
1117 160
906 93
2004 1160
139 408
580 1217
1172 71
1379 594
80 818
1334 1419
536 1640
1088 1258
382 720
1246 1407
855 1382
584 912
332 302
849 1168
1400 464
0 808
1178 1920
188 1448
163 340
1264 458
1088 1342
446 1283
911 382
318 208
850 1933
737 552
1948 635
445 526
521 1238
1522 456
260 1489
690 668
1592 1214
1077 824
788 585
466 1202
1824 464
460 1474
608 1041
426 461
1171 760
812 1890
452 1854
640 242
924 544
780 1918
228 704
154 1645
1720 536
648 1275
988 2012
76 1896
382 1460
1954 1771
1590 8
110 1930
986 522
1336 268
1398 1294
1756 1444
1516 1288
496 2020
2001 486
1900 1144
641 1919
1077 312
1880 866
1388 160
456 1028
1303 1580
768 688
888 1680
1150 534
463 1730
418 564
256 8
1868 308
1648 960
672 40
376 1674
620 140
1326 1353
1145 540
813 254
389 359
745 336
1383 1288
36 202
822 1705
1986 1439
636 1179
502 1621
1064 1786
751 1048
1000 1006
1624 2027
1856 544
983 619
24 400
985 1796
1225 1408
1304 390
1788 1364
150 1393
1958 1308
268 394
416 666
1368 39
637 408
154 857
2024 384
501 1153
986 505
422 346
949 312
1832 411
282 2016
532 672
763 1216
315 1456
1557 2037
1488 931
1492 1492
1924 618
1170 1630
1720 2012
1130 1064
884 1787
216 710
508 604
932 1357
180 1829
1394 1608
1246 1623
302 1982
1633 1728
1322 56
1124 91
1516 1968
904 772
1012 1068
668 1047
1797 2024
1448 946
155 610
336 154
1530 2013
572 208
1858 26
910 252
48 1340
753 1442
976 2004
1468 1804
2046 1765
1453 1054
106 512
1170 844
542 1784
2016 748
951 1006
1952 1328
68 869
608 477
697 1536
488 1980
1848 233
1249 1045
944 132
1307 822
106 1524
2016 1868
478 492
54 465
760 28
416 128
958 1590
653 116
1712 660
49 1515
1698 306
1413 1140
2032 689
584 102
256 325
565 672
1791 1098
240 1202
305 1035
1051 1804
1063 960
322 1870
1146 1460
1992 403
84 1870
1920 136
1920 1311
1608 72
1336 584
186 940
1672 118
430 163
1330 1252
1353 1506
708 848
1384 1847
628 316
1606 1755
461 146
1315 754
1778 696
1485 253
1789 1903
907 80
1408 726
136 1501
2015 406
326 995
1152 916
243 120
1928 382
1489 1218
1158 384
560 1589
450 1568
1558 1284
336 838
1345 1654
608 1265
1751 1581
339 1793
642 702
1110 1839
945 876
243 1114
1218 1130
268 624
96 58
522 1624
1696 1013
413 880
1240 1994
776 1478
1444 1003
591 78
1696 1736
194 764
1096 1826
1425 1694
528 1040
164 1994
1868 702
879 1017
1727 289
347 1709
1716 1424
1226 1376
496 84
1326 265
441 416
1352 158
968 1236
1628 343
1870 784
584 1679
666 1202
696 880
925 21
1745 832
560 660
1116 72
907 1324
2007 2030
703 714
1794 1264
214 388
880 1656
328 1190
1832 345
1631 392
960 326
926 625
1263 248
1272 305
1171 749
76 224
1563 646
1770 1606
894 1260
887 1614
2034 1076
109 1800
172 1826
1952 1286
911 1463
992 947
852 1145
1768 1350
937 1094
1514 1976
836 242
106 1652
192 1928
156 212
654 1836
275 244
1122 1638
562 1544
690 1295
247 1756
1966 880
732 1462
190 1494
952 1800
856 248
206 1568
564 913
612 1752
1232 1799
904 754
550 352
790 73
225 1908
1130 1702
1154 1864
1504 1636
1536 1808
75 832
1207 740
1526 1097
288 1976
206 1968
1220 2037
662 1395
1262 249
652 1829
799 657
496 232
608 1040
1111 1864
816 1072
1774 62
1914 704
1872 283
1780 1120
1808 109
664 1736
1225 854
1640 9
24 230
1868 762
899 160
1255 1196
1956 1104
1164 1936
1472 1496
624 736
1203 667
853 1583
704 1435
1238 1439
573 1361
1864 154
1008 1312
1666 448
643 1840
108 1292
1832 1070
1861 1152
1960 672
1392 576
1312 1056
820 4
1796 1972
1247 1046
160 371
892 2018
1378 1679
1526 426
1166 1817
795 460
402 141
2002 1724
362 1290
1890 792
940 1216
481 1552
523 1502
191 1160
1264 1470
1224 64
1885 1272
1944 611
1512 189
1954 1837
1846 1928
1224 896
396 1572
904 1492
1536 1240
1736 1296
226 1008
548 522
116 650
664 1214
232 1190
446 863
943 1362
1072 652
900 1658
1491 320
994 1324
414 76
1680 1696
1520 800
1582 1812
1185 102
1136 6
2 1548
1392 1373
1528 1966
896 570
67 1688
907 156
1816 196
519 1588
99 1390
1260 1568
1528 440
506 1943
224 1904
147 1012
35 718
1114 1596
536 485
232 366
648 628
208 68
1392 654
1622 1608
1811 460
44 350
1889 1238
1541 90
826 360
476 1120
720 1048
88 480
1243 60
1848 613
1481 696
328 286
532 1556
970 2028
1090 1670
2012 1210
1265 381
1738 1469
36 1614
500 284
1846 759
82 289
120 1012
1904 1581
1704 1628
857 1758
814 18
1712 1852
1650 1734
1230 169
324 1750
1704 1764
1298 312
1414 1744
552 383
592 519
528 738
1194 124
681 1388
798 872
80 992
1688 2027
1508 472
1476 471
1363 1898
742 1848
272 544
382 1744
1646 712
1110 982
948 1092
1023 354
1792 200
835 304
390 324
1888 1144
990 636
308 308
1768 910
112 418
544 1696
1888 1168
1832 1880
700 1440
102 1694
214 818
1396 1312
728 1646
1232 1136
1674 408
1941 1692
1907 624
630 1046
1004 1504
1644 1828
1532 1372
296 2034
730 1432
276 1590
425 548
1962 1776
72 1006
1160 582
775 1816
1281 1561
458 1456
942 1627
1093 620
1866 662
702 1410
2044 128
1800 802
1493 1366
2000 492
1404 1499
2016 120
1700 494
1148 654
26 576
148 1607
1221 1920
126 1484
1771 1502
1328 1491
1438 1568
333 1897
1490 937
208 1044
961 1697
1949 0
674 278
1943 1519
1170 1366
1504 1364
558 960
1820 102
549 1720
1798 780
1030 756
1483 798
232 1381
1737 900
700 1904
1312 874
1871 1800
1888 712
1178 800
306 274
1636 720
264 1762
1936 1672
1652 760
1658 1520
0 1256
752 1176
152 1480
1094 1645
962 1308
1946 838
1928 906
546 1654
675 1102
1038 798
772 1126
1096 1639
1468 1856
2000 1104
1406 1305
35 1136
1311 1184
1938 1020
1412 888
776 1538
370 812
1758 751
546 246
356 321
1450 252
524 142
1951 932
1112 657
263 272
1930 1008
1465 1828
176 1501
1379 667
1468 768
512 676
1651 526
1114 1358
1358 2032
291 559
742 1568
544 1734
468 1516
1396 1546
324 149
865 40
914 1959
1976 686
912 932
258 534
1072 208
1206 1526
640 459
86 1974
1201 711
1403 690
848 593
476 1286
337 300
1813 1216
1340 1468
2002 1768
1080 1099
200 969
70 1306
1656 808
500 1660
282 1442
753 536
1982 1115
1673 1623
1114 1968
704 1432
1000 1533
119 1745
738 99
1772 1005
188 1172
342 1990
1248 1424
469 881
1936 62
1942 152
224 914
979 1888
301 1708
559 1009
1220 1280
697 836
832 1462
1088 24
256 733
1910 713
17 1464
507 120
1128 785
1188 720
305 426
548 1968
1981 726
1449 963
1794 234
1896 1116
1331 326
704 497
1569 184
1675 1216
1216 760
954 1867
1200 1457
1381 1368
160 642
1268 1039
1538 500
516 1522
1600 1114
687 315
940 1768
362 824
42 767
88 1412
200 1712
1310 318
1128 753
1498 924
1792 1793
1662 252
1610 1896
282 124
632 1076
1422 153
1340 1014
676 596
1914 882
395 961
1702 1448
598 1728
806 602
96 1906
1200 1146
831 873
1093 1448
1840 1408
940 1296
290 1720
1015 1604
1831 1036
488 349
1906 1980
1619 1912
1117 452
1008 1525
1724 1666
583 1466
1738 142
146 388
1072 1616
24 1330
226 1936
1455 1612
572 1430
1249 669
1768 256
1572 1654
1700 1106
126 1200
332 914
948 340
1056 1390
1856 1609
856 1831
969 994
1807 896
476 1632
88 1943
1800 1165
197 1078
11 452
788 851
1222 1339
426 1676
1205 656
505 938
1285 1364
70 308
1004 1394
480 1040
62 1456
402 444
160 516
1794 1904
453 74
688 736
1488 854
1566 1133
853 1570
108 668
60 138
414 120
1460 736
100 600
1140 1118
12 1000
998 1492
1396 850
55 224
587 2018
1110 1054
32 198
217 1878
1189 1202
1712 832
1872 731
256 871
1319 1424
928 1621
1802 2045
448 915
1361 1592
638 886
1290 1583
1544 92
58 1480
1079 938
1328 1456
696 621
467 1856
1240 1297
760 330
154 502
180 2029
400 1288
1491 1028
2040 75
669 740
617 1888
1676 0
78 2014
0 976
1440 2007
1637 1019
712 1502
1647 886
448 781
1553 1892
180 1956
1005 1380
65 1787
1972 1592
1444 1696
994 1148
872 50
744 704
15 792
464 506
1088 1633
792 1200
1113 1872
1944 1968
950 821
1276 959
1478 173
1957 366
213 456
1445 1508
832 156
718 928
458 1352
838 380
562 664
508 1610
1900 1518
1050 1984
445 96
1619 1875
1820 2037
1549 1388
488 159
1761 811
857 1600
196 468
236 1964
34 608
1372 1666
1023 1726
34 1664
1422 70
558 1851
484 448
760 2041
1536 1255
924 391
1376 12
1014 347
645 1432
544 977
1376 275
1600 1024
995 561
1728 542
160 1280
1774 792
1608 232
1708 1744
35 1959
162 873
0 1560
1264 858
475 474
528 194
640 1202
538 1216
931 87
1986 947
1147 1472
760 156
414 1528
928 1449
272 1857
464 703
308 520
843 1099
1227 553
1680 186
1874 972
639 922
1026 338
136 774
1452 1984
1597 1808
524 1871
402 320
1040 1364
700 1216
1565 1456
305 154
36 1765
560 67
1618 1760
1248 352
113 1122
742 822
1161 1216
64 648
1749 1016
368 870
1680 1180
1408 967
814 1656
1026 209
148 344
416 440
1334 1181
1684 1724
834 30
32 703
923 758
1400 898
1039 1790
1794 1172
1766 8
694 659
896 1807
1552 712
1351 657
1268 1004
749 1600
325 1688
335 2018
241 2040
1206 550
328 306
1041 80
580 920
800 1792
1101 1928
1232 125
1725 1734
526 704
992 1973
976 1122
1852 1408
1492 1920
2000 384
1536 1487
790 988
696 1237
1304 445
64 1436
1872 1764
744 860
632 41
456 1520
94 900
422 582
1292 1825
762 389
952 1920
647 901
428 416
1808 294
439 36
1645 174
31 52
1895 552
272 1714
412 1293
1739 1754
1574 1820
1074 1880
1574 619
1968 1872
1954 880
928 820
1624 1356
1733 284
261 1584
1904 1572
954 28
679 1840
1576 760
1774 144
300 1504
1766 2008
352 2036
1837 920
1228 1160
1760 1993
808 1439
420 1119
1726 416
868 1199
5 824
466 244
1798 76
909 732
988 49
1004 1594
1924 71
572 736
1728 1294
1696 279
819 763
1152 202
448 1692
1944 1224
1534 1795
980 253
948 842
1448 675
6 682
1617 509
1713 1970
689 26
36 1511
272 6
1764 1248
929 1358
926 1510
497 1056
478 9
1312 1660
1237 1216
646 1476
1328 592
203 1544
1580 1201
1297 442
528 962
512 44
630 516
1938 982
680 1888
989 493
800 192
1874 211
1931 180
1536 1242
737 908
64 882
1008 10
1955 1502
602 494
780 878
960 1052
1856 252
1996 1584
248 504
64 1596
512 971
1495 1438
672 1782
284 735
1558 814
910 1884
800 1547
668 52
697 1488
1860 1472
646 16
507 1833
1448 2035
1563 273
590 88
1020 2034
1854 331
1108 398
1582 303
1744 1554
1514 640
944 432
340 1876
208 709
1336 1312
1472 1569
1306 592
373 648
418 328
1036 256
1651 1821
954 839
2039 1676
446 2040
108 1148
982 89
144 1506
1728 1327
1896 1824
1012 784
360 1976
302 212
1856 102
956 472
994 1688
490 76
157 1602
1824 306
792 21
1838 1446
1568 904
1610 1968
2032 56
1585 588
24 689
588 1620
192 1429
316 1376
1100 824
1658 1390
408 686
560 1951
564 2016
1620 1820
600 718
422 928
544 884
1399 1089
1288 44
880 1509
609 1701
1502 918
27 1967
2027 435
1025 600
164 1312
1716 1932
1274 1341
1724 1706
1132 1920
1846 717
1584 104
1416 2034
2008 1846
1328 471
1252 1930
656 474
675 1463
99 886
1976 1984
608 1855
520 854
234 948
648 1732
1856 1258
990 1652
431 690
529 1024
133 1511
287 1049
243 86
400 1208
193 1184
768 1264
48 404
228 1054
1692 1408
64 1881
374 1320
1052 1784
912 736
1552 64
384 297
720 459
1317 981
969 922
1588 813
718 1216
1342 1188
891 704
1023 1070
1554 1853
1020 192
1328 1172
1086 1481
216 1483
1928 1432
18 368
1642 416
816 1976
1245 396
335 992
1914 532
1020 384
1265 1472
1792 1992
1556 1456
61 604
1460 999
244 395
1416 588
1920 789
1630 66
1946 312
1648 826
1535 263
784 1176
634 1564
488 1412
1504 1764
1404 1144
504 1064
896 1244
784 600
8 1718
1627 1566
1700 388
1360 514
1336 574
1446 1890
1626 242
1202 1564
139 669
1875 823
386 720
1456 1046
1065 1257
824 427
1792 1032
18 1870
752 1324
1962 259
1928 629
878 1080
145 1117
1072 314
1952 1250
1928 364
76 780
1153 776
1497 1229
605 28
1856 537
152 1998
1254 1176
331 1248
1416 1818
467 433
492 1058
1221 1296
709 228
2029 1619
664 253
1337 1592
2034 1392
206 1344
1536 96
932 1776
1810 1577
1520 1476
1680 1479
2037 352
2011 269
213 315
768 588
257 1263
2006 1824
330 1520
636 1723
1904 382
459 272
1376 450
272 888
404 665
38 188
1920 512
372 436
1316 1506
50 1056
1596 831
1763 1206
1937 404
1822 229
1662 1080
75 2024
1380 88
1449 2028
1600 1759
231 601
1816 115
1362 476
656 593
2042 1412
1967 794
958 142
728 1008
1758 136
276 1252
1408 356
1328 1250
894 533
1684 880
1536 440
906 2026
1246 1822
64 923
766 702
110 424
1424 1042
50 506
268 694
320 32
1626 1308
307 656
985 1168
741 288
1756 1252
1060 112
620 496
688 721
1087 1100
1704 1610
1400 1516
935 1044
1520 848
1203 1759
1517 1982
268 929
1426 552
1431 1456
904 269
577 1176
1169 782
972 1616
320 1600
1184 190
229 1134
300 510
1698 382
1583 120
538 282
888 274
772 1400
752 641
424 90
1235 1362
1032 1888
184 616
1760 418
1860 472
832 320
1306 1270
112 859
1056 1048
1226 732
992 47
864 576
371 1176
1586 0
848 752
1182 1404
706 710
1076 610
388 444
1873 1903
465 223
626 1797
356 1158
1260 900
785 192
1724 880
1705 958
1894 1892
896 854
1168 356
70 28
64 1936
1562 1944
984 64
1603 812
944 1784
506 1452
1456 572
125 1036
1357 661
1666 1514
1914 849
256 1380
1068 1472
1318 1226
1570 705
1440 1387
492 249
988 1042
920 896
1952 1560
932 907
1558 1744
1930 927
1528 1804
112 661
1752 1796
1540 1904
380 1056
256 1130
879 7
236 857
608 506
1888 75
868 616
1178 2016
942 928
1102 1118
1154 339
1288 1292
1215 324
544 1422
1730 1109
1036 1299
1251 1024
648 1715
296 1944
140 1048
880 910
1328 31
1104 678
1562 864
878 1226
70 950
283 115
1144 1803
1263 1237
740 28
736 848
2028 1600
864 770
1760 312
52 983
488 214
5 188
892 910
1483 546
1429 627
371 1864
280 1879
1992 1208
1582 1152
1716 1749
1427 1816
1892 91
2006 924
960 275
999 1350
674 1722
664 1913
1968 1765
1037 169
722 564
1560 916
1798 442
761 1833
130 1765
520 316
1729 260
1504 896
1600 924
842 992
1343 1368
1808 789
1541 1306
192 356
384 1744
262 1760
54 1438
1728 1712
120 1128
703 1941
1114 912
742 1216
830 264
464 768
922 486
1286 1984
460 438
1412 1132
1276 918
1764 239
560 592
1916 412
1943 1791
1232 664
1984 828
874 824
2029 1006
520 636
1123 1231
346 1360
832 1368
1330 304
349 1717
1200 1078
888 1848
1231 1934
238 909
896 859
480 1736
1116 697
616 1920
973 1360
1026 408
726 1495
94 1044
125 1360
1714 243
2047 1504
1908 659
832 1395
1020 1214
1280 458
224 742
179 1183
888 220
1356 1468
129 1575
1572 1856
914 1456
634 600
1115 1877
264 542
6 104
630 1409
824 38
760 58
1865 385
630 1516
1723 814
742 27
177 1197
596 384
1950 693
1856 632
827 1826
1694 1412
237 761
1600 1374
1064 629
1816 1968
1062 1440
147 1056
1248 835
607 2012
369 1915
1802 1750
976 2012
146 1540
1860 1424
1034 340
1103 1632
160 1272
1971 1642
1946 1416
400 1938
1600 1212
1708 426
1492 1838
1516 544
1164 668
592 8
416 642
256 1554
718 207
329 1645
1268 1916
1034 712
288 560
270 1336
580 1756
524 1575
1808 616
1885 194
0 2019
988 1242
1976 2033
1752 960
1224 1660
156 64
1416 934
160 408
400 1832
1730 1211
188 1910
620 950
548 926
633 1433
856 1656
888 574
1132 672
1952 1263
2040 1254
960 278
158 372
456 1424
1512 1608
1509 1571
1683 830
375 1464
224 616
1920 252
1709 2024
58 1026
509 750
1262 1233
1680 1492
974 1850
1926 450
263 1628
768 870
178 1812
320 1554
770 1094
1288 562
1064 1474
336 1977
1229 793
1456 1270
182 1773
1056 454
180 1240
214 2045
496 1960
1498 1817
1338 1067
995 1350
336 198
544 1872
758 420
1348 1548
34 595
88 236
814 422
1939 481
216 483
1718 856
1685 1369
57 708
1024 408
355 30
1716 1940
515 826
622 1888
1213 1974
117 1088
1520 1680
1346 1696
86 1874
152 1711
1486 1978
1612 1106
721 1440
848 1968
914 1237
221 327
904 1928
1120 1499
1672 1034
748 1941
1060 930
1210 1683
276 672
188 910
164 1942
527 472
1119 1305
1190 1552
791 1395
372 1327
1460 1908
1798 1742
832 46
1000 308
1802 1070
414 1016
256 242
596 1044
1764 378
1831 1636
1685 1224
714 1358
1430 1832
782 156
1534 1806
442 1207
1085 928
1060 1506
601 282
954 496
512 1750
1165 559
1824 1224
387 804
28 1260
1360 353
1352 760
606 1686
910 205
1376 610
102 1148
114 320
392 1329
68 132
832 1785
1798 1238
528 138
960 1264
1237 1118
949 1256
303 44
1470 454
155 1529
1939 1214
1248 994
688 1904
786 618
852 761
112 89
1512 1044
80 1602
1472 584
1280 1523
562 1024
400 456
1680 512
1674 562
846 1186
2002 1976
1630 1508
1243 448
1248 168
312 1988
872 1972
582 1544
1046 187
2 182
852 61
2036 1726
1074 768
410 176
1384 1532
1384 68
486 277
1438 1216
1104 2014
1350 109
244 613
82 1969
848 1856
696 912
279 130
1040 1074
1850 996
680 0
1937 476
1530 1500
638 1650
346 2002
1856 1116
1870 1196
768 912
18 1808
1002 984
320 1944
2018 1390
1648 1196
672 1070
103 1103
232 730
488 1534
1024 1527
2000 263
132 1170
605 1350
27 1472
1976 1903
433 1084
1990 12
226 1640
1792 209
656 1242
1107 1560
607 1172
700 846
201 1035
1280 800
54 496
1678 1599
1058 1148
64 1815
1536 1912
1363 1916
66 336
68 12
1744 1636
178 1945
202 714
958 1052
500 384
1228 771
1751 1891
488 892
1550 1392
1414 728
424 741
394 466
1159 547
1328 352
784 1742
1298 1568
1984 185
1117 1992
556 1746
658 1439
936 1381
1926 1111
468 1052
2039 1876
210 810
50 1288
1572 666
377 1568
60 1534
326 2025
376 772
378 1620
551 1672
831 1002
1072 1920
1187 496
1642 956
281 1836
1598 1858
32 247
1233 140
1162 341
1948 1220
1376 967
710 1349
1882 249
1794 58
619 1504
864 906
2 1710
1636 1368
235 1730
560 1444
1184 1837
23 1134
1470 1871
1756 8
368 1052
197 1874
1960 1868
1837 866
2042 178
1344 1112
1863 590
127 377
1608 1133
68 1642
128 1439
98 88
664 2032
1056 258
1428 172
72 1960
64 232
888 1742
458 0
1184 1448
140 1864
760 688
120 1144
1643 756
979 1686
1232 1744
1222 644
354 1802
958 1296
274 130
120 70
640 1280
566 1193
1357 541
852 1032
562 128
104 382
1532 728
1670 689
31 806
1396 390
1863 1996
274 1240
1660 890
1336 927
85 1558
2000 1112
527 2020
290 1416
1966 12
1524 282
1848 16
1228 1277
952 910
756 1469
692 858
1794 1536
1702 828
455 1606
576 1952
752 1831
1184 96
904 94
736 296
1064 1994
216 1110
1168 974
1164 1247
1392 272
1400 142
1047 2020
672 1140
486 1806
1295 929
128 972
1024 1896
922 1924
1446 72
852 674
656 2016
1520 1992
411 1726
1770 168
1041 1680
1577 1928
1937 1116
1666 819
1474 1329
1258 421
512 4
314 72
604 560
26 1113
670 1424
850 1161
1782 1618
968 2020
1646 584
1664 709
1626 690
1694 329
136 2009
1904 804
516 238
1810 1240
1172 1414
688 1143
1011 172
1613 97
2010 450
468 1104
156 53
1450 540
979 1806
330 1732
1006 1532
465 1476
1528 975
1717 722
5 1284
1894 1280
979 1766
1572 272
1828 954
1364 1591
988 496
992 2027
1894 1330
970 934
489 1146
1023 280
1356 1768
1841 1626
1264 690
682 252
720 312
682 61
1108 618
1386 490
367 632
302 64
704 705
1536 1938
1488 214
150 852
342 914
860 864
1250 1656
595 256
528 50
461 608
739 1692
84 1080
956 182
1042 928
1059 1408
160 1680
1117 1858
1916 340
944 52
720 994
1440 1154
294 1252
999 128
2044 156
834 1792
1618 1640
712 298
1888 618
1312 666
1554 60
1580 1818
821 340
612 1270
1874 206
1616 1572
880 1330
175 284
1345 862
1240 1068
1792 1730
1842 1159
72 1318
160 558
1400 92
123 136
1946 190
1454 866
304 176
876 1841
944 1854
1955 1874
1451 318
182 56
496 1638
1022 1040
1056 1772
1356 140
26 1379
1520 1151
1538 1323
720 1752
1748 570
338 1588
48 480
176 1556
994 914
201 1186
1761 1662
1934 1344
1726 144
1156 728
790 1040
236 1815
285 2036
752 809
568 657
246 1464
1712 1184
1531 1539
34 896
268 1724
1045 1441
56 48
640 1704
30 1254
64 271
232 1920
1533 992
1405 1608
1790 482
265 185
1377 1706
644 904
1530 799
1794 1308
1079 476
785 1792
335 760
460 28
78 1156
868 1308
736 226
1562 1891
1293 1800
1468 1560
1500 56
1736 1980
232 894
320 1300
1104 1578
1942 276
1724 1252
268 841
910 926
152 1781
1175 1666
1514 1640
1398 1436
560 536
224 1932
104 1877
693 1840
1279 1512
1360 2031
1028 2026
536 1332
638 346
1196 544
1416 1928
1203 739
1274 1382
107 1654
1779 1440
1040 1209
474 1751
1700 1823
676 1628
1699 1036
128 665
773 608
1742 1621
1871 876
177 1641
1381 1128
1834 1158
112 1944
1363 1648
1941 629
952 120
1463 1632
22 1000
32 1588
1534 976
244 1742
234 164
535 842
106 1200
140 1289
113 428
700 440
1828 1216
1120 1868
172 72
971 1792
720 340
1732 284
824 602
1800 1897
546 1540
38 51
1652 449
1159 1980
273 107
150 310
1584 480
948 709
1057 1034
578 847
54 1016
1504 1098
904 1005
970 1778
226 1504
1282 1209
120 476
98 1286
1998 960
826 1442
528 1386
1142 1961
2015 1660
1833 1752
782 2040
1752 390
126 991
435 1797
1001 1803
334 1152
1024 798
984 164
1746 1262
1120 155
949 928
1020 348
1027 352
1385 334
444 1654
835 629
1780 533
416 1600
850 1654
1820 1993
804 2025
547 1436
1934 1104
1973 1728
1604 1703
2025 1460
507 2003
1840 112
866 703
132 1910
1352 1928
6 1711
1740 28
1163 964
768 420
1128 342
278 13
1994 1356
486 582
800 984
276 1003
490 254
467 1408
116 1232
1407 577
180 1827
2024 1247
688 1272
1544 1642
694 176
848 1044
1516 1644
1749 53
1722 984
1556 928
1086 128
400 800
1321 438
1295 484
12 624
1488 612
322 1140
2014 1116
1250 118
738 1747
880 639
1457 1894
1351 679
1944 866
868 522
1762 700
1010 640
112 896
560 1753
1658 281
266 383
421 494
1964 788
960 1166
1589 1562
1240 1283
21 992
1856 1130
1364 128
791 156
1094 1687
1272 546
960 329
870 2018
1392 1040
1002 316
328 1362
564 1693
1654 292
956 525
888 1208
860 1134
1474 301
1536 1489
1832 1376
176 321
1523 1108
1225 1250
1187 860
870 336
1248 927
150 1456
1656 660
608 616
62 1480
1584 1472
1788 336
1632 1868
1288 992
1776 516
120 1619
612 1280
1916 1768
424 515
392 381
1832 484
1480 366
886 546
742 1054
2032 194
1532 135
1626 194
58 648
1904 1516
1694 660
912 693
1084 329
2006 178
2018 1602
1072 1184
718 1344
81 740
120 636
991 1084
524 1978
1367 211
1142 694
1700 1976
1165 593
128 696
731 994
1971 1068
400 47
924 80
396 744
1464 422
660 1162
658 668
288 1941
1089 1166
265 1841
1592 1782
646 457
648 1068
1610 1552
975 980
485 508
768 196
60 708
1944 2042
195 111
1005 566
616 1030
922 1622
1766 945
1882 206
896 1824
1576 1915
696 1536
317 1734
1232 961
1654 1006
941 1550
114 542
1774 1954
2020 46
100 1041
552 886
624 1967
1682 552
1468 1444
1798 1534
440 1272
1034 940
1277 1426
1301 1729
1260 711
164 1932
1610 847
480 144
1898 601
1324 61
223 88
1294 1360
1286 476
694 1792
22 1964
1748 737
1704 432
1756 1740
1235 1312
1400 1295
332 1130
713 1894
1504 12
365 1290
334 142
1536 111
632 139
84 256
1089 16
548 1030
413 2024
530 228
1378 1341
1238 1372
444 1849
1154 1800
841 1408
1124 696
688 1920
18 147
1242 429
790 1919
1152 1396
1898 8
1770 200
433 368
1249 1576
976 1661
1968 1864
22 2014
42 1216
1261 1232
1778 1317
40 1021
1270 257
1148 1840
414 1792
1696 244
860 681
1134 1088
836 712
948 134
964 440
1353 623
246 42
1342 1694
696 440
837 1256
1569 208
1024 716
1382 644
154 1995
1734 611
716 56
1866 1034
370 2016
1474 192
1175 312
550 520
1176 1827
325 1936
1682 1718
416 1936
144 1532
407 934
1842 34
1977 1256
376 1613
314 684
1231 392
476 1664
384 1867
612 676
256 1896
1584 1880
1114 1552
552 1652
1745 180
1300 1775
1520 349
386 1594
1025 1664
1656 1687
52 744
96 1010
254 970
553 1880
1712 1478
1480 808
491 1305
860 124
918 270
385 1272
192 869
928 864
1948 576
1864 717
1458 1287
1112 1458
920 201
673 1170
1132 1752
151 108
130 1137
1632 1840
1834 1559
1336 1186
1895 2036
421 1381
1316 1500
746 1103
1222 436
655 1421
824 140
470 1060
1520 653
340 244
198 1744
248 2020
512 72
1246 1894
1700 1548
1688 1131
1238 624
1984 1536
4 842
986 1992
1632 1512
1270 1182
1522 258
972 1586
1361 1254
1016 2004
1908 1039
1772 1932
784 744
64 300
1932 1974
1728 930
872 1524
992 704
210 954
1720 1046
622 470
1609 133
18 466
1078 1344
456 1349
1296 1587
816 290
1036 403
1232 1530
1759 1620
765 624
1024 1712
432 237
1709 1284
835 1316
1770 1124
348 1046
1648 238
1710 92
564 1862
1832 328
344 612
1139 1078
1454 1624
472 1514
344 1696
1012 1504
1407 1223
1753 2012
1001 1263
36 704
1824 243
1772 856
436 2028
1477 1816
448 1585
1721 1347
592 12
1768 1667
1808 1400
1932 280
53 480
1430 972
203 856
826 87
356 1556
1137 1219
1191 674
1048 822
923 709
1812 866
214 324
1884 1192
1396 1744
1488 1690
714 960
1176 1035
770 21
779 714
1024 555
109 61
160 779
81 1275
854 1346
1640 1100
1394 1466
784 994
1445 1676
142 101
1340 1842
346 1856
1148 1946
1554 920
909 760
864 1173
691 260
180 1286
1599 759
656 1580
1680 1879
1920 784
1634 90
130 160
1882 432
1499 1943
1624 1864
192 1984
1092 1560
492 1224
318 1441
1561 2019
284 992
1892 1616
289 188
1060 38
1752 780
1248 122
1073 120
532 1484
504 442
2030 984
1552 1556
32 900
1140 766
1891 808
115 370
689 1727
1557 648
1119 498
1972 1442
144 840
1818 1984
369 1816
1580 334
1298 1000
515 1236
584 128
1401 1061
1869 480
1589 1470
874 484
1906 960
1664 920
1334 763
1921 764
594 1667
2030 1530
1296 1670
464 1338
1848 1846
1104 1628
800 1863
1390 349
1732 780
104 133
1212 257
812 276
1756 1962
568 1232
392 576
1259 840
240 1527
1248 1348
406 1508
1790 1885
796 1680
1560 1704
952 1596
1192 52
1602 754
1449 236
1303 578
231 804
1376 1370
672 436
1928 838
1010 28
1448 1742
1860 1302
1080 209
1810 1208
1762 1060
1004 301
542 1567
1986 1280
854 1472
30 790
1655 1096
687 528
1902 1496
1971 720
975 440
476 66
330 633
49 1904
1275 512
1268 1904
42 322
1736 672
1766 1818
404 1129
297 1940
1914 1088
1902 414
1464 859
1656 309
2010 114
1496 1096
284 1979
246 396
1574 1183
733 1862
1280 1020
272 2047
43 903
582 632
952 176
329 1468
361 521
822 293
426 584
1068 1415
160 213
1922 468
1396 1204
1200 1068
248 1592
789 820
1223 1922
790 1328
1587 911
828 258
504 387
809 550
352 612
1035 684
169 363
2008 256
791 576
2038 769
1416 194
529 1410
1450 1455
642 1408
1784 216
1880 1242
283 1404
1181 704
1340 281
678 524
40 1665
576 64
256 1113
816 1877
1264 1120
197 1033
55 1924
568 129
1748 956
1508 1737
1424 1552
1850 890
1324 1472
1960 1670
860 540
1616 1542
693 1862
154 1272
944 588
1102 260
2002 872
460 11
737 899
1134 900
455 983
750 1384
9 2024
312 274
390 1969
113 392
660 1753
1021 1940
702 1688
1684 1643
679 1707
1714 1280
1672 1006
1408 2019
1044 1054
332 1632
1465 828
1685 1897
984 1104
1718 1904
22 512
1794 989
1191 212
176 1741
8 635
1432 208
690 1571
40 480
384 1091
332 1500
183 1254
1500 1388
672 1635
1312 304
1164 343
1120 1632
1364 872
352 1808
1190 1124
74 186
1943 1453
1800 1160
668 1484
1068 784
336 167
469 1868
1585 1006
938 1682
1452 992
1670 273
1886 123
608 1956
1766 1556
1092 1862
1020 1230
1883 140
144 1256
1682 1993
1655 2024
1180 16
783 31
483 1878
952 1568
1872 576
1232 1394
1361 1590
1512 1053
288 1680
1583 1812
352 298
1854 1406
22 686
1656 53
1404 1152
317 1786
1434 1448
848 1960
774 1584
332 1343
1824 216
1499 68
1578 1164
1570 1132
546 1336
950 986
1878 695
1600 392
1888 1434
908 98
1139 1959
1804 1636
1472 1822
27 1496
1741 160
1408 648
427 1170
699 182
568 746
498 465
1082 118
1184 1088
338 1816
1942 1182
1440 542
363 322
1951 1522
278 290
1970 550
1385 1112
1282 1116
1384 1715
1412 575
1238 424
1652 1382
1368 1504
2045 1544
1727 576
1988 498
1788 1831
2012 494
1705 589
821 436
797 1602
1787 550
1874 1590
2024 850
1947 1868
1192 848
1142 1240
1073 1254
281 1220
1207 460
296 1385
109 938
806 1576
974 1859
339 992
1402 687
642 1876
1121 1284
1020 442
854 1004
2005 668
1252 384
1998 1856
378 2002
1366 435
251 704
1908 556
16 120
1848 20
891 1556
1248 1444
848 668
1334 1788
17 1478
72 1168
656 1708
536 337
496 1056
1557 752
130 1256
888 1582
64 1019
1942 453
743 1296
1111 738
160 938
1946 820
1489 1682
1606 1112
0 220
931 1640
1642 1317
1465 706
466 728
1440 388
779 1116
1468 1448
42 1262
1119 116
1765 1190
348 636
146 1673
1662 877
1670 1572
1320 1931
280 313
2012 952
1086 452
1956 944
166 1648
777 1036
1315 1210
128 1012
572 1819
172 136
262 985
1477 618
662 96
604 72
1684 1492
113 48
1312 103
1705 792
14 837
649 0
1371 1472
112 544
1451 1400
848 1808
1922 776
482 1108
1516 1281
148 1766
1775 840
1805 1224
894 1958
2041 54
1451 1808
160 232
1612 1208
1952 1302
539 126
1760 2004
544 1
809 1648
468 146
366 1808
1865 397
329 1472
248 1028
1104 1312
1846 1364
1634 18
832 376
1125 764
1012 1664
1036 1920
391 278
646 1216
496 1348
1388 998
554 290
664 0
1637 1216
1028 692
0 852
1004 876
1733 652
726 1432
158 1026
1328 386
196 894
1151 1336
756 1276
897 894
1042 1109
2040 962
112 879
1645 558
313 952
0 128
679 1456
896 112
775 915
513 1616
1516 1679
381 1922
225 1482
32 1248
1049 1528
790 588
424 1776
1687 737
1956 1116
1036 1258
194 1000
930 1965
328 1617
1792 840
960 1175
301 362
972 2022
1280 1726
1242 1532
76 1638
1818 278
655 146
93 438
864 184
1224 422
772 241
1768 1482
103 166
853 1032
1026 1720
118 1867
1721 309
474 1815
72 1664
1540 718
1940 1028
1251 101
278 748
178 1594
678 1680
127 1652
801 12
1550 1847
9 828
100 908
760 286
448 124
934 1398
1551 558
1168 1464
1407 1438
48 133
765 1698
617 1560
1312 230
1756 1928
551 791
1448 1692
1440 792
1699 488
2012 1424
1296 1252
1415 1072
580 1352
808 1984
1226 1960
1392 2041
180 1641
1272 1652
824 1877
462 583
999 310
1934 632
1884 258
59 160
1772 212
1930 1400
330 1032
1324 288
560 1883
544 789
544 1769
1028 1640
1588 1216
1736 217
546 1714
366 388
1766 1784
861 917
1584 1344
940 384
1380 288
776 1968
1272 442
781 799
441 1670
342 1832
347 1618
924 1681
904 1916
1887 1918
1466 1760
1745 1641
1676 808
1550 1610
1024 488
898 1152
1341 407
1352 1605
1122 60
379 1190
428 804
498 912
708 1593
426 458
1133 1200
1707 297
1726 1438
27 356
1683 1804
1283 680
1056 1466
1464 1656
1862 1968
1271 547
133 1126
472 2036
1626 1268
518 775
1374 1912
1002 1610
784 684
1340 1524
616 1477
1584 982
370 475
1424 1096
1964 122
1632 416
172 807
528 897
1218 954
574 1936
316 1808
1072 560
959 1629
1229 1360
911 920
187 530
1084 1376
1386 1888
1616 1582
1964 224
401 1575
813 1770
1404 658
1813 2
1898 936
2028 1644
1264 1334
941 28
1078 1280
369 208
1120 1708
1836 398
2012 579
1102 530
630 209
4 1654
720 1826
1352 1084
686 1404
857 1696
1548 1509
19 765
1468 1725
1186 1001
490 1724
0 1756
268 1988
427 81
1224 448
138 370
1816 116
661 37
1622 886
635 1035
761 1818
1074 1094
2010 1855
720 455
862 196
1514 776
