1000
282 356
403 412
400 261
394 288
415 238
178 192
489 472
79 0
212 398
404 366
12 4
211 452
138 272
272 252
164 279
192 41
96 61
332 496
328 456
506 301
141 407
496 288
109 169
440 14
266 36
308 364
357 216
273 0
395 417
397 152
240 484
0 432
96 224
144 312
219 164
296 155
20 44
50 424
231 221
275 289
404 228
74 367
404 284
384 464
54 499
488 488
256 318
252 51
46 0
382 404
108 183
28 225
118 157
334 95
44 393
384 14
216 310
454 105
332 464
175 308
18 336
388 382
108 483
248 0
336 17
412 20
254 82
320 346
331 90
86 319
28 498
390 20
313 31
2 338
180 354
192 218
444 180
184 389
448 107
336 479
83 406
393 240
145 326
117 482
376 64
446 126
46 336
338 368
274 458
412 154
182 58
280 88
67 310
21 24
66 356
188 21
26 462
118 44
48 206
12 223
434 486
443 394
124 416
100 360
434 456
468 32
366 456
20 374
213 60
16 36
484 6
276 432
334 460
388 470
354 120
360 64
349 239
361 32
464 338
413 208
309 10
478 56
302 320
264 160
141 305
294 13
509 49
412 164
384 510
100 304
283 186
329 346
472 496
110 233
40 174
465 175
21 316
150 118
4 240
298 254
126 424
106 76
440 340
400 192
282 395
272 24
76 256
255 398
336 344
336 2
256 432
12 140
153 80
409 442
6 364
104 236
328 158
32 256
347 269
478 12
270 384
40 326
400 344
496 338
96 208
106 188
98 400
451 268
160 257
248 163
271 311
434 196
260 452
144 395
222 35
384 448
356 120
368 91
484 140
205 404
137 469
152 333
62 420
302 507
87 359
146 157
448 459
98 124
229 220
241 264
502 248
96 11
2 374
308 40
290 499
380 32
48 460
264 166
396 108
253 316
71 211
170 164
128 148
16 28
192 32
317 42
128 379
42 228
67 226
346 511
448 80
72 246
232 142
184 184
168 31
319 87
0 247
340 364
439 9
432 232
271 55
270 290
437 290
80 208
355 159
246 367
424 388
364 66
470 221
399 56
172 284
64 488
47 439
256 456
466 197
323 113
400 384
20 337
290 460
116 236
444 486
270 320
317 434
264 194
148 11
380 379
175 242
492 16
504 228
338 0
180 224
40 376
314 508
18 445
408 448
164 160
344 454
362 83
434 307
462 252
218 402
329 263
339 212
8 272
508 13
232 360
328 383
299 128
324 216
426 448
153 456
61 272
480 396
120 470
424 132
193 499
140 280
18 152
103 388
138 308
64 42
336 474
376 457
174 360
88 504
442 408
240 167
281 300
357 288
69 195
442 212
309 474
400 348
441 89
256 218
72 131
185 265
96 280
469 256
271 82
69 506
27 137
207 260
195 59
64 164
448 174
176 311
262 327
466 156
22 426
130 372
186 329
210 280
424 216
313 359
160 351
189 444
190 313
218 212
504 172
254 144
498 366
296 344
498 156
96 14
370 248
224 72
292 264
206 203
10 22
320 262
279 25
502 340
327 413
98 470
328 389
505 152
510 228
392 9
248 4
12 240
105 15
217 40
167 249
36 368
36 416
311 342
194 256
0 454
44 345
359 226
308 31
45 303
44 16
148 224
256 194
17 182
456 4
494 177
352 412
450 170
56 134
39 460
484 102
56 451
0 495
198 156
241 73
134 341
96 444
435 368
227 148
462 99
274 238
186 472
482 468
228 146
256 26
502 96
443 380
122 353
459 393
4 165
30 212
142 356
408 382
418 188
424 283
4 11
188 76
320 158
444 120
408 326
416 466
307 354
92 13
196 436
470 100
415 140
180 112
440 232
282 506
260 348
26 90
104 307
327 178
316 348
90 158
80 330
319 289
480 278
32 272
250 428
336 314
203 333
152 198
414 54
218 429
504 352
235 351
288 67
358 444
127 158
64 99
64 343
416 191
501 2
288 441
371 504
306 174
148 127
92 188
144 296
160 508
490 420
68 16
45 44
66 166
30 104
349 430
384 164
216 480
206 415
120 464
326 448
342 272
403 244
476 180
24 400
207 396
16 111
449 361
134 313
433 54
104 128
125 108
463 331
454 488
430 344
368 460
272 448
162 332
14 22
212 102
408 256
96 24
320 336
104 56
380 272
184 304
111 122
435 156
176 2
304 140
190 304
224 336
32 144
468 275
0 332
240 192
256 480
253 472
302 504
64 327
479 160
336 44
382 399
372 217
243 28
156 308
201 41
416 194
320 460
2 352
208 30
416 51
258 8
306 242
472 172
280 423
179 186
56 368
50 116
188 16
24 492
103 207
34 352
174 191
388 368
424 214
404 142
405 186
5 188
140 275
184 83
460 192
334 100
164 208
186 152
108 459
16 323
30 140
78 486
498 15
198 46
476 332
477 472
129 16
317 472
474 88
74 172
67 299
288 152
238 292
174 136
428 202
424 128
253 451
158 199
196 370
150 344
436 307
195 408
448 468
312 298
244 45
176 378
46 181
272 298
284 440
48 168
164 131
327 488
416 193
148 284
2 288
266 19
511 315
380 168
364 287
156 28
38 173
85 131
71 303
56 336
293 34
302 312
424 89
157 188
384 256
398 433
344 272
192 37
176 416
148 448
412 179
240 390
176 322
416 220
328 501
459 218
282 303
9 91
480 40
256 48
288 26
0 480
306 51
432 488
106 139
480 128
192 256
306 416
450 344
180 444
24 370
368 240
391 432
260 91
461 128
249 254
249 42
58 228
92 448
160 56
0 335
102 314
320 9
118 141
384 224
328 256
170 140
402 498
331 32
132 301
458 491
464 392
448 140
237 441
342 249
405 252
80 21
268 296
272 381
264 88
308 14
73 382
263 66
432 44
330 485
4 143
432 132
188 148
72 118
333 484
188 300
256 280
112 304
272 273
208 225
382 427
265 192
109 499
469 472
184 409
192 279
444 374
283 116
144 49
299 202
48 456
256 68
220 53
416 236
148 198
15 204
313 370
316 234
508 356
159 444
0 277
207 90
494 464
32 328
346 282
72 109
444 129
132 295
466 430
244 464
204 422
112 356
15 264
469 300
168 338
400 357
284 473
461 394
346 219
168 176
352 491
69 88
375 152
488 86
412 94
466 98
98 436
192 52
400 304
252 498
471 41
53 196
336 90
202 220
14 63
288 226
239 166
161 22
144 192
84 66
126 442
168 327
336 32
4 92
395 64
168 308
90 148
294 101
368 167
352 48
128 416
341 356
488 244
450 256
200 172
220 48
74 192
152 275
384 366
142 128
76 238
352 208
254 472
456 130
392 416
356 180
172 151
471 36
114 447
81 308
11 4
416 451
200 96
347 286
340 400
80 36
154 298
64 76
192 207
224 246
18 440
180 359
504 508
176 400
74 414
494 329
325 504
339 315
432 202
176 173
481 404
350 217
421 504
78 2
179 96
392 8
111 8
8 331
265 392
194 24
335 72
328 20
239 16
88 208
238 128
458 336
256 105
498 274
288 317
496 326
111 76
186 272
488 499
180 91
432 388
268 485
173 174
411 383
200 102
151 160
341 262
440 336
114 439
108 232
6 50
66 218
347 463
208 239
22 125
80 264
425 35
279 2
341 320
38 490
351 241
52 208
246 296
16 256
257 256
292 377
161 362
327 104
288 449
93 385
20 296
248 440
80 22
256 272
0 198
268 104
262 161
133 266
264 182
359 186
89 159
44 252
402 485
355 498
153 56
14 259
52 352
483 360
431 284
324 195
288 453
496 250
460 175
468 506
509 128
402 369
468 424
364 172
12 92
450 29
496 392
128 444
252 130
401 128
368 20
105 390
31 381
486 146
56 400
440 358
136 481
88 199
22 406
388 239
76 384
78 16
136 82
438 480
354 398
498 78
80 232
300 408
406 332
124 67
388 432
439 0
226 200
47 276
24 60
448 258
19 160
149 488
16 200
475 494
468 352
56 168
368 372
21 242
472 318
14 42
410 408
306 60
158 140
112 226
197 194
460 56
102 98
367 192
168 68
472 336
186 435
60 232
114 465
216 164
192 488
150 322
373 28
292 492
252 231
432 448
354 256
288 0
48 164
354 115
384 485
104 291
8 44
32 182
388 50
5 461
47 192
19 489
260 76
76 395
489 335
125 0
80 60
215 26
10 84
192 97
306 335
28 256
131 133
507 279
363 478
1 400
261 392
431 252
320 119
496 460
388 418
368 203
400 468
248 24
453 316
260 56
162 170
372 488
92 164
88 29
144 276
243 84
382 124
100 286
256 312
345 434
238 511
392 406
114 172
347 442
75 495
496 46
134 172
435 371
268 304
46 138
256 405
160 188
86 470
392 54
358 473
446 273
266 208
150 460
12 196
256 470
302 0
354 172
112 344
205 505
423 118
470 154
21 17
232 96
234 298
322 106
222 226
485 484
476 343
194 266
164 434
343 168
80 462
450 424
180 473
35 468
370 384
297 465
144 145
34 314
313 441
32 85
314 296
84 473
110 112
78 12
406 286
426 382
89 24
374 309
180 13
416 0
380 304
103 156
223 109
76 270
