100
224 140
192 199
164 92
2 38
188 16
197 221
161 0
207 13
128 16
151 232
60 9
188 200
52 83
124 202
117 126
208 171
12 23
126 116
150 18
28 22
0 88
156 131
12 85
6 24
228 188
49 238
14 103
44 119
179 144
22 21
97 96
192 232
128 116
200 236
137 61
70 210
186 236
244 194
120 224
112 180
14 83
70 67
82 144
152 190
13 0
8 100
220 110
232 142
228 176
128 8
93 92
2 16
151 240
246 129
162 28
66 88
249 52
130 144
73 250
8 104
137 53
36 128
132 160
210 207
0 215
224 155
100 204
228 96
82 0
189 224
33 150
82 232
220 136
168 172
190 155
92 77
48 145
239 128
154 164
6 43
48 70
164 144
241 201
0 176
72 103
48 106
42 255
128 94
136 64
198 229
148 77
89 178
9 1
172 80
175 147
5 56
6 48
7 176
70 165
246 200
